1000
741186 210403063620
285014 53780471713
542743 130667926437
859076 630942341601
588259 169889022051
840616 336699603129
160239 2793711620
660616 10172092955
273971 47591706373
773828 284540240210
480448 209026443342
900683 505938050827
26493 449225047
690554 405220293578
817783 442681036825
997717 285825961886
390119 6851944745
781160 195029825635
17887 132795494
668619 19597112658
939431 682460022731
587017 52084303355
764552 343651517534
39528 299403099
766336 556051689049
48537 1759976996
597351 72935636874
578337 304151397521
2631 5376961
252053 50940878647
118298 5796461563
36108 1132509221
736862 264137683996
264263 17699411768
996874 610154282168
224479 45398439746
483584 115151925113
270354 68047956994
637322 396253428883
506862 80249442430
831865 99669793640
193185 25363503810
572887 266598882062
494437 82623210371
374506 108222974229
927390 44237130608
478020 92336662866
547129 207834575470
674231 379369599608
110664 4540990756
573749 9183834899
746525 377465677066
759397 242836854661
140687 12991856194
234022 16334722228
488081 4336245541
398166 13350511321
576102 16734238211
769735 451153000939
986483 130104211850
700578 132847037091
886046 428659249428
932335 367728244983
864747 666727032806
916219 164039659663
87907 1138780602
435664 118856727618
618037 353955403189
480745 136683360818
961715 6255541505
401211 113472252316
212192 7304602343
319667 80482068422
723884 495238807628
969530 371430669418
109980 3679570751
929948 273224907954
783481 546896961883
848897 155286492530
280215 63479691612
649920 245089897784
418213 55942332485
661213 166260726195
843143 409467236942
185555 21113899913
416902 18366885753
440527 149583423579
417432 52821314700
678423 243297010344
695021 465456701129
983493 180936599127
970806 881071972182
771870 99072071961
912940 15742708103
960486 589500454936
118649 9551435755
700899 427447615760
20031 178447850
998317 82689250247
681502 411856125845
365778 32743371346
255630 15595256368
617684 248762009389
357786 56787470538
21371 132323809
18139 7494641
256651 46750628634
192500 26234506507
9658 42281487
294465 69999308015
313968 15620494089
540387 65900627692
323455 17056630556
974469 99866655498
782653 555859658012
210987 5165558058
502821 100960931404
143983 11247946827
84846 5381092010
533734 52018213738
224756 24031420503
950468 698021591488
68545 32552991
76750 1605785804
140236 1346741554
831798 100944451232
820464 11588086742
337266 96969084578
534233 222574071756
871822 473662208198
332739 7576743355
227373 41067533768
423004 34939323897
667894 87883017115
45243 1157179180
554063 12364604638
930307 534051485601
980681 278909831542
918551 639459658320
153332 1557818421
287992 17282376273
325699 23565451819
81374 6377319641
465580 145687468689
375158 9583095917
325191 2298007949
190936 19151718625
969545 229030142189
125913 12379224072
582232 313067233871
484277 128828060009
681912 120556318309
479615 38636650596
497372 18085351746
309991 43310831952
52537 894157528
82043 4697026408
618387 313865632644
391318 90128199954
455708 69452586726
950067 342004461635
696112 386180832702
152046 22815063271
733761 227961308835
787501 366798274134
681558 312778531116
353640 50408817012
163376 2847389723
239128 4392280110
888316 678095658685
21129 106828018
18851 133454817
77042 4555858298
929261 676206224752
482685 38304475745
259189 36807554875
847728 426797001275
940050 679243041618
577098 83112948993
732744 242206350415
10477 28093524
863225 444150532092
337337 108244797803
282065 1046864989
580847 277648356005
425367 66823355286
165149 18515045072
510420 163065243344
248326 32257512596
616578 61111021192
213305 44506581466
938557 497114715198
790783 516398633765
149599 16646414971
266441 10156110808
71506 4195628192
993928 898621117323
41232 1612821508
989868 130833712642
28316 116805828
11994 88057992
488265 19242597561
135697 6464500129
250913 46273981573
737057 371975726164
891501 425859181640
771561 461590340998
37477 530381815
762883 505076000641
187865 18906564812
631142 349137585305
989870 355065490943
684852 116109062894
585571 124159983939
186544 21364899820
469557 47472947028
988334 233428196054
185186 21554738913
320751 9539916352
690226 125444960577
189882 11820941338
53439 748855385
128225 4735350208
909891 482882058810
841740 562505996766
486550 74711973824
566566 153349167846
22023 397197287
281024 7505709209
723200 116704746891
70814 1111225541
115153 1831693405
687952 377359667996
813228 145368098062
838866 592370815235
716515 431727355523
454676 121748193432
907927 87646155503
445451 121032317299
225629 38817336838
430754 108353765951
774721 475537805224
250914 60906874537
282457 56968752798
410505 23377168879
806542 519401739688
978941 134083626170
363702 39278392862
610153 315812011759
109580 856609604
721886 18030998264
653967 219148472247
456586 172109168599
331607 102524345313
247500 40382983112
307084 2182213591
799475 327955570569
679884 52052784050
617534 83566591086
399869 118142887457
747363 18910639901
838872 342393896820
140599 4708819126
154916 10841449611
859 583330
399811 108675395728
624236 1115286044
650824 174865739749
182141 25495905502
828474 410366137437
97343 7345344078
155528 18068695951
792387 506014139987
249815 35412389284
238712 14632061293
893037 34959683304
23716 61554757
732694 192792703117
302361 75512414810
637926 302217722271
245841 14526240384
771458 77424981495
504181 199640822241
828395 580891252330
858259 424835447609
781786 326646670441
181460 12778675438
432117 158309792569
845877 536164271953
20380 286351394
412440 73403008974
677361 376504493226
944805 786050797494
408372 79999055502
137366 15971457422
842448 325895491065
921838 431576859210
713805 331185810972
834305 614395769481
284816 37168158491
591424 169784339675
85130 5901769560
688230 290096678334
779497 407450086367
923523 393580420084
834906 169468157645
818922 165401621090
915353 2033914021
845670 274715257115
998517 535722355702
921713 280992708689
815246 63158167047
52133 794258372
465771 201760007298
192336 34129961008
535225 280738378749
38202 1341101895
132841 4120644130
222214 37054265612
958870 789122759073
719199 255286145835
128497 5863789001
483763 157794471125
620041 122405478777
391377 90693744388
827304 224413093891
878964 289409607535
584259 268688503053
135800 14630423694
829813 225658528345
960325 285193995279
83669 5608652655
801413 98471014295
427882 9941285193
207421 34654654272
746426 213048205643
978787 70227172189
817161 494755185763
743331 152819538474
966916 122084422151
57592 1396700523
924432 560254640277
29547 210631870
954900 334083786144
206170 31327800341
618864 33277684358
234317 36736522887
242117 5294406283
669809 199146675635
494867 160656753303
784313 481931327485
514210 25875501771
991492 428909409520
664899 418214050623
757661 229378285089
917146 26737307188
112789 1877323711
447296 127727457339
791180 158959858625
537535 256352223909
749394 256168993375
292293 51502242081
323789 85678559826
929456 97881074102
426605 174896322787
942409 262388309951
781495 530352561381
452308 57016069014
453893 197979217406
672964 229994538515
849120 274957560174
461527 154615054400
194945 11123280419
722947 501840838585
169886 26097290074
267266 28043310986
807390 411678799458
893677 312502834601
819866 521612119715
528063 141437973746
587338 277696020180
114254 5426825234
680180 16427168982
972467 24233684453
556157 262190297510
289769 15803103977
802275 319206207808
657498 144164588659
94744 8841874421
834536 509487293692
383245 67813743608
688208 437965459688
88740 1654032572
871713 698930128257
537747 61612623647
286748 12304591380
403052 59427132639
219141 20133098908
405441 13676468491
336031 44470111826
798761 398390473561
713645 506898765508
271376 16165009566
780167 281753005441
177105 21887672793
887178 447693133500
58421 1128056736
991974 549739739150
127161 13741392344
495693 66260483833
307845 43902975409
693228 420725597531
529228 166336593996
119495 5508505988
718486 129208540781
831264 518066609815
58778 119398435
975867 628121079788
661536 18450765021
187277 28612085632
36739 1345492115
919023 188296498774
909030 802922674425
324361 46070181811
946017 726742658819
380133 84864019004
648106 194795093986
569437 273709651841
854089 234596617578
699816 453294242020
285818 58323738590
66030 58168866
113252 11682001397
596900 46967614255
281643 2469767508
559268 196803489842
985347 679399207583
795214 399578879167
979841 85861128281
941878 455953490314
58187 343557628
773874 242924445656
643104 407075482855
866009 367964296751
834768 534464251036
110378 6322277192
389058 123760528906
877999 328552276085
652969 153259567104
135112 11360903264
28595 387428554
334198 98140594441
145522 2495744055
428196 180395318228
766560 304799156136
202305 8754958874
248806 6430131299
565869 249324482274
17613 268032676
792867 404192568876
424688 32224516436
378155 30870651407
187545 15692107980
194172 29637535105
920424 311728892540
243084 55570169958
563713 136109448689
85760 5719919251
155391 2214969528
764600 167694136017
951826 596331016068
689258 443957621127
159936 7643756766
934228 785099710369
731242 448077103637
779230 369459462034
501441 133844837283
86789 3157980968
133058 17676163588
179825 22181694141
308035 53426631821
820836 108397584570
770832 34689576903
337092 78959680045
104243 1008471686
325498 45511512848
861640 547870657971
545385 256493219115
115070 5079096555
777023 586093035289
916807 324331211471
558514 286301305427
836566 251244572171
461794 90399561199
674327 243146032372
99948 3076891113
740336 509481280214
783224 82062016538
30705 745966238
646902 225458978974
362194 101640829208
591933 213581472495
613690 120393121821
188489 7578533722
768762 288403098827
197966 1872950530
436544 86044975286
688245 71382052030
88222 7549115570
87656 6176510209
986099 358961972873
849108 12433736283
150966 5555053630
815917 229075763220
522784 235752445106
343938 33038538193
578690 48608787032
835356 104361312780
912421 26211693763
268947 63081533385
995812 223695131270
369358 3020765712
159732 10761021213
317486 18184101249
439189 172447797485
971695 129180247650
493408 142530557667
309843 28251298714
646340 261044817828
185943 31486128724
562181 220854818507
175486 1330962032
731668 293413651396
61192 412470069
831951 250525657336
562626 303842297612
464447 188471395399
80065 2124562523
550565 2996315776
281822 71058847208
873733 689935747351
413365 58415063735
308682 35051227087
213321 4990112537
254396 35792591598
994592 786078272331
30405 291394862
953648 440502346848
195224 1989953370
430575 105800572034
118856 11254984610
194906 34749997491
510441 96137603713
819443 640200703728
390356 2495257950
441730 188761079426
316764 75309604265
158239 11148571226
897099 255219128226
233838 45979109019
472651 180945297665
906521 517121780164
596343 196714306373
398686 138096946862
792417 57249659840
203642 24329528395
258083 47046950322
954818 197458392130
431055 112094263227
663093 282829388736
61063 843311162
202697 39761046631
69500 4210932673
123945 7694659073
349083 61830049780
299223 77072212276
285595 35085342487
136915 15196449500
592048 87884120089
760881 566000706176
460793 60945994713
927580 685595832862
877978 440734362375
669061 302753524114
334411 99357995257
603965 138991694095
788525 122906508908
878546 534470629422
712007 465627680387
66889 2836550541
419234 91850207615
576519 170430925317
509631 185362305793
708538 182717127313
829870 392697571445
156849 6505401222
688864 11880980935
964278 430863562086
324195 102932202580
817932 367188698460
756031 287662343002
436023 26253421743
717650 362898118652
146207 16916137622
569496 3104203431
394441 95489072071
925813 81579163123
879697 205943570880
813342 543185363211
205657 12312053148
112334 3327431538
541812 118249724185
489791 42685312178
645331 196458272982
293605 44280444601
593954 13397580606
402919 56141249227
725103 330260976195
538139 171947668116
169267 17783090678
876223 57089765361
584513 29980121288
89933 3357081193
861007 435842213230
202728 29391908134
136827 4871938059
778707 11631128690
636061 188724222329
747897 277405581701
701961 445821113627
683084 250776037377
309659 14984763740
221950 37034942933
236228 16710954070
525250 17157662008
705591 134892631994
163572 5094924633
358405 12831471645
973562 942287391543
120982 14449971983
118101 8971575224
895902 429856378238
791440 404425161671
245541 9091000050
324018 60305669771
535466 57434647918
616471 290474186004
318497 85978662212
865324 712035804540
801426 571269041207
380244 55314097812
275782 19906967871
959599 302407698339
409267 93214202633
916750 328384575623
453298 129803964504
113240 5066718758
512818 21206075582
342891 56193814741
568429 39272966127
210242 31196351204
79948 5845387902
55631 1167406020
176952 21868933911
675998 321286940969
147659 11884213052
582104 111364712482
901863 488880653028
937968 836250028457
522182 67518383331
568514 225485825158
890712 678454681220
862992 458188421555
132592 14556341725
201116 14014404265
977643 225215613804
458329 138996194844
330305 86292475435
389940 35308133377
232018 9934889100
555012 236937343069
497454 181226888046
596368 7416427656
478917 61222677382
112288 9686501364
192982 33956712147
598181 220176555176
620426 271475169026
8413 11958451
919763 698699623955
844635 534746206890
712078 174512284099
577963 52654619980
294482 6990100752
691142 443803542917
574196 98441059192
306261 21506988339
842773 616726445444
463017 91504962384
420198 119621296012
585865 271696775674
379954 7063373126
920606 539097723104
503519 72175607907
746641 233367717627
14818 132958309
136936 18351606663
577905 280035183685
801980 620607228644
783548 224909274164
999119 562230797964
61 1051
427798 131358877981
924754 406115808554
377162 41109377285
813063 457825785450
939743 711222258277
631391 368834769548
197813 23574163442
298581 51182801584
366911 124658515513
707448 411053364001
921616 11786921067
734410 282691656290
594605 127877794553
777016 539870915192
870436 402846225499
435947 120553341245
902708 583422045128
130834 16149017514
20500 331478181
24767 458317634
110395 10664707864
9112 15966516
798839 439505302144
53137 411510403
70839 3509255096
652681 220580902788
913668 390269152748
262626 67148060800
469082 196029329955
175238 15912607424
938579 651731039337
918189 192842904642
804117 280199124905
388352 144071008858
277158 56664449479
137082 8874948639
857402 487873420657
487340 159173514776
16730 223318141
313864 79809064847
670195 237324481553
704486 140408496490
699727 18663623534
688222 247362156820
132573 15776240725
922833 409668948258
402797 106433235839
958550 746130792392
473923 19675675656
984418 328363138361
728916 213879867609
314880 78884617920
197440 11294170250
599965 190307815423
8159 43248945
971327 897875373727
391066 57554339943
652606 392081095656
444825 67729747084
376532 47531959376
275016 20346598363
923792 498853938887
616405 373717750355
167096 17495653091
97662 6534206650
266688 21882533234
311932 22367013791
429104 81298746646
944278 175095260097
277787 8631622010
348595 83995714514
285676 52261767598
442095 380985211
33026 800733984
328056 71324790932
721759 68222361932
9782 83094014
646870 260838648191
540708 107597071034
133346 17678582790
263386 51079526888
832482 35136745765
988153 660942564910
126399 2634299192
13851 19669121
488814 64058124860
306596 19472920469
932573 204490068276
205627 35755413161
954789 197710330431
52555 24917675
903810 374312817660
600328 261291522933
995050 421900278504
637367 136772109363
182656 29662851433
633493 24191674567
496498 20416764729
49185 883966269
797344 26775564679
523850 52026492341
150407 4919756039
87847 74266853
438848 146406147572
311990 60513438400
675743 149461657187
730708 27521945476
577921 130742211794
219727 35163181088
912505 620947702516
280165 33598265496
162917 18889291708
112323 2427894373
283170 11263360386
862343 72346584344
507450 112748180466
406950 125099222423
894994 750451407731
388812 53878284574
984942 769923286110
261463 19304814856
890096 698589019510
260528 28426885703
279586 55783091393
637829 47711697526
250201 59473937056
98895 590779984
241744 34288628126
62771 983983168
234094 9439368874
860769 135455013
549442 271547455104
435841 179571427828
766871 557459980188
875940 675743930443
465218 74698378199
891225 405377219871
566149 65548464908
84016 1025678346
821498 608325558639
200711 24439110787
524360 157131025520
538239 258455494382
39629 570096371
171368 4478222975
810352 45766010474
142879 17682918124
239659 57073725444
384621 65573588095
974632 892365154104
734598 82327333233
330363 16998792562
972648 484902201820
619888 355972473610
901886 675405092986
44976 1598864060
728523 28820158810
325262 16503796233
303302 87423300558
610837 299689943761
367787 4194958940
307981 71319843279
134399 7584571901
712878 310293355731
600394 50578136267
279898 6484509817
471517 64258857307
949496 620777625630
166735 2540855604
354270 48597616473
766379 91360462874
977163 147219731328
509472 51697686261
418310 119570859090
659398 83909070494
72964 2570641732
419906 28574492825
16994 159414279
154914 22173482751
905253 265269157553
26475 308504271
624477 16370440463
48805 345909728
966282 747822244446
952295 736678002270
208222 1233892955
895861 225194835143
415749 135992424271
146152 16717317070
504143 144450469857
832185 421468986726
600400 123177610722
55244 2395509053
581806 70590867138
220361 25292196583
143335 10384410413
857831 337868259980
941301 880812908089
348387 2239140663
80205 4136654569
844072 496280446676
949979 336650483943
668070 10013581159
132007 16224206760
93921 1346179210
550832 226440258884
397013 70789471160
779816 560397783307
859141 684188112767
256727 13364667586
637308 47797092482
527592 261788877403
118827 2510350820
95069 2346450460
157330 14906160402
988128 197696346727
966265 454732855112
668698 17821587629
643820 289848243942
253813 4612027157
883623 756992590724
419040 95180149218
373187 98705776624
456116 206056770901
874081 121935333457
443384 169938697062
92541 3592269135
870189 486413624808
560214 290778984870
873251 632849368430
26089 292459078
804147 615459017859
28502 591135371
157191 2357259337
164202 5836134945
546699 1390530194
972175 113228061865
644170 187048977352
256301 7651980749
332022 75539643279
380664 99876237924
484512 72311691142
849217 652248234881
252192 12608933424
631054 137329322271
285547 46911483995
523829 243672700566
201575 19612601551
645376 253478246250
194195 7853931955
947341 176447540201
972157 937998193626
952100 139390030305
982801 556044275411
785137 249806168155
389976 41726801219
880421 256835088418
850912 561992175576
982802 750454791483
315437 77150909023
286355 58006287613
737752 243006387783
665247 187048827317
292454 37603765605
889446 86965239007
639287 189741459467
974456 298274568529
255462 3766865589
533390 71874564894
203087 18936643057
541943 230411602431
861794 589176400193
461750 172860703371
758270 82009803790
674594 109475523314
664734 400904232524
795222 409488195063
203308 24308737012
3537 7124592
726666 527939201415
206302 30294993065
691162 292455564232
291614 9664548899
312984 42562674483
211942 18129255060
775272 98225491839
256388 43884848
2042 2982084
