1000
453997 149332835943
450312 126190966856
656902 134918361298
639623 314999270921
426235 111565744295
803052 32728627827
149892 5893270993
940327 133030014156
421728 94037478715
448722 127641809160
963013 213972335137
15003 179333465
830057 15344917595
887723 100476641972
794024 518023216106
137136 10627082312
923406 328616425191
847679 431240471807
447020 100888616186
655891 210493334252
89455 2619989690
143335 18408399089
3176 9325353
338079 36961924433
268891 49498732411
385091 17961326296
973828 827820970198
294171 10852054146
542126 274389122103
312546 26575168189
581948 96020275532
949389 172876981968
527933 113141844638
87087 693233881
363371 40864001346
848945 251782316700
495802 133829397600
906884 540856539368
496076 88985801695
950712 464793973276
898662 562089404019
720167 63416805450
762579 277705170824
743665 552112554920
951626 66746955523
235729 25683801294
366432 503020766
392092 131611746783
820470 528552103836
220960 1345888421
75835 3255351864
232297 26184989569
166522 24186832295
793309 72293538075
908224 802717134738
796822 404114398910
97486 2867797318
451336 25016759603
129584 4854316092
941831 187247201333
780723 274702043705
903241 312109627548
158626 11165870020
668386 47300328065
75150 3001035390
192951 8669203390
468368 96149802332
681165 186730163983
663575 317950256209
261275 7772197083
682806 424187951155
381117 112064661546
120975 637871539
907650 406960811527
136677 9087527527
896765 376271857003
675915 417437597653
497121 244992009470
170415 20447433262
657855 203288755140
912128 736112331901
919676 276886027820
272623 13052223096
355221 98281342281
308835 1500712714
945175 291592570003
557728 183375501363
436210 171547417714
8032 62575815
107143 1919612334
840513 295728742690
265908 16292396816
598321 288994640781
584796 111304612803
598098 163953626877
304109 75608705090
431060 88630367481
331854 11342409232
805150 325058327450
843705 466304828240
105628 6102473621
956828 353889105106
45598 439707440
152014 6348499578
748855 117709724676
131031 15445807421
273776 35877796269
982329 328437220760
412274 81953063790
333405 105274378715
381273 41791170465
539336 290402835045
89935 2466720753
655130 89980656951
818258 452109555438
96831 4367868230
705245 211009068436
504717 125013731134
718442 68948042964
511761 150484124175
560212 121547291648
739962 104154492899
26470 510417702
867084 477758715587
845486 681918939811
745043 504582152576
270024 59315193750
68637 245935404
708534 376827608886
435928 102113401390
228956 18498129938
98963 3801942848
932268 113845279854
385086 49238403425
61236 2904647958
303923 48948127678
5814 13280736
497834 307769603
725943 97474713314
207171 2865445439
428137 93378860671
597680 312402030557
488215 158702884200
879334 371822093227
991012 459319418206
536079 7438996798
939328 458237039670
809491 653624266688
209846 10073510370
934463 162966470039
944398 406298056308
888627 714541477249
182624 14318149944
648565 319178910607
281730 1597850380
243531 55445158103
587461 250998951964
798073 585813251579
318979 82912504275
816259 600866096534
925633 14769915807
660852 258588241488
672979 346614063670
908832 399458323461
857203 195957240315
152781 5184630274
428288 101362566670
303766 18995508505
601521 128142236799
730618 516538943351
292076 36550170990
861028 583606501037
302589 24642397964
163174 20957462971
824357 460454063047
592840 271688840577
430604 177484290658
104376 9034827812
849831 128313279698
134428 6796683483
901849 313857243816
829281 680309318064
374839 134526670059
689949 113219572887
781312 137626799549
487766 11462953787
879215 511999006644
251755 4388806551
91337 337765254
979375 17769686673
3357 477337
945557 612071741789
552683 24304132201
399213 150360105534
155087 2128997650
272545 17431065242
519990 20573434192
72196 339157724
106012 3564072135
480745 67231381798
257835 61418171996
60542 2354532857
598213 116628433896
343384 33002970579
552513 46714872601
773323 477032849560
174311 4326680119
276185 62808713128
104225 9820461311
375525 105890955085
121966 41693889
411753 136864443284
214236 17427874794
109103 8058477646
241613 26002710790
437653 12023196568
597580 109899880290
926108 547107943189
297240 17057204012
736749 275610160952
340819 1643302218
697235 362963775531
567800 293737091089
631270 296120081819
511929 218150297677
536538 229530459468
763504 66004470917
321578 5565391783
883021 550881256075
945305 741356147674
134751 7171973161
157409 19750723087
245405 52001996001
583345 7188549382
422676 103058944480
219693 7485604092
441048 181828258000
984111 291438412197
412350 102208345105
581491 270745990766
567946 27046688642
761904 250832566314
42286 1125351515
613126 311956451999
138056 3709806410
738952 142131310202
793205 50518627248
826101 516141232292
578195 64223712604
225317 42172698953
654953 269203085908
98494 1479388122
552876 110907010023
572145 9937378072
58416 454294366
187393 21100877062
562516 242668831963
395717 91237655499
185960 4441961721
186267 25426080736
823041 42382303294
59837 529832385
606293 165718045164
74938 1183847249
724697 395810886952
738990 448271830372
905896 507990702259
959758 666377825451
850360 639609246738
37679 662265586
865230 732492056111
194255 35874432767
637003 401564447720
862298 550831329940
90187 4950408780
340783 39824539704
895472 119585941308
789456 521236881385
357081 60347989366
135 8599
610560 361942546874
235648 3626414565
605906 263638445286
111266 9614033861
987398 439166291905
499437 107577339856
926625 567113596559
528996 271823029526
831977 406668113496
954055 898537290537
147569 4137749019
738701 482882301853
407325 81453818421
575454 144216457807
312493 83021649502
283711 43280956253
923031 813596207262
430976 182590724999
684448 383207104343
365182 71000359266
925577 412229438271
221648 47638104651
430694 53000709777
9738 36632726
728414 341069614151
634413 251770275630
75368 4143881745
263209 15506593878
973636 755983496722
403334 49378786775
282752 30041798160
691255 82816857264
122831 663188359
523097 35349351143
761967 266279675764
896268 652007679838
127231 2418566744
409148 89822645398
466762 177557953016
110145 7130320699
186113 7470486972
820709 267391222004
877229 440835251305
183650 31441172811
725303 340556913288
411408 42158889265
565326 105256334889
633933 171483852607
595667 165047466469
567135 67819033370
326431 50280382945
630631 74752178465
159984 20594241925
942339 88289448963
674983 307812232540
18332 282309392
461273 70218146743
988776 598942495097
380027 15122652182
177691 7829583725
274400 56770007317
287241 13770963431
521938 7594912996
417158 95445487552
380584 6665075878
859127 31474258273
868372 215205274944
400605 52508415317
773619 132263717349
818703 462109840782
47282 1274707865
981151 843967402626
805339 50118452977
876542 469285820081
830862 23334316152
455086 170404903038
741969 316022536722
910067 61956651163
276729 45374793059
271424 2076155417
291310 65818325876
900596 412040805352
380621 92795967366
622579 140730837274
194554 12692977195
846696 14575185124
188206 17661147934
301009 32626496129
949656 569627549819
560213 91436950544
31994 308674193
349152 26395967518
160360 670780349
705478 439635221366
709741 633081829
288108 71178937145
601142 276406005890
119200 6711895612
678688 74106616423
850121 82062964781
58172 1460429188
10803 62639113
765241 311507122943
612836 100776150754
964984 387444871089
862261 544078003386
751951 300287569285
111294 8925827681
992803 110518211357
830186 317722973602
417711 96538890824
241507 23216432972
363102 119044709882
660947 183759161257
187986 8696902292
878693 110287083783
488072 18689630757
837419 454538060420
819604 318423861031
591386 281000485968
487813 5719575727
92712 6230036274
326385 41101682499
310590 5105619330
905092 64982366196
549534 262304328554
348248 5400144283
447310 154611902924
717864 185216267045
152014 12125491709
826372 378747452524
226694 32732007087
377945 69326686371
327876 70932512876
513028 79725875394
490349 182737839787
350392 84062613442
479839 202194703553
667023 437033360482
682122 383550049456
77196 260468468
634481 277518011909
111277 11676763915
955576 376157470595
539491 237709593854
677998 262366761401
73276 2630119376
389402 130293018931
885469 473063303148
85543 7267212474
112847 7879697144
776284 451515225615
633572 255409656835
211510 34948341821
783248 594798872726
408658 131389291996
550544 136035240715
205733 27691191185
477393 213969634645
987447 750269683437
372262 73615844826
629520 214470919443
430622 60459223395
294866 78159532258
585316 28956681383
527405 208514206163
275947 72809256587
671255 407052646358
832708 140365855450
839141 703337763228
856070 137967987896
462064 196910102504
252805 55214918689
215147 21560916534
115254 7131038186
62200 401272596
841686 625683620471
198995 17603444855
240229 1068990162
313473 46040723573
963247 919420057795
928096 655653472512
341157 84602316348
310975 47032823422
500681 157018219496
122174 4841578512
12275 55430661
632952 369278434353
198984 28667237104
288871 3293012114
704305 52051580443
373583 9833821062
36712 882480178
298624 20924415202
342630 42668871259
563772 298548968041
880569 265705249860
469003 145048190347
708309 376230994104
869748 753543156714
393319 14146026103
606322 8364441781
520389 214054770262
75077 2077050784
491102 32373276614
127496 8607609912
27415 356065013
422679 172234258525
512556 138704344515
737221 139178982781
725670 153455984291
211933 11546953474
443627 110655444905
616420 274703407081
172545 3797954157
822385 99510439298
369743 27838431037
151234 3675521280
902214 133912817201
360655 53948432531
506525 206653785211
125902 13820514310
52322 236739721
123322 8169847951
877070 499779023673
617330 316715055245
51624 2252698508
632686 141007361884
748701 388557034648
113318 9218973628
76777 2595849282
783157 405702426332
969943 641497597572
225742 45629596513
911743 293355625080
418353 100751187988
994561 413668822930
40439 1058151441
513582 155729877660
68660 688250499
541490 111451464350
82407 5218284799
196509 12647072648
385338 82760329507
335718 109088018786
137261 2516593745
20254 338116810
462543 94303191185
536593 69751502143
626096 84653372258
193587 26498458173
365743 54653884137
446019 179013527195
642546 320964514675
919470 7404989258
105528 3229883138
314197 88071420160
991025 249375496831
753942 248657635301
934566 517393985360
506472 21180955027
911206 784913733323
864249 36311443055
244884 23284654488
150746 16710322639
700348 346925750375
112907 4397114777
997615 1987193408
684066 132985185851
102983 7990926007
304196 48641473296
122972 11118879784
812725 235570999461
407610 111100836739
761412 251906997385
681097 248061289076
376610 133358618546
960536 248349715437
942883 223285808569
583293 4602700199
125524 10216829055
662683 379215311376
272756 31912472354
367218 39807030802
182863 24498700946
639823 36596726648
169819 7622510164
244063 46427287815
281945 64383201214
168981 20230107074
957030 175612843819
657906 166077429752
531162 262929788778
999806 220415096045
396546 119431502197
93204 5380771361
259503 14764513974
648607 212513827981
865910 522223508265
97406 1393338640
720167 441850023420
394111 60507714629
617338 59295224291
501537 168368617538
17835 13061264
259966 59076303823
836506 130698974837
298169 60553647745
953200 638600031824
515508 262032841832
582788 146007355578
471075 125506004258
693955 250042960975
410295 11077447777
780733 227400749204
478196 5050830622
921621 158645616387
268689 23317374820
611704 299359796113
882866 544261004001
817291 460843009264
476833 137157634019
584183 48751464240
633242 225378811926
867380 536007852107
670517 114925395469
391504 11705646087
469717 37305176565
284398 53588907242
209085 13503998503
465429 75323493453
387565 109098760556
804310 546179364684
256554 47531838021
280266 31239858311
10506 67515862
70410 717264912
382787 54067588712
538388 31524429940
923313 165415510571
343167 16911527490
172229 15027529837
972352 873542682839
54507 1487429480
666079 58838735238
32656 990404256
910147 386166418924
168941 5724345049
813446 146869850260
773873 47277934766
32401 175206670
507976 88161764220
866112 152451453514
754416 555171890863
822287 541485088183
749883 329575232879
519846 46686923712
454092 126162052522
616729 194725804067
18141 98881208
648748 43191167764
675248 106634839140
424448 98683477310
525578 159474804742
705897 161047945235
276434 63070032175
231177 41907787784
984876 64238769840
114663 3790314998
886652 599810495419
541046 261737149540
315671 11841350395
256073 35256874508
475334 155374966981
808959 161032409273
322927 46795770700
236733 40602469854
170426 15280315486
668958 426104139394
639448 209418326850
707308 498227212968
492191 218870430115
505026 139612490365
163072 20354093462
368178 74470269227
724532 6332380107
842739 309274865582
219980 35455244729
321362 23539499564
27130 412660918
37105 540665278
757865 489107478363
264145 66971469074
658086 333636837012
781686 562786837030
626679 327772451334
293893 21588914554
640984 400276089946
213550 39068536600
956761 535528450302
921341 356310966091
307455 38669946760
138128 13111624889
669763 5644588447
34937 663336965
144740 17671977342
934093 191213360347
285407 3540918466
382569 5343054631
187164 3397751299
889596 541629375339
431884 15618686602
857670 304081757410
728582 59713702760
597186 167532523211
819386 229833557531
818344 83906009845
225222 7661473432
277437 20872381190
579999 19502537969
184003 13118650524
429862 168442858912
230573 9430933176
402544 53511936009
733595 153406275071
931105 715802881347
157115 21735060947
679602 419267998977
967803 382478360351
718009 285021900322
229459 2083747185
370776 56036487355
475626 174738390394
541710 106920520779
446167 149062144318
702072 162544589044
933438 109159845060
52237 2665162770
888454 655170281257
183927 408134631
850668 263601230290
762401 444419170291
151527 5874237528
744993 218241658835
510347 207704126980
278704 65095422996
869129 260329415901
60836 2664377819
587052 144728568426
240879 27648683596
553962 257991109971
708845 427294553753
57663 2961994370
285347 34925792840
506899 6033219860
523821 175480463422
927028 136135979424
840560 356433663083
86061 7036789
889905 159625625956
312105 83246013952
411529 140836821908
457614 48094366702
472902 198847127430
626919 92550600260
140179 10280837048
98210 1980472266
262844 66162242371
464007 102619096564
560903 282739966130
228227 22107906837
61376 268965322
556888 200334424938
458830 101803926278
137814 3888631235
213263 28849942661
82608 2835726700
587249 211609900667
863480 435235885029
875891 420387019780
321233 22340724648
941176 124664636898
862277 658328342903
296525 30410238493
32286 990016567
295491 86933001305
794785 475038614053
609889 309360998945
312580 34203768301
568716 59436754673
881708 744523798353
540316 60927187865
445376 69758299071
402351 49312497708
379945 51234879816
865858 323121214809
729142 154720497948
958062 770089306815
3171 9038815
165001 23279232036
319348 85571906955
723131 346139761430
316858 6469345348
49893 225153783
287938 63506987617
548472 150862938905
177379 12944399990
39122 1315533904
851519 211898496575
401377 51581576504
77710 1799123124
72444 3412087044
645575 93887503530
867208 205874742737
6344 26297971
741787 373179009499
723932 272942225933
346717 43252795021
484228 68035523009
549463 250243344932
349544 61533791952
336041 36079529024
872047 261032684301
469797 95517946811
884568 102184451879
108789 4016859814
697032 307087735669
915796 741322594831
582965 129390868263
806556 568178659799
53008 1895406825
565580 16233993459
259501 44984313506
571588 239705165682
394368 50738889623
772550 388768002223
935249 351706217779
484701 145773252746
623869 375637817082
790719 231634997942
477042 59469811940
125559 5807843042
30189 128646748
999661 225246800086
595993 82233230711
576009 183819626746
901665 141160351448
366135 29331134190
684152 349744030910
223796 8062020979
800374 263961940783
192265 140005721
963371 924401187517
547316 282319317217
143109 10457801656
340934 38891923427
324890 35029346556
49035 1405490029
776513 31140143577
537530 219255374563
162915 2815968103
423120 6637691445
468596 25663384187
335438 75974377321
528036 161300960925
135361 10888791808
861600 135076640306
469893 114603719651
246980 16829586079
878056 535471516511
653786 300400460718
713195 331356677761
446933 110064907525
470184 38482522975
302109 42312497529
448255 73130430979
980512 492702102767
509614 217340166280
977539 712472867717
790710 322388675791
148160 19977214547
528018 269903851310
1342 304344
17538 208300595
774142 246292010755
557021 216534402346
745900 27046743389
265367 62213716865
799813 331166134746
12152 94690192
51777 777333971
579017 26591657164
173862 9177845005
41068 1563827380
806467 483513541066
195283 25932804332
677996 164476102260
316433 4738123891
969589 240653964870
383830 36744508239
128986 5217148414
677403 165663532982
129369 5565815670
610617 234241888538
734196 340573170200
3865 3942297
897040 731803055666
451699 69998739841
370461 122038944694
52457 1279545699
793001 129266353968
956830 500175638948
266399 20743155827
944643 15114695594
74496 5307018133
439614 128749480863
253766 43745163750
613015 181039016050
109692 4563243312
354379 55282950253
577132 120949706582
680388 48034384971
968602 472803841130
117038 3914337722
602463 94353453874
370517 30153918828
426568 47317199819
29939 813700041
707601 18608908955
271297 29729537614
963473 22120161901
879771 748250955378
339410 4869110559
235680 3653173253
257218 27931878245
15534 64714314
13106 145671057
137151 7641214220
575315 68637540430
14494 58360950
773940 31531814713
967576 572285758348
338259 112226587611
629595 289383278800
169534 18262252128
900208 159401274201
483691 119002096812
485295 50293041500
141050 8540578274
299720 28020622919
311243 77539103494
628995 35413104149
274829 39984061506
374482 131654567926
546257 20720720252
33792 732116747
327566 73377317032
4204 15162115
390173 20279350204
654387 270871725450
160084 24049960119
30442 191552245
982620 137030953304
169339 24684329377
386992 3378616742
129890 5185478091
952045 351182622449
332209 54411485631
1461 1973808
753779 210906178027
341151 116239698107
328036 90406993721
926529 291899726976
105213 3583940741
172445 7222398936
659210 426784105185
140875 18973993606
56067 2763897005
365086 108981524428
974469 382109206024
499199 164857073613
421778 41060335281
313026 55430259557
873460 173123943127
389358 63695201388
104048 2304247231
707828 145780832028
109360 9695377238
217403 36517352242
300338 66678048159
588051 264587942259
78595 5832000730
353231 7326816468
366198 112645982445
494640 203537877335
81466 3520306511
497161 166130338090
69604 1045094599
702084 183943727555
106037 10123266820
465323 146904080230
458158 113438353011
419697 174900208480
658184 200281781760
891869 116148225097
955088 860620587788
645746 101091559911
646117 368842553420
172326 1773383988
595780 317009154769
910522 626870295863
705236 180243705225
826768 195224851470
264077 35436175261
436444 94689853551
797288 294222283569
101515 2054333054
282666 65221889219
604896 305203558845
266493 14341330096
