1000
467161 52915396222
371132 95451307147
108671 10154999719
558392 69897467422
165865 6581576830
345618 77720077087
601561 319646557660
497740 177520207433
432517 163984589037
427659 78325655909
418212 41662378464
331655 26024449231
939345 47649728728
900555 528740213466
152691 2476456395
407270 49664906510
475441 109576409790
597942 153142245319
618982 264942852626
917431 739758274949
190516 23274983107
864686 492442268686
366020 110655294637
760133 503511408838
202639 34719982071
222064 36495606744
365640 37828717938
791305 153534627950
590289 141417262320
157524 16315455398
561918 4883694402
377781 112188361336
452070 28744448970
168416 2342176890
774895 330367357272
94711 8437976428
599761 185139960086
40831 942271503
941431 347230810842
563178 57537832785
939395 469688024342
588475 77947901894
149051 8502672447
385888 14499286647
786726 317479946200
923965 166560140548
592140 13246772228
421074 116374774164
396025 76873057559
359744 120764309310
840481 653004330636
393977 33844188637
765730 365908190260
131363 1579986091
871863 372407122755
905919 682155968666
112547 8162260261
422637 38995009639
83827 5727918996
938104 808436633254
602750 257470385235
903774 474602960807
808802 536895569479
594825 157893841423
939264 248111541444
199073 15107858931
995170 109000275586
687328 33125470718
456705 105113546700
240583 29429592034
345613 36716423831
675602 246767216088
42353 50860915
56712 230543121
912169 22732119867
242464 24900204755
496012 104954669231
136990 14791308190
913228 387270448328
774140 28756757349
913657 171314800594
46646 2051392235
312317 16261697161
14566 62296611
325945 93830926033
364403 79528343666
307998 56751938504
301862 39387730465
712175 426847946811
196130 9841316626
157705 23307527024
126164 7128736090
880391 418444282717
388998 57530023546
965842 466464330033
832417 482242114324
83268 2233067797
453986 95255882290
103674 788105542
387818 80101247732
9131 1789180
222613 37403917924
306207 87245997655
874024 499059061705
418254 147414415998
852045 457300094085
846089 422667590784
833530 658748598579
357188 121634208403
319203 81277184192
276537 2332008693
150849 18970934148
313497 69830640196
141861 3969232389
336757 108515963818
377728 28566363724
409316 52244905115
627718 330796389383
552858 160199292852
404873 89219076256
409474 71044812337
370449 57121595118
342404 38182289466
746728 392644421432
101781 7943249521
227052 16607995263
167766 8984803062
557324 68048052010
255047 46371082558
704878 381096186096
166496 15809863617
918313 14719206927
999889 417285380671
784601 400250498642
730394 71375301345
441185 102882668057
632860 149221460097
955355 488862896165
231823 26579010194
636514 270563073822
820847 6160552718
520901 112935146582
944761 505670008002
9316 79230310
381173 2943600701
107843 2454411152
153449 21680438172
635738 250331872284
558587 25293297517
151983 3428335543
948424 530445059014
213905 34880270833
410680 27221996778
992173 420858033093
837692 361553983633
395528 115697136134
194863 36679429059
431213 5826571506
3315 5118008
545775 48946746294
974573 27461228149
628492 325540098061
40750 3658633
570224 235675236507
718564 128320770813
13033 28571661
815106 125368043499
666222 255497719505
737720 166280790714
670281 241316228381
219759 44722842214
140359 3241528856
361673 5575248195
256511 50370869283
484179 142315793362
56495 324600255
998046 207186471948
59330 1540500178
119422 816184257
299375 15531807537
939195 160729586973
747831 5586022182
725129 244286121709
237492 5963114037
443553 74490178751
821318 546171830386
460902 180136729035
103251 6184532017
644045 341284226237
16347 135578261
592416 6188628284
939577 546324515543
698443 366494471107
651244 290620725871
119375 969770989
722159 413965285956
385165 31727032903
195581 4473068762
851415 49234828743
507826 119790542886
900364 422101134065
8582 8286657
122975 10210413990
391264 75526691470
997458 846738109550
844332 532722052650
982330 945506298425
620014 75825115016
635900 203146983026
590768 53962560567
827839 523243222972
517123 252913525044
200676 35374580180
683103 338441707585
459937 28316961058
349516 85787606969
732827 193632443794
999093 461060191994
505842 15547176121
116293 5645569285
227678 35735576019
824613 551305527711
693728 444513356449
266789 25491588729
968605 805302959584
577422 125193045594
119100 12651794732
730716 89667303219
578440 109215114614
141996 3259101638
859058 133140052369
136595 16725528849
914353 769340996056
878396 654723086446
675282 299893318010
138317 1497411363
669388 187603228071
70691 894753558
531378 40134065706
277667 57953398287
645178 405630612456
313223 79861915138
619220 132186189891
303342 7445909823
567932 228359673983
898843 730728637353
166779 11542215094
861079 131951282697
886345 325262735286
507892 96321113411
321326 97972618241
89252 7182394495
666707 279802402576
50365 2448701814
744363 36175969752
689381 234035677112
773127 441242052037
272064 3685996290
314835 87603431293
16410 129053692
530490 220171477666
296570 67273954474
213092 7839062830
584649 72457802237
601473 348820356479
247074 55207386486
301581 1394128842
516673 178586453868
847124 522083706134
924905 737765397425
403401 26709594390
969990 2475166602
447928 143289985731
394765 5062683407
874097 150399752663
896267 685155230448
735254 92152590825
634714 378768514493
832013 566631087001
367020 121076013850
13699 35987961
104758 10754754372
836111 363356137257
41086 934961480
84626 6156122590
311819 959597225
460412 8226132388
273873 34871394121
992399 251652542534
230588 24506967019
465893 14130488544
71037 1352028956
429943 36422166864
795966 381505202133
749462 252892228808
568459 118567147781
599953 79706915914
371602 1593740610
642700 345586140197
128386 4192813492
862304 615214025555
637047 340741541229
211642 5841922340
24311 300630363
848444 672696953898
233976 9366669755
666582 375014827741
283578 28526757269
639268 190424178762
794624 400644685770
431270 137388677656
909425 382555738669
54765 1659443173
687832 425681271802
884525 4449081501
332158 98541012104
346804 42761824716
534783 228480565362
145202 6144593716
731489 227273814393
964905 164502368874
636534 314876681163
548352 198850765050
929061 105480779159
307195 2944928636
526056 15668949148
563526 244925749223
7397 16032978
523011 137000825446
364426 52464557105
319135 29914502105
992180 817029226640
632995 310312721458
16736 107788420
797269 163739121634
466516 83622136598
648442 46574352516
294246 46490987352
641333 368719909378
172436 10106035779
700922 415913895400
514255 22653600664
366030 117644063925
338398 889341229
936607 385516523841
944095 280583291942
735360 411592349517
205397 18941428436
103224 6433368473
247880 17497254537
393051 59129751604
155536 21939285494
163413 11278420978
564709 70326444514
796859 530949141576
520273 174379884753
55358 1771461578
934 613395
283064 8347089710
971260 268434116860
64678 3139832671
476510 38235736714
754336 340706603079
179806 14896646054
349095 53833661014
430583 169971520316
784703 391354447993
689729 376583952245
663258 413385075893
888480 557599531621
688096 91217667890
648879 207249439805
577393 332842514593
653575 74415732208
242933 3006259474
778192 19837372251
336168 103556520045
451309 145187505497
513054 162639666220
535574 253239477293
213058 30507614013
842178 544006263495
445048 128594640349
760208 222590157416
645093 51583902176
543312 143226331158
363250 39548424546
136152 5980696038
746232 152499093457
235410 9047749450
47787 81084439
27870 241603634
153735 8799966466
129071 695499076
223402 20569423825
549766 54234477639
931598 282073105230
371677 70155035632
106843 5472421560
418642 159905987291
401657 123190119147
317252 73770915073
118475 1077753670
285474 3723133049
285034 39633949361
463830 63608623137
259453 65496700586
143049 3725894604
945082 512410975857
770935 429329019999
475981 22784751653
34045 1149887294
110717 11637931349
941654 102653223642
859157 250437975660
507857 99957416373
377629 69014946858
841274 210249637594
692558 209989444496
412666 152927921810
885785 396789036023
679754 21209006107
7712 40308772
138351 13075333784
126452 11011531665
248461 17227630008
192313 29140200137
187977 14191103654
289015 16200819477
966013 110064045851
824223 266836138839
158244 9074403008
393578 49458197012
438691 89960908127
857328 317386276372
96187 7145608951
715262 36177312284
590959 287201122247
483923 137246142151
214439 955992200
451162 51750028193
228521 24610965258
789789 335877420027
968745 644896416488
572481 105619018263
614569 169937133458
208459 12353603583
813597 24967105193
959104 286947516939
295706 66442049843
425422 92277859834
3493 10556348
111306 10974592366
170501 6280092401
944904 447564451679
897790 507477696395
232972 51508901474
541474 267480934021
888365 198344935866
35445 762371738
171181 7967726936
785870 65636476575
207474 33447063660
734121 349875646152
25446 368238038
185631 4114923178
679297 67002598273
561289 211150704861
934644 242651949318
637671 170039449019
39557 1279554289
721267 229067596649
307615 49164013712
666411 120012846539
897536 278243049910
454574 181386696319
897367 648010613164
338395 74638855364
30043 497705475
253789 56655398721
717499 309380374577
97844 4848724831
711239 113530353180
671017 391926438699
912752 114077208953
304011 41969789934
907684 1830781570
211503 32805101139
795611 405811372989
471088 167891429507
640965 173158372618
718039 204024154283
503607 21131356524
75782 1236012401
910026 594040677834
176361 22668155989
106323 7616441765
415943 113790869295
864860 598133504466
590237 65131875552
863251 639027296112
216353 14148046367
689860 382642215074
55200 2866774784
269438 55044442664
404417 59928945262
452106 199470913795
297808 23858712149
384515 101759495187
570032 240665924088
411273 145478357975
406459 151976839973
93979 1835546074
222221 2468899005
95545 7650184688
247904 37512753590
274198 32110193914
630094 144252025691
183773 20724396857
603433 107856385037
820647 403266471813
614312 290836187777
980372 823090829891
473943 14662517798
504294 186241615455
380199 93182299819
178258 22467188471
418271 59171924260
214592 19111841174
271857 10856505138
804730 461450631884
204871 21250607312
891849 714634365786
5669 17903607
99032 1987571187
470734 53649540283
218248 41089639139
794825 379206397131
566836 202065482025
688774 472792763959
124405 11390667339
884760 305173687314
768154 493208228814
910777 438702172078
583652 149118066880
973435 120687666746
18619 15450283
653159 228895487876
324454 51134700425
300072 4384793938
473707 77509791614
321561 72614531465
160592 7412483383
67382 3453208899
785645 291618389582
635778 337485785815
727835 124918759960
516704 216850424449
495560 189271199613
924267 482271819153
422267 23227885906
559864 134685217651
515391 45033362699
844580 364952726028
116202 11148585257
676082 339713150186
682796 129440787315
691946 353852298623
689845 307702581027
533644 218755146720
26067 88952622
497697 934593637
953539 202621485189
8045 34676243
684689 109348321766
364338 64929463892
905629 347597065212
243004 12710567333
279171 23284866031
38454 894577743
648753 169766719790
504285 124619006986
481964 218238128900
529542 227775611916
206252 8476298831
109288 11795617730
343317 9976649202
662482 126472777727
510838 250242399455
91766 2703390401
853268 420090955399
891185 274228931204
130353 10563229415
670623 47961938842
264162 68198349969
832727 65899613859
605481 290435246859
746024 237909942160
958857 232009653000
742948 512224903107
673813 403272406162
596714 14034268995
100567 1961840920
60780 3494351864
498023 198300859650
283497 25879434652
405723 158224464650
698179 53668178351
490049 239413495439
409097 14139522426
506103 61716917934
530622 90163111801
433449 91012258682
938133 756080106251
957004 237748779236
958897 595143438045
701153 91606753694
249277 55079381935
861345 88748794374
681757 364638376104
92946 8609331921
706346 179310712474
626302 135389374607
541628 72192596628
923993 266420502548
631570 378640873145
159091 7276470118
327802 25037868670
911083 376316580967
588340 285509242440
159354 13647369752
289608 31609216568
737820 455634602011
969382 870467452724
259273 47309657416
561737 114151234486
885305 650168243798
476465 180960119528
50183 2013910995
710909 280913028698
570542 255893987027
888770 684955275154
885768 123928661719
364824 79124611898
202094 12922592157
411724 55595901152
593168 188591125589
173510 10295883342
79550 1126144514
908140 157132941851
163512 14114165704
268210 1675494724
201807 35385486048
693716 203396734491
202087 26494027311
630129 125732000619
974440 641431456288
353619 65781705526
962872 140701558181
595590 113508273457
907579 542655088055
418877 175199027724
473307 93280991836
663742 367266219188
490274 77657693987
44868 391512390
666602 400958766151
238210 43683603525
602907 178474564361
671421 346118032178
615920 154529240551
220178 44562877353
543938 11504554493
720084 2922972310
165255 20842092758
509743 174273405957
325250 26588416299
684669 314496774723
539937 224834146533
536811 57168037372
830908 218810555131
650728 155767227177
746574 343047754958
723562 445747002965
553297 103015944249
236419 24011262740
414849 142689721784
380636 41969759571
29651 573134127
429559 65109797191
961556 614147300009
81468 2853141908
953761 93933467735
838263 40346383504
77921 925345320
458802 148335039823
216610 35786790948
883280 713020080374
542160 144518803803
417248 142276570405
81881 2305035807
30275 653200665
658585 256963974072
115785 9862108668
404375 68092707683
53533 1374424813
228070 39495598809
517485 49127662027
347423 9340474361
107747 9062593387
110606 1286847220
883141 210408093174
323923 23768529411
888453 726055888858
634373 145480486148
945195 142816096097
949217 84098122719
135145 11019739152
891881 118285744870
719461 507978220103
420074 163408726553
136814 14155371931
562869 11296333113
112726 8805068846
558072 311180905888
796843 242969571054
490969 59851960644
423047 98175707835
231831 5373088155
119931 1168727322
165303 1956933637
373035 27879974863
712111 106626182884
835040 573777161219
503518 159619654759
844058 425256535931
584736 67557243771
208618 8704733035
841340 333018513785
862789 445991099137
961908 681548739937
474065 200700446921
18980 89942082
979404 516073418147
683724 285596854231
215771 39773954306
321042 36902204958
452711 49195690284
45590 873078457
334250 88453576322
720771 62272562375
26239 392654234
647329 329054301296
434120 78667158961
791730 580000882793
626155 378430017997
48915 137620399
378058 38261351441
767812 447375306847
581042 306417063536
542800 176938887424
892493 506204231445
118733 7105356891
377876 73381564060
957953 135691196229
74182 337078782
208511 30520728758
416474 58767854807
980689 136726644735
526175 130693653526
127067 5060708530
634656 101919629819
708109 263137818376
276397 76050237927
697878 87314129557
949378 89516767944
846571 455152541169
99292 5129758493
551407 259159142308
525349 168025429298
350589 10681133726
548473 42718894637
463737 205296101410
783338 217033591547
609954 218843812259
119249 700161027
427364 15153965409
970608 561149426722
844468 72150898660
375786 19922545999
643840 37554310996
776641 141856189018
127064 1235413509
176806 1948596377
118116 12815087759
823244 388002739879
653631 404579424723
589394 138387971190
401632 15279907285
566136 200573937163
268934 20374152824
959225 664736474560
710731 462979094345
169107 16105652500
252449 63485560016
376201 125387856487
361205 50766199295
550843 271847398039
658626 13990526460
518975 220579394788
633330 127343091712
698932 206172197526
690665 36368636275
909876 647193652495
429254 155957813846
903028 340340401040
170500 4616972686
681522 391604754168
485228 70912473220
974831 391092240999
127357 16023790114
257578 20516490456
692276 429473877487
792395 326918934799
628220 68490145377
15456 62552086
985750 540673924992
592617 319091174934
970579 616000403507
795789 549614724369
939529 426283960987
491582 61319471799
723888 292787633191
485032 77444947082
77635 5912641666
244683 178729811
619694 291314107811
313336 43814179519
379171 134681619946
102137 5650203936
929246 849706394681
997050 433722965885
976907 269275564660
825899 166216421151
41273 1269782170
330843 32274141845
812296 256338551704
330653 47585999142
981772 484077056715
555253 41224904970
212070 16943089355
183183 2812093971
220436 26154608185
727007 148057213286
642559 113443080592
323863 65739858971
149130 21471932692
965282 274469159333
938926 746184588912
295313 32087747461
190467 6751326844
958635 692199414852
480910 189521314554
666534 439932065302
741156 154737932689
180334 26128337179
637383 236850316050
730008 477749018295
260725 28866687749
94883 2327719937
428990 89342915515
27399 310725043
325966 49700829986
505194 248258002548
131701 2734970378
215502 17574730838
97994 123054777
809989 419467745844
300083 11026639211
697137 222607827006
578006 122464414399
955329 179948867369
271176 23450366426
742974 433054069669
473158 93562540782
461592 48354168424
888040 593197999119
323120 54252152773
237915 13540967888
78083 4101050667
655619 286543397311
950244 796734862920
466135 64298879283
975343 841497085664
45641 1378809864
855063 533409384271
389640 99638490138
155656 745998458
907348 615271564802
492032 4455458150
185058 16064755728
343719 7030978783
235418 40998550554
258706 7334546833
949811 380782346384
360162 80001307649
21951 384250811
811899 6259569031
583717 18824997283
703413 325430005285
586270 250254621881
828989 444641748004
430831 12156006451
969939 303916789044
935727 808197974738
890695 522506543347
263338 50063455168
598361 268356540303
409206 103150864767
714413 376012628005
348423 28744744553
284586 80286182462
409909 139843777689
991614 699995621851
383666 107152117411
974513 393512795173
321154 63458905981
235798 51349823344
305488 18907295777
91398 3650897376
939538 251571580317
2960 8754528
501000 52194582803
989492 448649914804
106301 9038463794
858602 660460490486
30535 849440771
177292 12403324592
653895 392561251288
415334 31997244084
986153 953108891981
467151 100122395889
293765 82015965142
866003 720637420239
97218 9336254914
645929 304281271606
158423 17447472398
445723 154772219898
533061 52053198836
609157 360982094603
337494 7641676383
155296 12853102008
841903 470902776713
118227 5067892736
271922 5175969826
846176 633103368195
988923 251800738332
514365 69582793680
11996 102948636
554417 208204055285
995859 366917956337
26062 455183948
717976 273682000116
99990 4797066417
278687 53596021111
177359 20970878066
442456 187828969030
328059 77428398646
643250 72488519924
444516 126491361415
813093 159165461079
89381 7871262502
851724 480474994601
798885 519790721907
404892 15025201163
640580 140922149467
547008 233049232578
692445 23737355123
416932 76178277552
424321 73787921293
17166 25197969
605930 88035005103
849246 206147929395
450295 166635572342
31152 116787530
899950 184030496289
16690 99520405
832571 390373873793
448651 133960324071
353015 79991358168
976653 593577847264
387788 20626048105
434534 185320693745
560927 92256062613
850577 200788545832
870753 609361229066
8533 2595641
191466 2000158552
617663 180123911139
98307 4521725031
