1000
638629 252815721130
752483 120175590393
197487 29834035640
246113 28502664697
831367 106784436965
309738 30091343506
821610 256034470323
346636 12698208753
58361 1611848052
519886 250827057398
298189 72068970409
746884 322353608682
494478 176713930507
194892 8547690707
979597 727918044266
560417 271969479947
585651 309160228618
375941 18847661206
181436 14325988509
114745 8479830776
713809 194123549215
369684 102142444665
425440 69786312987
267064 24511371162
780926 438572950870
311398 33102037910
408037 136248494208
423589 127611020734
718982 153213311646
465268 108866305948
890258 296158804335
224426 36427749438
424441 7176454146
432100 135540690736
996821 63478452068
398724 87139302241
1562 2341920
149606 7781834969
382571 46332667092
231349 4884349148
296154 49567339754
310942 43021099284
840902 375780127119
564239 271778032042
290554 9547095740
558816 286340786342
854402 5027850875
988504 67615429005
229691 12370239433
12062 8391975
627498 39454963588
161613 3302442757
479350 168956941502
2986 4622514
158944 11176001558
681427 41840780181
819466 413377412881
573034 288705826989
444151 64576895792
464496 138901493840
385239 56713752480
720364 47706586922
166718 4288695126
722048 441992962977
122182 7231867725
426555 87273561439
615833 302187592379
195759 21699217773
258563 10764582114
263026 5553625754
598957 217204964087
711809 505622271421
37302 1035317292
289097 567134212
309241 86187295241
949148 600020769858
454839 33145559275
630001 243974381381
488308 226286015486
591291 18971226756
278804 45286126230
224383 19279201057
84393 1537284527
251053 55171535997
80876 3129390554
399297 157602619516
71568 156326895
340529 46005960547
458338 46646456871
798963 599662477936
806350 58198281986
536849 87664042249
930579 462210041986
189509 20170639499
593198 213598316850
362840 95444490633
272169 64764795323
599078 284514187030
123451 4698928065
895760 321259240921
363552 86245380110
456886 161286454116
562288 97331569695
287264 39353142229
303032 38431149595
899709 408928190514
686132 182856630220
208723 38120630834
738270 362397185173
521775 242220909234
666513 357337286503
198328 19391490469
425176 16827993110
553561 181762253762
501756 74553565905
67323 3659098287
747905 327426878942
385261 136649825632
111336 5112513782
302641 54544767990
322149 96777661551
67408 127241681
756619 156773672443
935137 32072262149
239723 19617068412
844595 518725475601
920518 650636349840
382929 47234589377
109805 1642023564
904729 57935709374
673628 423665523357
12491 62862775
225074 8261583536
880560 759611474311
897465 789710570689
247908 38241041303
826106 255943178889
773648 58639373779
690621 160078096486
39136 100857443
648693 170041128467
717200 337802815134
176083 17593007451
828510 50586361801
954094 412896665934
344967 26181380317
461300 120398472030
971871 30118077682
993224 323744300217
613209 113453892854
677360 322553159003
752418 252831967745
930404 440744230407
706902 62515161926
376630 24083245298
284037 19591061822
10655 38042401
972487 723753727855
847312 493613613240
423868 83900678698
402601 71740836718
855559 194523977935
881176 547754509481
80295 2008439464
459233 120108192244
135899 11979597015
753706 204915873376
615992 132799621698
664965 133581852965
672259 161530585823
37304 1074877619
132875 5954254009
948148 191796382342
122689 14338420627
542876 178093920195
497758 140055420374
507164 209349668556
192601 34716247289
478651 205261730651
167758 13358423550
396601 64714006942
587913 53352921875
21355 68234525
508118 204842120469
129732 6982704127
9717 57225030
474137 65690106098
247831 4284640141
137648 6029208386
716521 422439967619
872446 44270865261
504797 72903582437
611189 354862115470
391754 7739201818
480244 97097900836
542786 119270813475
521234 122489331621
420704 120419943311
495192 22955482202
565670 283450102148
705283 291344916711
605484 157381843285
132341 15066069503
449513 72670625925
821767 403237031224
405843 99570815533
977572 604072813236
791989 287414932496
764440 220628608429
156550 13633474673
464226 8209975393
504439 155517345826
731513 119712809543
98578 8430594985
79756 1389666157
609801 93984061482
866695 375552322416
194901 37733164723
383556 98498279308
468996 123137804708
243650 10378319377
433811 75165309854
696827 64323779042
201684 12403911744
33206 418757773
756395 390894456576
612458 65710148473
952502 794067576432
10958 80739252
839162 277396554357
547173 223906213991
456672 85714648451
819799 620365205955
587864 93652689138
861307 55654735747
355610 99612824564
166038 27487956991
610983 297553117369
272253 12802290002
172658 9604893454
706230 182860310277
155510 22875469652
877997 142995462071
301760 1823297679
846918 163683496135
114284 320798800
758798 448701965542
223884 21703743391
619025 383122494968
5285 4885601
243263 58725541123
453311 100946596044
503750 143833872917
247109 23293821600
760064 448804781248
238700 44088600766
740840 57431198772
672239 14649096917
179592 19670989271
502962 175274132175
780675 547573225698
394514 33939439340
933122 127377172242
527551 109248069414
307882 54728721558
368794 35928666857
361676 118935034132
58244 617437522
207388 13760804660
150415 17150692694
504781 195764869103
489174 59286946107
168190 24722594746
729857 339298041080
386284 10231275196
776936 597539433081
106572 5730690480
24823 7563830
378518 129279844000
193063 9407594879
644443 81972947008
257433 39655775273
522670 100770327422
613318 257578002904
593202 298407718442
93555 5068204173
268250 1346988928
540419 215728516321
932693 555921486175
173816 5905813958
310788 91190391342
364865 7723798191
992413 927419543322
962381 231428623439
584072 94810275456
128212 4482190465
717887 357487490624
699736 60487340899
301275 83548973411
423272 84820100313
499651 146502438846
454271 8801051972
747990 432094187968
990321 922734772319
737949 388768422298
226623 24252782922
231216 49565753456
56504 2480952483
406718 161664058168
282822 44141050210
239140 6320000251
779214 557286286484
433048 88152753274
609299 308226334174
787664 72880275942
207863 35057539576
986579 100651156200
880298 526837734196
969885 794340417563
604128 355707447042
347991 72519843957
275082 43929043615
346479 56287997009
703590 171302293302
605059 287002071746
141302 10019548546
868844 365418073151
694162 442688697717
499146 64599252295
86386 7153180089
477526 10548335031
336841 70827385855
310723 91840009966
901105 231830144991
973038 362353288362
967694 814365286257
898123 583610446513
302875 23498911423
145874 3753328022
945742 771977537798
12326 42987760
514322 225955323361
736027 14599424967
530722 50217571293
258594 12804093836
960202 616742183188
897188 275492758654
829746 355591408181
677021 342217947518
870128 117933396902
683985 189513064103
938997 847983653255
533951 215614382145
140797 17930372924
904621 586383673689
807781 520424898766
992172 965027952458
245368 20546974892
723066 273923569981
632940 147836207126
939542 588677837034
566671 289057926860
953653 222544773850
739799 386051154959
5683 7492452
844220 297684252000
325298 26086409473
528540 26148148167
169799 7240837232
705230 147866200182
573996 182524829027
901793 156163768376
864249 478870560017
28650 496167456
981678 427945903771
119398 3556289763
409959 54654016754
71315 3517652878
911697 585775759578
520536 213627900577
618376 115546245876
456763 48050281333
343072 1812448703
955251 899562063584
998140 693917354321
557690 46052618984
183098 4753692613
127119 8936582299
225348 16165111289
55163 2564302963
526331 138182365885
217528 27619760103
417735 1514971119
787448 509788152388
344796 18815502771
891085 398574529444
101759 6969417858
738922 3682226396
654501 81307374156
624307 295855754135
451251 95328164053
990014 832259179477
486135 29082623465
915052 76516266846
734715 535959008958
130716 4785622967
470289 31405148156
764673 151270819528
73543 2517341665
157292 1543530158
787686 366989197213
385863 7234345799
936279 860929880634
878778 216472373222
279149 4537256743
273600 39749636350
357503 75785822396
414828 42000656721
409192 82335268156
722594 211585986315
444168 174079262585
588487 217539653059
87951 1817888972
164510 17369650025
569037 5176294582
22922 327136477
410074 109346834882
179001 22792659559
867072 751462877878
882169 580841380313
768639 126242766374
928464 810787162605
341363 46577230412
758596 90011638211
99460 6969125971
365654 70966697799
935273 82462787087
675773 255924591649
467558 138448109221
395772 64590210202
741573 34454702479
309866 51457519738
795312 68846169106
266224 43278795032
576768 106201866361
848 374788
992739 730951093665
788012 13478787659
665583 409920955147
438219 33361077584
234817 18289803983
265505 14728550519
364805 58666095960
431017 121555624208
319283 64867657473
52024 1211182606
197459 6126347384
471019 22415241394
847748 394243328473
65575 1227291978
674641 145907224232
240456 1569771921
721494 24006230176
864685 10949340834
348580 38709158107
711536 44195801776
621388 57262696905
223652 24282270204
527359 240752562024
588792 203276723491
885846 136477534357
175350 30506938688
969339 912205935689
43723 912376092
454627 138811868621
792858 232057500730
940610 656413487131
270892 9431718947
728305 137688916349
454966 94672554049
793199 392066701174
490515 143316307228
64004 400502028
929799 505275804988
429246 173756055011
634106 198954212237
774812 144977816665
442339 91677224180
833957 349466294629
985517 539444296956
234910 3248587210
468653 93976401682
103142 3770970069
882571 733989251782
445497 103446118091
176348 8695490885
259718 18735273258
218997 47400490686
829711 263945915742
653198 184426056007
374807 50308894503
343648 114927570155
623284 92103889595
858081 361123670545
645996 202710256123
943138 86449836240
924609 720938516991
466158 173150923086
437348 97614155011
499412 229145025673
289595 52173427716
493096 103335431337
34757 353869335
204753 16652844838
949926 616760765591
158688 16376109589
904250 181820912326
292040 3507009432
991006 607388373453
409669 51089017908
577585 236832553591
951175 415569946442
180640 23725927244
518060 41726422213
58307 451014998
450100 39847460117
125040 10139556746
609315 139705437540
914187 78760265373
667072 221787081222
986880 619980291171
653390 108359515418
463358 183291638746
62546 508091559
815917 112650778666
348736 110630195507
611550 134454922346
386578 108457092024
713268 268879228789
848175 38057128622
459659 174799660431
498120 15348424391
854256 721651957078
603147 154577773989
423351 97700683017
746642 309359238171
691387 210904278673
689481 147505200948
913740 592213175915
867956 526025276774
497542 174598603912
754751 237756542865
867703 76612521054
491847 39302897236
296012 659568071
645178 279084508637
543252 13715650610
340244 68576212693
893374 327989697881
143334 19973313764
821176 33477632701
317255 9817623555
111514 11849524924
730577 154698906591
484047 223714042187
298487 75459261566
486860 196556460470
471302 209860881482
638690 379866672352
58883 922414045
803239 181602019521
112987 5924018834
184896 25974224201
124794 7531955614
839153 297797008986
96789 4595066931
652875 298366611344
78076 2634678946
764173 444708142092
355038 13205165821
192242 4239321209
702140 481708511808
406521 129392701483
346628 40575699689
569624 69213123724
53268 523180076
211898 14829936009
53079 1354432170
464144 68994022415
701046 185724323999
660906 340123014944
474644 211107517130
533367 82049024965
962804 535037340600
694641 242530930795
991088 786969484531
546570 183210096965
187800 24156402956
963176 715169224258
189786 26697769895
724499 95608446066
140391 216641139
748207 193209748112
578633 18862274302
833239 244673918853
785314 477689965619
790468 161558779555
178845 15822290016
430226 69045111716
956317 832868166316
160532 4124288856
629735 183370893878
724673 509733641765
698996 473926010448
406408 87939580021
116615 5624912640
892721 731015367220
796080 105158858929
465604 88514501584
835864 537437491842
773893 157159815105
273491 19194453365
174268 30261972616
43984 1183995451
201663 13897309880
242136 39738516654
967867 875706214279
659783 102450223910
405249 132298503640
974291 537634547313
235405 54167911921
129023 4476479053
441391 137091887732
586885 258614589830
256044 16569205484
556921 128190430164
176401 28939804393
614199 210755632150
499465 236545669768
316672 8502648674
24031 211347426
344551 99277424366
224097 43571165538
844789 466540107919
34644 1087889838
57208 2284364790
501272 6573208481
76720 2498661713
657179 65370774136
341785 48418609192
363241 20565671954
469275 144305366894
339977 60330406252
892655 676324781824
644727 61842773812
344908 92232104741
358102 89143795126
97907 1495861336
195563 24734555558
26023 531677672
170633 10221942961
438218 128621974555
854866 729677487246
727013 425535143909
122776 10620288386
449066 131792953553
266355 54749417436
667519 274970401609
880034 182298370827
75390 2016222234
257180 1967315194
256871 8119119296
380012 28426861880
92992 3838234033
578338 137580376853
29476 32317758
394592 25696130861
202453 22673763219
559605 225743452194
821244 25432200413
600739 76760493840
649376 293172549829
716160 51218720073
706835 375908627186
327706 85373128967
937117 558168925024
773808 581400694664
362513 3360843416
78027 4551161811
137923 2531023116
32999 1046340235
104387 3884432860
804314 587358448747
597388 312619727968
190782 11878773885
105329 5693660899
487941 178747665164
684966 395925578465
386771 86909438060
243936 37089161268
679732 324334956769
21494 352609942
573571 25284136938
409013 27189935674
346448 7053732641
383657 101976518198
840860 125137077583
608456 123480579285
233279 39583322376
435979 95748033342
157260 16306855291
970327 249179650746
277442 3095382028
49112 1590966406
610807 297069081942
944630 628935563727
279874 8359544844
728950 449659590606
307353 43865915106
968619 855700543686
720137 387945964228
325890 32997079072
156010 19067299789
617824 318988913495
446120 50286420544
255495 30611492408
356529 77684377485
591110 280773329276
24243 312667644
55712 1701585394
128082 12126869433
545947 123984784512
683594 155724771411
406131 66490499
19537 1857329
930709 755595602353
307927 81295801008
223469 47654241339
371940 130132495657
748476 93232645326
882234 45274379989
587178 82368654521
74690 2973695370
239723 8330992793
346186 103484072424
440603 119605629153
26808 278172016
795559 49992797587
841769 477096360436
380270 29737837383
506575 27370443132
468328 216615438599
195559 2538772388
253830 38196665089
191156 5792778898
346138 110111833670
833069 357205812427
784789 370471167207
554143 70290942928
17375 247976891
710729 301546996332
40249 1098148506
640240 255859566321
595355 327583315632
946178 631516959324
543804 47354906829
895982 456639328430
415982 157120426614
299650 70033369060
902036 517247875360
539445 98034215104
619893 252220427535
380490 35496231186
443201 163355818502
405400 26123888648
457717 39286145314
937599 633467289669
497241 46692204324
380908 104257980309
797995 636106467792
274582 65084143321
852881 286142414452
170690 20859821434
252840 49358725315
258278 27436835984
957070 670785376178
602556 269649866237
959303 681731403463
462855 47169395978
40893 653892339
15087 46024112
504975 135604647991
475770 22369901657
85890 1045126154
380171 89508264649
951939 327572431968
208544 33531238345
353214 55229665101
52343 2548898955
450329 54000791660
298784 9395027608
631869 104246666143
529281 279209170429
223697 4629378049
529390 76828035988
506899 122421431248
961062 5314847243
812699 323840307440
759861 435210464837
885918 485879650349
476814 165961122187
452154 131788378451
170020 8685717814
961272 519572574608
464863 163304128447
378478 18622913598
884546 666732936040
473300 120559000999
749194 500036758556
284959 30022047938
800645 523397795970
895777 9814557192
323996 7093667799
665342 389737156228
714482 192571362414
899775 582302434565
810471 335606237703
401438 83438287490
287511 61255290892
905218 734577770960
419285 128293564562
438473 82728489217
463591 6958339834
983172 590218832193
701702 337729393484
675321 223879091576
262623 56457726226
934263 241668697278
453230 49726228565
408932 120974299057
280669 26428625774
367072 132386208179
625550 105695605312
108487 1265777097
73227 1865167929
54616 2926588804
788194 454875240377
165396 5311382576
57896 45383728
262637 42586977139
392591 20313105621
453275 44686143876
850201 355681681290
768379 529024589797
65860 185978445
772055 270220229753
465078 170824098353
393171 136548809534
454261 27559383508
37344 1292081239
897224 761133847531
518664 212813868699
260521 53693585062
920464 583448481755
899885 391646766788
755018 474285366969
127379 15891028445
127620 16171494742
655915 360709248044
513960 183601782430
934125 749417007867
56203 2658192475
776369 383118404480
841019 318804905757
559736 115394950794
947139 185847165906
939038 787401798294
388736 16074157941
100241 6342919458
46514 634745876
82016 4299439357
909184 386705548136
73952 5278454070
583318 152066989646
41890 140004986
399409 49134037947
913411 128692521796
769582 34743719635
990142 889146945355
256407 34593575764
842421 136277268210
94702 8109305457
140070 16040971247
90313 7496954785
674210 450303874106
388471 138629771940
780071 489370878781
669663 356185542509
689457 435260120490
608652 191631090878
957936 752697285680
460100 162891554082
260137 10888311867
347952 87994965728
333031 101274025427
251089 11858163913
986719 604659751113
342830 19027391525
444456 139564765275
499805 18320212049
610897 321799875374
604168 131891581883
59218 418449038
954079 87935044199
859817 543028365025
148081 4705634246
645915 181341267701
384251 90320655001
852769 19347336087
637761 347158287098
756724 417417247154
690404 242799096343
975866 712998282774
216312 6059567588
125173 3683795256
910756 6524787611
470511 167235873038
49570 1410660703
993854 56215791490
992840 551126116031
719112 3843389714
566360 54320041980
887618 749917972001
771186 114715191479
98819 8911596953
402197 52265881549
511579 232875469435
960545 115134586978
349891 116301513864
893469 696828295013
742597 472252529215
151761 17800411745
370809 90331989947
355197 15438064748
22815 232807855
630267 351972938942
673932 47488711821
561683 77341632664
199302 27930687902
110821 5796578463
703571 223089559758
271226 62735958893
913562 747245088918
815237 60323742139
798185 183501327966
844750 539986193467
829559 171400572152
887988 674668783547
229726 33946033532
159605 22867080941
79527 5372530657
957475 444395354564
584369 92445972839
77417 2397250919
779387 272517006152
895073 35031536128
54803 1627701673
542156 292308580973
876755 206853431656
832502 677927533045
694305 203464887132
649505 116804440920
451340 26179227390
264895 46598761229
852261 268847734231
215551 31130475223
127647 7629410381
975770 182336732742
833237 262850504434
301335 8340980709
528118 7410408685
526401 181112237332
364851 35358841828
673257 347611830563
295429 63548368129
447798 190166392176
91210 7862010050
602409 306894085034
618918 263267020522
583683 39674219174
450318 56111114572
95951 3861057747
478978 3202454863
69040 3002211580
370922 107868590044
72266 3862821042
846805 108526649318
401917 153259687963
59649 3288456389
828338 628128657403
