1000
534365 213648740015
735522 392822701569
8492 42891626
135696 9493416991
737131 1654784405
826107 55700892361
279704 15972710920
545838 189466927856
548688 229464370826
204302 12989481473
558418 216123939063
538006 249094696212
956661 429302317996
259500 26033267265
292154 12540756873
91702 5668708874
724578 66024348303
664683 127959873402
129229 9160346055
142333 17476804967
414191 133186863898
220562 26076116652
838160 132292412304
597458 235426675757
2584 5450147
558215 43371718260
655511 317534210514
147174 11799323363
37516 568238488
286875 52524411959
18473 330458564
699046 335494639094
672757 216301082473
588300 285598203548
786344 451699048104
678661 433991295908
816970 509166886919
96053 7057374656
134731 7581819131
817049 61916175076
660541 134890931395
467945 191414145815
377560 20074050454
627151 307539567670
324892 48089802002
56943 3205228710
341755 19189546115
864504 176807841803
810457 161006161184
62212 2884966812
239133 4859014224
885976 147870786111
832607 50382830404
493609 117891081724
402384 97536948247
397107 101803666684
791064 477169638886
226318 24154440741
713304 154312264192
801075 393664592522
176913 1312867928
15441 177809392
601611 193577384284
464276 61632340197
551370 128206312880
657829 9545375322
416198 65599133513
368391 95971639013
804990 1565022195
352163 1124298291
778687 424769401869
99487 7319268152
291490 82005875413
573066 231011640768
749386 42887016548
83753 4411286943
344681 10170996566
935288 287425855948
747488 320888987679
574486 163894133771
721615 480448190314
898746 145712950776
186697 27275483317
726871 383316035658
668465 276507469198
540181 175172419028
832921 330787748982
408763 143680618171
536784 249926521396
931951 161159607552
132565 8276086783
432985 31957429304
238048 22500536395
865588 386553517079
592388 321161900546
93141 180792654
146959 15799963641
765282 434503659982
163060 25578465913
423853 172345017905
639894 289544734008
536011 58268060095
701887 336708421800
436053 5700664335
711238 275563427955
547768 61197245491
634698 20391572517
896689 208538071693
696298 395863071404
648290 281288241435
882735 510988518105
962341 399075725533
327880 97889012945
925099 122196410118
337902 57267604184
505079 47250603066
875517 632482363490
487508 39641902595
316112 82171683521
537723 73992798818
336097 110234783604
789515 229427308367
267607 48039584043
442119 118154160482
812086 421414773226
996126 296386872750
915506 595544717688
856439 35555284233
869407 35407164987
749385 380988706520
728427 84520240683
164045 25918975620
861407 238823386478
915950 669547376581
316577 48156566893
814359 455757781119
581344 189084295581
538610 94339620672
444068 116939507826
607470 162364420578
434452 24813177248
997400 380202261524
13155 123800082
659624 185307699624
147526 7432851759
34888 519062514
367111 91004496942
340660 96949063878
29194 530659936
836689 158783460039
542499 178641016636
519698 78101046104
535054 99539345142
645360 409957941384
378594 45390210337
141163 15962993684
428857 26903614810
569854 106146150909
382701 143889765011
341228 9515809485
364058 1706114324
805174 146329442951
614739 335180852776
86915 5991568956
439493 142212527170
643476 246794586386
64587 2703615673
713931 375376219768
380666 140008196766
44327 491521721
466639 51838451455
792163 14282503424
708460 366734897293
738199 23842445223
239899 51917699359
129017 14419794120
120822 2458103254
171911 8817878334
382505 51801748445
14575 142859787
223536 37363070865
909320 47522488317
293848 75363250750
124260 11757172125
107970 10266934097
928337 812428930240
355219 123380964026
616971 127190329980
383519 117906882120
298918 78032068066
784086 179973622645
950524 169418707460
83447 3307543221
952558 669490372850
60709 2667041380
481125 42544469086
403001 71725287119
572455 89586126048
307948 56840250699
267995 61360991112
21982 463299417
707171 54596051294
452488 174066794266
989716 533594706101
171206 20413240592
361909 97681294612
173752 12201039536
496795 59369755397
659024 165412513332
799182 412824699991
8694 17359934
1438 1234108
739037 179738789833
143792 20501130131
119517 13231696827
25070 255928974
992365 833352096301
164526 7606959513
771371 436062554292
687134 216637525541
226041 34926433775
212777 40192131769
725719 66067008619
237155 46368150923
738307 455579163596
359535 17912125846
288038 14958851362
694287 180787908354
467161 202746610915
597131 52289345101
599317 79445596852
444083 153928320019
443956 110284215540
847698 128308305021
757086 228873303796
394934 95414206352
478329 151491492902
958168 787930202597
328447 36474019770
248642 6364016124
280227 42609807824
113807 1131095776
28818 49361838
581722 133464222987
413220 118911340422
313764 49700401757
10868 94907005
719727 241847555080
530358 91369491488
191724 33045795642
962678 866302391990
251292 6938564536
927229 831026482220
270668 44153914639
630798 243060065887
364672 32543824311
336871 78334117158
957098 148052020765
634469 374611252733
98776 5349951420
136000 1895098603
153571 135362192
421609 12856264896
156671 15468307472
343487 10618870845
509360 167066909558
796984 57272989132
175316 3124492866
793882 217494510385
666905 350991112379
846814 68452404269
163717 13534752482
987806 642679822261
910634 275721678236
681529 11431958694
958286 581508555064
592180 283631319500
616251 349231475609
872041 711350476639
388424 117757357583
79389 2223731824
341422 21112684694
983289 84517934733
157053 2894859646
357474 28739831035
999231 456804629521
596038 167025173602
633399 34627570182
736422 213717087008
793439 416153327731
592185 290188113076
962385 839211802268
745655 545034266972
305028 44888443554
720100 147291768821
730795 406596991347
401642 7554195120
130779 14181991929
418756 82855291946
994476 950285270884
508326 68543797133
548443 122563021611
94111 2598187284
824007 145224678557
957321 903414409425
38374 305266671
870367 17167037602
55876 1065156441
188684 28416530591
47777 1768283268
960874 583611916713
826134 352022942580
584094 107273989727
980466 371941371258
824756 164057348164
149043 16115992573
294267 36112132659
880236 182108314183
350877 808670308
689337 131724869895
6945 541304
427393 98285908061
671106 300347350099
941937 720190417883
721187 138467545956
641181 342384716795
60898 61840459
334443 386592653
558852 222174273954
656180 87299952325
412404 1639105847
512668 237151670875
432917 38490728595
29722 216935032
82042 253221399
82083 2131995096
345326 24671958990
718450 153408586901
242096 23073832205
979009 816444645001
961780 472815330794
832881 586419506482
502104 215691828054
990516 278361686311
855180 650806192329
749942 523705404542
546247 216956734864
548223 22421828952
551006 237426353505
784841 325326767724
946571 695239668360
640144 316973235678
513609 134777812413
281845 3974501366
493399 103351912165
481146 78720967234
336451 30813911544
152190 2395996929
577539 303254463980
934998 785259389873
963456 315431898948
721762 237248444653
74097 202012781
592745 116805616760
886745 329595726826
121037 8796280581
544717 83598968184
374420 119867227567
243728 13560500108
493892 5063685265
550312 214821362760
320098 55093564272
144679 9484260313
988055 399796829567
879736 9876513347
109432 11508794486
397875 49877604856
93364 2004783430
782561 505367064873
244300 2483334633
480064 142955759891
822919 236428324584
90507 2492750068
969448 690560571416
823380 585098533993
370749 13962807638
690805 58029706972
268125 47149282336
881604 516290454704
558442 144629696786
433945 90145802996
438918 7170948161
132183 16382576390
519874 264189983844
940457 100999646241
608036 161128687619
217978 32825256884
733052 366375659600
269910 40775654906
710151 251215593564
425831 64683229519
561891 53288954001
554094 107747786599
550917 284408073787
74532 5304686257
833947 217327389044
225048 36347366148
968968 332749131043
690058 204082283431
259120 55612907676
702869 387611950304
405137 131100669761
866474 399279975800
478881 117467474018
824988 431477591349
409972 48997923509
502224 26314581573
289446 66091122044
792542 39279261979
477168 204911849243
402339 65445159833
712297 16819514009
622718 277380684801
478741 96275742336
454667 137101977684
179400 8476934959
710432 224229561270
338334 12224916887
566880 155365367835
780988 419050180485
534174 242271201005
449592 4697259836
612749 35351579594
62734 3217356697
428110 84371005923
285912 33135249870
251539 25448314814
360657 113892945440
539349 256960771169
537628 173892299025
157370 19867776839
33347 485653353
387571 103366083692
734134 380061601995
200972 39251027126
356202 6203314266
610345 1863032765
19004 333605236
920262 203788089482
813993 151780152422
996206 315141973906
571458 204742858791
901270 532872119307
31925 312217496
913450 562151362963
486380 5132559218
883867 116827194525
200142 35261224000
715533 272359873220
377635 111446072910
11697 26438086
695623 338460968743
205146 28279737287
929853 413272648764
347990 105536610296
289116 55358961593
227233 27263018507
964280 585724604674
415812 8587067326
751612 387696361172
953638 880256459472
792972 185161477437
462906 165376065748
944334 825087713894
526855 70219792573
183535 24323087088
357113 65366975195
200931 9200382189
180741 12722965066
670888 254048066292
795161 512023370565
742797 476341072834
784745 306900229949
397539 84072734309
426279 139362735411
720384 13376021534
777214 454993087464
107172 4798928390
772013 514496066917
304723 71282581760
111196 9226108633
276132 74693183615
426958 104949241222
129612 13595966998
966724 715749872544
461609 179248931544
818688 100281771189
159919 3443757709
57319 127739117
591893 101753399627
263467 67410207330
446293 47724774426
754997 425246153938
502179 247114117943
531039 134357384308
676638 317398659784
800422 452737530967
836955 425121166276
738549 99335275379
764860 17377382586
506333 57057191957
110400 933574874
659588 7152430645
429789 49645865709
760926 35595985925
179772 14086476753
344993 11228626050
735817 27575921328
865650 183511499187
590512 207667608218
732445 171104531837
4124 5407267
980169 808771025859
816343 506883848916
247558 33872564706
792055 320491992138
929257 55585897949
8932 9429221
849892 485019381022
190255 1233356134
375892 78478927053
140882 6979457208
144978 11384658536
456206 55750891980
711227 110314832535
788903 280360355755
175066 30180349265
3780 3109885
404915 131450128419
228953 18853218856
563679 133423548627
14930 165662399
445690 131719816009
171951 20689116898
670725 359897898700
164306 18234135365
555330 269387837224
518253 45636687086
410997 165580911512
117336 12429150428
825320 200302055623
696377 297810663562
491441 57026489885
251331 56320317598
609931 281949182668
743685 183576680363
173375 18468518816
842187 418100167264
612835 346951709820
58344 2229600589
140571 2073885031
894200 737081070859
182782 2916161546
236617 38921267968
800581 164151823053
309971 51465153641
704106 221339702166
887264 498752967121
504351 78647766713
169301 8379262685
523045 82381878500
985920 915422809078
374550 40993817114
415891 144742876759
617340 231574993457
475346 116429628551
832150 363210514551
511392 34104473569
880650 296022369019
309636 57801126357
147313 5168955056
963228 430920679659
581969 103483079648
357186 57926209288
724013 376613005881
307521 34833982772
948556 734876112246
412944 101983693265
438411 152467281820
182693 19696159334
785628 295720306821
696608 396382793668
551915 62548342544
812727 46214387347
832506 93853039136
460129 68934777507
503964 33639570876
611779 68015669302
232892 5696342817
855824 597511066849
849759 249249233232
579757 20138926577
999576 785256320320
360573 123128429194
404930 61334066877
409765 23725435264
109291 9135119598
328997 46797328856
812172 446936425351
975976 169565429982
65782 2640328328
851934 7648774128
882694 32734226765
888733 720811677203
563748 166949615076
474476 75804102577
505128 172188116792
377683 2784248891
56838 2129069140
333326 68547245462
629495 105307526852
323838 43817834424
251901 26004661559
649273 376830690768
234521 48444452069
472632 181996265496
474407 25877706404
750025 457654815351
770697 480305921446
345883 85367277464
69861 4873960621
586799 247155987246
193082 9685321466
228482 39531577980
964993 340728014702
683420 58922055610
743500 192642279491
994875 400051611530
256485 26825240487
673064 425153200172
888089 724569510640
81031 6311492394
595697 3390562898
967306 674262738898
552529 301661573491
504770 226631233825
756836 540469910867
570689 299141722589
157311 24386055779
328762 5650409871
764998 66094419513
161761 5052350290
323558 19274001783
670495 96849969541
392045 42493878354
984771 477630790445
147395 12303718582
785642 443771205013
574900 52430181604
259709 16219735475
374591 8930509490
34933 227920555
484802 73716595271
697401 293426295195
448995 109978990241
199623 33937659194
884755 302708782045
150705 16641057704
242463 5430750162
326712 79474418667
145718 18028770431
944956 580614702375
496412 82561954690
708165 188709197219
987149 926619195629
153021 7886894555
711626 294621744611
879925 720100585757
485773 41337470994
664170 75744108254
528955 142077847005
662452 435936619673
525216 77189289109
729089 2321777359
841125 187406079191
933594 21460966840
469762 94934886919
381497 65797762503
299438 28467236451
992621 907743552854
706426 449536176499
26207 630111058
876197 712570730454
692555 205097806876
217077 21007703921
220348 22469525515
778541 298001944654
189930 16267556399
141927 8837956704
737315 304325507411
833626 557012751115
704481 152340852607
62642 2676546911
468070 133365516250
87446 3645422314
227087 46962958860
16869 133915958
409897 61137101193
548776 15440938121
558738 192542757219
194765 27885666138
429462 144066417942
722845 307190819048
399557 29714095960
506025 183709769716
250302 7763912626
433184 140114891415
326668 24170758838
429926 1558538870
488269 6084892104
189854 20766915231
819658 624233548298
791737 434537337272
342220 37918901191
891620 619372221208
322380 49097554055
430662 23468978255
598050 209347112685
675483 162153488450
232905 35232297143
478931 118103129878
884555 593356787630
22225 149820311
308059 17469905393
797461 204991964586
825101 506094415437
121335 14010571327
737484 437595684146
883034 214318518024
130102 5398748118
573759 292543151801
772918 516120606927
68619 704514309
455260 91756020070
34804 1142293273
539291 65674374268
150249 7835837462
420479 171833353674
488750 154522271907
595449 292227403766
195675 6157958112
739736 436891004511
50127 860569272
586525 128807924850
586471 165840676165
357666 63910118394
86450 926318798
425731 101200513496
529067 29566302890
389883 84718280078
754703 223245916397
276391 57498064890
594437 148361152119
554427 291648286894
645386 372445479176
347049 25003786322
115229 4917719620
785409 158461587045
77712 4422192633
954558 601697917620
937379 510702687159
662565 157186697169
377713 136930879087
584716 131135490359
468832 56008158744
611944 96351351474
443242 193883263443
263376 37396772289
777888 405968969982
368508 54340583526
856122 626077496481
652385 54068121389
918468 38374489221
330951 20494395835
118444 734450957
59686 1783240846
33305 375852667
366511 75613098533
674270 148105996312
490987 39198328759
621520 238078995784
667955 323170817344
164352 20092645948
41156 493254449
801719 346487002073
64550 1893276496
832521 393774335165
400472 101671743574
420642 96774804450
815249 649894522210
299103 8726606117
335532 109836886620
358613 41352094083
783068 580568314946
372533 92678004505
40622 464605391
400473 157978485460
356125 71629464304
216926 2474466845
839193 77638911964
600585 311033325329
464256 175441319861
585629 167577819239
322052 88234449832
246381 55846937974
133073 3268870378
754713 96338017239
144354 17141803853
756520 515118742980
578268 141535969007
396231 37366208399
34544 850811989
1616 1782549
349548 68882684349
879117 204103690853
625782 165677099619
574655 100290997643
707313 209196394453
324037 52607985041
735513 74728706975
657413 375434791643
204905 32247249439
242016 3389740591
531706 246027094662
304370 15517190279
828358 661461010225
675962 315050666922
910537 806009789643
842640 218035783452
859667 380860979839
704081 323304630026
354090 15389704647
704962 465540367312
741472 532708327580
744138 291428953129
968938 594117883912
283712 78150198474
345856 118848714007
272485 68588905218
392208 66317700714
948255 497856003547
246125 29089502138
912395 525098544814
443921 146180278655
931019 2613699571
704028 213359071837
363994 126063459772
178053 17468445657
943542 774135334820
770235 590802780107
613986 87937856764
884767 90776953360
882916 195533900189
992865 520344453414
754608 415023451315
511841 211763895324
889498 518964546975
61271 2209322013
377036 92238041583
323913 3335280033
468610 107504519779
671068 236958709894
889817 206098083338
274111 22233895548
559679 311833921071
637871 158809376423
783968 146306516556
584071 47741577110
834744 426638396097
428082 73641857645
241806 29923697187
685469 452571012392
283167 48625170724
849783 337555569504
520783 37009430778
716062 236229509155
355727 14085032492
641803 265560728983
855015 406999748167
670209 8276571078
114506 2269280009
267399 32541522210
989482 775775965655
838284 546707738586
428613 40708272058
167506 27348495348
153149 6316997581
894715 750628211747
79334 5871897492
334640 29467262902
46165 262553544
797505 300017984725
484710 178955750461
219860 39156188440
583363 81082337093
445408 166961005933
70674 846072091
711650 439423790688
802104 643241332690
343024 17861100365
602432 337566742300
799709 68509950035
397132 9975541117
868541 137322837028
310543 56541392475
358225 63706058031
956084 492184555553
710782 257542605733
919823 211521442820
934760 747450146676
322570 30004319506
931033 798754906528
195530 4344791657
85509 3035606367
956243 567558582268
90117 7813740311
690293 121928793293
799203 565918880309
666737 356739393053
844594 316651672026
828385 287517432524
329196 18385731430
215788 39384947801
844160 544906142691
321102 51557425278
349589 105200179304
853702 694774022392
52212 389562313
856054 274762719157
234700 53758784509
209834 43373454069
402936 80300040889
695044 397987787095
408684 44865908913
891415 546771098452
454941 2599786853
51364 662541450
456306 176985888895
895230 18280336966
175483 5725570956
575104 101978434706
427323 50920922329
941610 122359694093
317336 87924891366
747879 84658362004
243553 34922495849
807803 113240371644
667526 31516111670
560956 75611267538
908145 288042392646
198823 6114360766
122096 2992587283
165360 14050778339
539093 254862699915
52679 1054291559
578393 253577480676
533329 233454670325
591333 31155806553
397856 158018044586
751351 261441303447
625088 214761923792
677070 100995966327
553120 161915195057
600969 179405429883
781912 309999415568
675438 405562076155
675458 38281839736
206285 26587350685
820190 383663698177
459724 67233120148
780831 503206834708
778903 413874378506
451786 42661737410
946697 581429786901
987140 360805326314
873302 253904448023
905213 381122246640
963513 518805487306
546653 56151834948
346285 103064537530
57739 2417439745
911883 680909500242
295720 41433541597
650640 48408101115
174330 3814849779
740683 1958177882
79159 3940531653
308262 701917150
881426 198252328443
654904 413769696620
