1000
652522 293263514901
600935 144947735988
426122 57119423814
632391 353966796412
815152 482797323101
343583 5419435649
233554 9047418030
754441 438805910665
851013 347762510025
196765 949860618
853138 664134317634
731511 145098951759
808213 190410421052
134170 12160446007
444979 177569282572
282518 6399680
156979 3177880130
674218 61859209377
114499 1572849578
26259 147038693
628756 109032819762
283907 3300533286
115689 9163676693
181018 32363476064
631188 338048384201
168435 16029146439
258023 35339600172
407463 91161427344
649657 392200131193
831626 485358918323
777366 566278896841
825207 36113505045
38513 1406403394
13263 117935604
982946 171717409766
354790 41337939884
595529 220353540815
575640 48658830929
161121 21241846234
331374 75206012257
344403 52255099246
386586 18660183844
823158 163902323631
662302 346782798377
559902 263226953448
889058 713297997192
492918 110030962785
601113 102719430217
10203 40106094
178313 2100902990
196134 37006548181
650511 302201318105
169824 10031639779
508084 201098081909
518995 72159905451
799613 99139431288
622256 280929624155
815788 417663414468
985165 133272250913
875738 373675648059
439170 20094431138
981324 788126789928
976852 512025344547
375745 77902968854
15718 107058537
300494 51748440862
122091 7565667181
241837 23523790329
233945 14875855674
835793 2091997555
570394 41054987047
137619 16154379467
772494 178803100108
592402 296127668068
279996 71721850489
339002 25158859026
665688 359229078258
595338 16360014337
908682 448396184983
237575 55287859428
499313 93348370557
9992 9084082
325361 24396823280
322854 4103932164
979821 593850540816
267433 49699284893
106957 934112579
8269 17641320
433643 148233178681
907020 807845129976
672843 244118147367
869629 103876236514
804803 273186214120
171840 23477745624
834147 695494298667
984521 100101306013
720957 155190273039
663302 2400706604
271388 17481649987
688343 223286630910
932659 543049308757
150045 19207742659
756488 204343074819
248132 22642255345
865272 405631168742
476323 173516063599
6023 14270296
541393 230682587640
537837 95646264748
931123 672172117936
513257 24035075294
10055 31749738
40665 1348018033
99880 8102984881
210689 21424992990
673604 32460151893
822535 512080572227
904185 592198660426
748278 511784424449
940485 878054209574
900095 238379966442
374588 1101761726
972569 251730442267
470228 168329418257
602158 260204666873
757964 221665841818
984995 192807711287
205434 29014515084
76933 1871258381
696674 285111375619
575015 79911868257
671243 10945488193
329708 58541218001
736023 479136086732
195507 2599076719
496423 59345149678
992731 19537041015
218835 1766991831
225251 30825620073
40437 386345605
376400 93537484280
679650 81207003961
352398 39844051441
959134 627671963049
324620 36548018228
502693 106438979285
941340 428609233805
426438 54117549324
263039 2827726502
23417 290514276
969724 305033583831
141152 7888779341
641681 27939922309
41593 326966237
46716 1436340275
601749 278847017051
752135 360895214718
268585 1826086837
210548 25227897299
591189 135052182096
656711 396414971941
850520 328877662036
685749 100319211566
937255 539485063117
933117 512182028809
904159 391193722398
193983 19787699469
178494 8455606859
628448 319370937251
28515 276927293
526081 138409011931
315111 13759510607
327637 22620452245
887247 675285894306
58538 3186903928
554438 93698531887
457115 200435748267
474744 154631556394
729595 260902827056
602088 200603527799
453970 56715934504
349505 39780647196
269870 12099119978
829941 412103699674
303473 36286974723
820177 57313435257
47863 311226882
6445 10304109
76435 3261286902
860568 670524914823
914000 460745631290
429410 52530913425
847306 327957782996
880850 708609950225
851746 464697892628
346260 61190871848
469428 1428138164
655535 424166781647
262284 33454732611
338729 1394331998
926128 250812575106
791919 377392753151
390405 81092282428
543533 246288710098
356008 71766984053
192512 20056106516
316620 10599269452
804942 225572335209
384513 144300691726
881211 239252413327
667560 147846860858
778310 478037209733
901014 420323381752
954055 876071028567
864780 238217880571
806117 31158382269
715734 472664643608
711005 92331639940
621828 44846866097
391838 12093508214
377041 36074704498
950206 70563174003
727214 370937382924
18901 39346815
273134 12603485762
491225 170583006463
585410 206111549170
524099 263060283181
43594 656816421
40974 499107206
733736 384810790346
51787 1661385193
670712 131586843630
229828 34452487489
254567 29365037686
548655 7264970171
25096 48631204
829716 331288874497
803235 275817616662
479877 135901708294
809266 389386763585
835046 324203744340
260673 32873871859
28811 603056484
709777 73958581132
766265 244583646531
148531 14975739894
496623 179707885588
141094 11459193383
403290 156207339686
659548 56282948878
987301 80292298683
233923 7413938341
121838 11872720132
438088 16498613876
395525 4535205588
815850 12359807940
933520 430254153202
65322 2567188557
441034 92776624650
535289 236396663245
63773 2322015548
243876 30943471912
962060 703245088307
672077 222674094949
808956 101960824180
20394 319255782
338045 96148610899
524240 223677072636
988454 100150093425
531548 115525599399
76450 3521391000
5733 14049580
951824 730193487983
793583 111310873408
12933 95331692
261133 56524012658
275873 3563290280
936719 596724810013
275115 19510908498
847136 643431979528
649387 62101336895
978210 342548750635
495965 226309807461
560879 15686035678
122323 3010646296
63687 1568898288
805706 450356660775
111521 1403383548
176152 15472967998
208922 18256031753
753812 47110233244
759081 120835402394
430070 18926151626
153413 173495483
500299 215997429791
433425 87124635828
884129 597937669149
26447 103007199
967425 929818016780
8092 45577831
910489 770864183921
98284 9120601036
267419 13994412170
198012 26257414240
338284 53162141952
195471 24305126405
742393 506904046312
334929 2552609318
623881 122408502787
976299 595581708871
217241 21804030585
154287 8115413451
18726 215098143
744395 516859549423
823094 84326502153
134950 11401049882
202646 34753849922
977431 843079664675
392183 74386379277
756240 73959789811
383628 61208370752
248184 30913989528
89350 3383271542
716312 183052718673
191326 28820516331
387603 48202673102
116333 10207442875
403927 33792770760
870367 632912830246
265546 38304677854
719533 137338107782
922937 16930614458
849377 117440927294
862260 179685477354
398175 120710364363
131370 8093581709
296873 74390186760
21517 127376817
511201 20386631265
70004 4338156146
45490 1818075899
320381 54812489874
422256 26961110510
732334 469297061880
529612 57863486047
808273 244807469470
238631 1774623013
427883 178313656868
504602 79962827034
105810 1457257593
683265 372190990491
37606 481875404
433913 187153896707
969352 342859291860
490036 60162120758
42504 968308208
689489 375797381857
385664 47725533930
491414 107595613869
125201 4355357302
654176 75082539684
953519 789626177971
284169 61047737862
364043 6489117388
709120 363095119350
324176 104177270393
588535 44695386749
466523 146948467128
763895 179477480990
393076 65856758930
319357 24800431217
80586 2791692657
396262 19094869706
602519 103794719396
861810 519135735036
408904 64278772166
748585 46137132997
615439 88136741656
40023 1295515142
739030 190676277745
3917 4960497
152858 4550974607
272561 24916232082
358769 66171114647
820776 633307822329
464923 77811101507
986759 160210856093
342303 101281662863
473616 19123743900
866843 418454570830
792878 618495156747
201152 34998516165
296127 58060335023
126488 2235205449
871275 9880240008
404512 27266858734
535394 273886571241
567505 300593696426
602524 4185548021
228836 8447300747
982057 887087616083
292166 35868531529
961899 700073944641
421759 116341949916
128560 2970258260
724241 216479791287
404948 113950322415
873592 29059146008
40047 845328009
656919 407694551574
845982 500921642183
78383 5287897559
464357 37340557151
377514 107380270119
887157 530149628476
586847 293838826294
975591 672203228429
386598 30019657598
862342 238426602971
841863 24538760887
742871 299568201127
190451 35525780223
729837 464524248005
268317 65340696786
768244 534768933898
456839 107600979754
722072 119297751062
148984 2317591347
861582 587615524709
888033 630160943205
528874 263704650201
167758 4422200418
204898 38042803935
767549 51619422294
486247 226486764975
565439 260943497100
273928 74622940777
924438 228275031257
192000 3993488680
209111 30392956397
419320 20956357419
448744 123276505532
245829 7616506554
881902 526073638575
943465 801942575694
974987 640955365503
409242 49096812519
816494 318364319331
667371 124166329693
595787 279353965700
722532 502807690553
36482 744466540
222327 15861972027
780277 175700114901
591556 220950606119
37196 1061106484
885469 708000479640
984870 904965710371
24206 441074727
974618 902586639084
500587 49621330399
772032 480307548626
149255 14670784290
946141 43747390137
629044 58922868216
50530 1561351721
78365 1654257111
773379 264463829094
339212 97645499640
847263 164879179798
93822 1513740486
599974 86864571743
416543 97224344771
982265 92142396920
261007 33545054404
168736 22412485030
522951 99617404467
296423 11744092528
532543 151955467674
362386 76703128470
850700 236078148783
513231 44468481024
389385 57343869670
901485 422124093289
174888 4837597286
816126 83941735710
445541 135532255593
520417 5619011774
997144 171046368704
626904 353293368127
527149 128934923497
674387 131295212249
630701 251986528446
903708 391509491368
978326 430832338316
681398 171379307855
440218 6329878730
620591 238773548155
440187 157971965438
266335 13701469903
794377 420023640084
117524 10505286702
61277 242081264
622440 210501511063
944676 616658345560
930088 727498528857
647632 302118961421
787090 566561501698
69515 2752217075
156542 3712858951
876310 359492159315
447862 47959990759
10349 58917576
89862 1941546277
337968 23030148154
259374 12331139880
933284 262369839163
800955 52938265432
952261 384684010221
364107 58494191081
288581 46760881410
172537 23170926669
430778 116755138326
56679 2412219091
77425 5934615180
606601 190832249237
290041 71648511631
680143 67097100147
690553 382132668482
557896 24830633279
86994 3250632149
635148 179805065418
637569 168783095263
118672 1747665080
587082 216386693232
724260 283040327805
838971 217031559458
200067 10332081795
202344 2452586429
730770 195481126720
669015 197071593608
636443 1072093522
503817 106383072066
708056 177854532736
158126 17988065669
395252 120876971068
629021 5015303840
547761 165185696450
720371 397305266390
953222 578665070021
808574 304171360628
956697 892642581554
331087 79271871330
413740 76982694050
275292 66898981386
862214 233953203620
759779 491353992285
885068 76597658033
103371 7128181245
444256 127951913911
36413 52969614
316201 14617052305
800319 219135973070
783214 299059315542
447924 114458410106
795425 336893862128
675061 446354950144
643910 53368533503
303772 65742111727
739067 306054237726
527044 232448684156
391049 54956497895
257078 25225275868
621886 239277865101
856408 72413367511
175686 29627198116
701673 355608712283
447008 136493819808
616569 89945918935
510729 116133037577
327265 34523819891
784136 282134267882
687416 152855098973
467505 153798764907
85830 845611085
202179 22056851814
434233 10057696903
860829 606587741705
819365 118344593582
65828 1341500208
415820 58279514793
475267 175702144198
446199 33832713300
229565 25394466192
736761 534307085628
399900 116553951450
628942 348774000755
895197 462256946434
169602 12309916482
757251 417468440760
914765 148401387672
428934 11053320674
131559 16745285116
531683 34816586713
837659 267395696562
639745 1715678941
365991 43442600465
322407 96997689513
868797 86960493341
422684 70039240788
582710 273834072240
470309 134372140495
709391 183107841424
862716 693320416575
660578 266897682205
23873 200139291
804226 389694767540
143959 17678739225
225843 38316204044
776064 433192282306
47034 419302456
441434 178607578124
435434 14378773028
319832 20254146063
735129 107576549276
575667 12695522220
164681 19599736672
817192 623938506331
885146 582740818574
262608 11832686012
410068 96491241127
84565 6920471268
113669 2911081846
905209 111426484585
745399 148697351309
741703 71322310361
500291 209855898070
961381 461650718654
873034 289032914857
269532 49630973424
395368 120209694243
739620 38170821090
167790 23558224402
250724 28323656705
64483 1925428111
880076 57620559401
886237 782538000989
810000 239199343078
609198 171069613747
323892 70873993055
514993 96456132580
270472 27736023280
600454 123512339302
546667 180225035479
316731 8559573226
874587 134895021283
929874 747205556511
357283 70449005747
271986 24986902229
218035 19200175328
886329 636735779881
233703 14995424472
974117 525780791641
126126 6484378679
613496 254729904092
81845 6368266121
8878 47692521
917082 376727744050
30597 83261845
922777 715518677319
36193 625923873
580226 202797543463
676479 244320767561
902834 366474401381
780105 158717988879
931254 159279583883
800087 152971860324
429757 16510004608
354236 69735153456
12752 142378607
546522 117012496404
743223 521300915249
308755 66078673988
57423 1386826739
434083 154201579148
589624 288097700413
307512 42550540460
156519 20556502692
871382 566462083327
886482 723297764782
699898 175186249168
258337 39257055212
37125 1158888026
601031 51311686418
770235 349186270106
116721 9969945986
638463 302773596543
682793 218379529732
98557 871879525
412044 82476406973
149703 10922602975
428800 52715303767
606558 212681561172
398382 112219276263
494289 154239923161
660670 277646969365
893973 180469304231
25760 475194241
212213 42098339712
464684 184705310880
587361 217202009335
131639 4557716497
396580 55898064285
261085 22147301440
506120 208514566798
901741 183588722892
331086 105162600647
791430 495995230318
320756 84231268097
55950 1857398988
571355 129750878891
21027 188948714
345377 96213311178
731470 222204859113
781067 94036578473
850114 135571744174
405549 1448885732
574665 111272435459
972401 125036342194
779015 20885727309
673586 116168689947
617556 158557939559
992943 791154239896
739090 84207305330
493870 167085442621
782708 174561033760
46572 417394734
967146 927968218664
188707 26908972752
696233 324455188855
392340 43556721059
595972 302882580674
445921 21065032008
785417 143750853127
335907 86705738052
252479 17280022994
458025 139298638079
65565 2164117478
699086 367624024842
105889 7140176264
612358 110773052039
974386 639285670226
807649 374788997513
223858 35156275189
27106 496656755
508184 215843283475
141702 10087746016
322005 65016917915
3173 4548738
23919 18933268
14352 188561919
624328 17357705321
435411 32072795400
174348 10378050890
469076 5897442821
111107 2649732044
608303 87252732175
525461 224121115780
793864 91790093818
939653 292209001980
992507 223738465438
434585 138911079462
176914 25456556804
735911 521708011004
536925 197671598586
310403 36433903220
351475 21363381995
323541 76190020017
401887 32753348187
921677 255450131391
358055 117190416798
160863 13581080409
108586 10038972642
144060 17050226161
764093 127574239788
42351 1010276683
718545 191324972873
587337 281080010325
733212 501248859365
983285 289482929430
625424 296178710715
115567 3367612037
632418 53427328295
384305 73407772776
291596 82674984564
783748 278405948590
339887 30034353510
198715 14203646730
466061 77652948762
103183 4204194017
859523 401576111335
292660 37973714739
589447 198548159713
31077 778993487
181661 13397840120
192999 414123837
739779 212336852923
311688 13377191169
350993 105437860357
324969 91882657336
495949 10959748199
798900 253908124115
672488 197971443429
34225 796369554
680953 258137869053
877183 702307095287
20820 210915948
787435 194613816982
18931 284881879
195063 8274497708
964289 37754380551
91351 7516239939
519188 199393736232
940754 546178867492
207827 6557142882
724271 179877400095
7476 7757732
769809 179107194572
263155 33182363038
464670 81951966602
142084 17130868183
363371 78937343086
110758 12004172080
748640 184214037498
379025 140667846897
884251 366158783097
658676 250199067740
737297 7320116802
474604 72594292350
387259 73397814353
509445 163091950610
492097 116147346768
537637 178262010606
31474 964220479
511135 174690161481
410985 74517422073
735270 246268736654
40914 1544038606
305535 61311932409
191703 21725326054
397269 88304509320
321646 1223639490
979508 592871197171
419395 36194250700
700663 480278672909
484228 27571869933
556797 31122976783
862654 327604759658
490568 218721224380
457306 37918005060
318776 46147369042
773546 264964012738
755770 396571300872
26658 271339642
352502 91827602421
22521 27052641
253742 21685765236
122993 6677344171
5257 21230662
298172 53325572468
601999 362278826215
594277 159013027410
633128 150906689458
747855 268901172742
101431 406512193
573614 186869049746
374029 43955763809
94277 2584845333
323483 68025866091
593255 158165597680
854057 206944103111
178530 23987485625
140968 15465457284
540477 72873123369
306512 45409088326
753402 97437238647
205873 3306900709
806039 424093812963
285546 2632886425
180079 26952265362
809860 149425572189
72509 1691334312
751683 463537664347
196632 21525855385
548609 157281475968
559199 227814768936
208956 38510765056
82806 3863440467
503769 25327005427
156194 22364800886
846094 29926506246
300305 87487515917
236685 29219324679
445776 8084408644
679936 47075209115
522963 248773927345
621838 169330579277
196304 30422461206
725504 180147379558
365676 108247846967
979164 60187678555
434278 157086943099
766417 195406681342
344520 83245453232
257956 55491355604
755450 228754027857
667570 289751974572
120997 5719227841
734278 452283483219
676221 161333245208
961420 625594107058
528750 42278467
576169 40631064959
972789 38661839781
992891 957508742362
417034 82144627819
28842 165847313
359867 46022000602
116959 12034996487
657243 266133778080
591911 311562765228
446329 196161088054
181693 1807963721
437997 177605630237
714174 363472705588
476638 15845792849
176124 8688100784
592666 49393815380
179269 25397473928
752655 363874662382
947166 178197525695
663787 360236727390
312020 92368570701
580380 2607449211
344168 748774864
564244 8142315288
175007 28664331525
446466 184547479373
884331 607494652360
124997 7307220427
509113 64208752272
881210 92589928195
836913 297292254866
76098 3347207216
474126 10553568840
328185 98739863968
33470 616373880
844384 239251699612
210263 23421344675
792477 29463055791
556773 99257658681
616760 60321948577
95162 8701372594
280245 29971180335
587172 183584458076
724315 422546720764
434671 119387925037
479990 193817173623
730598 374203655932
880749 233423415220
32686 131746747
887990 466210287093
270512 55716340877
163568 15469005905
113483 184905847
578468 93974472501
708264 262248133267
170241 25142600860
207082 30906603576
182224 9626270637
135677 14830883648
983158 42437406708
182587 4389712141
804696 163279446828
147387 13985477320
96926 2623134689
55166 1045186211
519545 158848019660
21837 168729345
514447 138727430242
437333 39382737209
455701 120083503911
38338 870575592
876071 378451951531
986835 896423982238
366793 64815559915
260565 44112182191
91562 3677196443
897184 795211485496
