1000
386190 47098028380
179737 31790994050
897701 550697300311
6953 33385019
68632 3049953593
474830 170787738633
911509 232427071846
19692 80359570
366947 68684190890
279411 75096496897
257486 39519287536
424926 172096495531
446171 185656190379
632296 353277437950
880422 413854042329
395516 68445538559
108054 11042702190
805495 202815365742
104353 5523934591
20927 171472264
131181 5094437249
220446 19158450713
680335 55583535956
166148 8425624470
565177 247251331041
113761 12576299670
416854 170768160026
436711 109672053658
953842 243094025796
138630 5295224009
601004 214178373693
26540 684819724
24074 342668638
675387 279726964943
486046 79493120390
139792 13600246197
203268 25531310733
646295 66002380986
76027 1963107920
803433 636705529206
705758 428563118144
201791 1564951174
773083 428632224328
789010 98781502654
237169 54781951232
311075 40412824119
97103 7255936012
50140 482966403
160260 21505039929
116210 176897597
214635 44361787538
38050 790951229
387950 102767020679
747065 250418568228
686764 213318031251
365393 6051954304
464951 5659188622
836962 72006167657
843196 200498443747
346617 3775978303
99265 2841790541
957613 382684942572
82206 2117075397
556484 5690794318
990384 384935390378
902912 505825656402
145396 16020916315
59147 259601421
59921 496504530
417711 138601604502
532018 136839132765
396142 72938065878
967802 904514306625
502721 96958128842
336501 1660993319
931289 462394816821
666759 276785143202
861770 277014401089
361552 64827166378
947917 629973029071
791493 203972895994
277342 76057945768
812794 229595901691
538846 151830926735
110946 7167737874
567988 263689908597
618831 146499957694
220168 42192027003
212719 31993688614
45165 1118479645
6286 4674156
242327 28782163261
947367 365539270343
901821 587606706301
121516 13439449115
220804 3123717870
458016 55319110298
248249 34816160362
228368 24575806493
743582 249162722924
703487 384871634628
29368 852834130
84220 2011608417
596904 249173593862
860411 345817580595
577869 175052102536
570020 202176203130
675278 328348843400
608966 220582491052
125030 14328745132
442014 9048735034
94747 4696424101
736470 459438201132
937822 755220255117
50813 779998168
907653 594736485120
463068 185865478150
626467 20937465689
199743 20868963453
397328 108696978233
804007 540133123623
413184 46854668793
775273 434727087579
784630 350188662280
81247 3702167485
467322 121124620393
738756 186636585148
433005 59748274946
50141 1549883415
886240 59126423022
95206 1066861612
143506 18353419788
696108 81770531761
262884 55781910633
542328 200177959053
102420 4310229722
631281 75109774639
212063 26554467457
366894 100187151819
514812 96102272754
830496 107574070715
973700 662732056512
287697 9011961420
967498 176337830832
659143 170789103430
867940 371182052673
328186 27972746820
630827 229198549444
270053 2835989194
59789 2663626362
460247 180020885282
472918 183953455884
924697 274126885746
185732 30651145449
881848 496429864000
360665 47097429013
690471 384401944557
832019 263479013887
954786 826625252512
253933 28359915201
567461 89320123927
785848 616178665407
23183 341900549
828739 250174182298
125700 10622696545
308209 64096774043
628709 264434954207
594097 14361142258
936490 244543923068
58842 627366926
864519 477318140663
690518 244262794295
856624 216887649557
175828 30322183147
340328 49397374456
687864 289430107672
217648 35325153894
799451 562163012071
64525 232377828
380061 130617035321
431642 127701415067
630860 26149349530
220196 24950211303
279377 10421768557
134891 9970434098
191025 5642602842
343417 25673951847
42779 1515097492
345900 21155436804
854688 550171777846
762850 448424740683
369449 14332033899
428227 137364416029
102598 8073534914
226525 17731404288
772630 467534352375
484558 218838163654
847838 427129091804
623070 385463502733
705159 146568392742
67942 4216741935
993178 123158264987
67540 1520068677
134014 5820297123
96227 3673857235
390563 137432369189
194339 35338878975
502607 54474916100
220397 24937896340
109801 6812761203
260168 46394846907
576904 22965901888
468634 143007373540
954787 60049506072
721905 190825882973
203759 30167527476
265760 28602713655
564822 33372727189
111290 2819391058
322581 70638097528
283140 56549694276
233879 50326358449
333138 11693792466
291859 36419311651
864463 349225616782
999798 373841556967
351818 4415250853
691739 434229856232
603615 253548459626
572884 229132762456
257341 39222388748
197955 7001327842
87224 159322190
217 11372
303283 66078789407
989354 471940558344
134011 10961263324
259487 36271780638
493561 109256377237
242743 1560017402
552456 60504648795
550045 33003528530
903059 517478375188
222883 2287350736
693112 89088823902
381223 95152931977
419787 19315504587
134677 11868949219
94886 1179554699
39894 986505377
430533 73048007279
466041 147850920257
149191 16867735631
695184 182396286854
242303 21957768606
630125 222901184320
626322 39219935429
674873 236323191609
875532 478545054021
455357 126231884460
547896 19742431785
958904 568567913494
571759 111499035847
493328 49608368471
489075 54166719213
293343 46958870435
82102 2001036164
905028 563911566923
265503 50220829261
514571 240037041958
791290 29029112997
87431 4120538549
791536 269953797139
267100 13287724016
505291 46403144665
663292 262699449888
328472 41057916198
258092 41719462920
534444 71779658818
828400 384268287817
965767 844123622147
473830 104693122922
678613 85915830585
159448 9253652349
365558 102450234766
239841 33528698219
830605 104170729835
465721 160636016929
268696 13031089721
922217 722888710416
545266 12157193694
363207 34351281683
370197 67396290162
714085 508897307457
169617 14205370519
300742 42117600303
899248 712126046258
741531 226502044268
704619 45571231322
65328 1741896054
160044 16735512583
709569 130716692419
203794 40026977377
452954 204983176875
912662 41182215640
628013 39239345424
518030 153906194668
359802 88506646825
13548 48065107
686340 116410848356
33626 379652757
196583 27019944015
134610 15700972669
957377 345158545097
365538 72302683894
914644 750396709107
625621 13851188705
284548 2856613978
36292 288830785
86939 7035737891
808430 543440411819
319736 88239833568
893186 549953157200
416660 36283877772
642695 358723492321
394175 83309518636
347500 56543562301
929752 269434915931
160564 10439168281
648012 332944877868
898056 124317476213
62822 3410296562
192293 20611132210
737780 228457837923
666858 323206029659
300762 45166882479
731364 223510266490
824698 320424625660
47049 1672023581
881558 708702452667
714894 317926139173
26383 32793899
916063 587621673448
98240 1347339176
566704 47602766586
847219 144089412390
618871 61629181383
217266 34648670058
502939 62748469741
428658 13713075925
535322 183394193280
609522 108322047363
465096 41846081679
689940 178121800242
3712 4871111
290083 19565873056
542349 37414615435
21322 129094934
235818 12044783134
410939 75635238141
868877 686010386570
734088 263575382006
561786 72375391962
110695 8971103792
444696 23919551772
704095 462821724276
45883 1674675629
809041 567323281204
814105 23368733498
908093 41468652877
367755 42326711797
540782 48244328535
307517 63112317776
688755 177398876187
118934 3313873194
30179 832425908
487949 151642184280
171682 18095300810
616784 203043829817
272130 36470923142
696339 404985179060
196147 3821520621
442895 34760960189
242147 27548776629
947836 760198853295
627546 204349747597
298462 6358967949
65370 289405382
65524 207468637
187794 31673798972
987049 170972183968
227911 50821731398
110657 3478298068
570255 33696055887
301340 62386428745
980435 286148681140
391592 27352734332
422447 150291516218
3065 8734269
456515 30990929048
97325 83525259
544880 93633028844
126898 10677539424
515959 54221054818
536267 120551114256
789509 590935985634
102576 6931897193
731639 514637977087
507394 78817836568
747364 546585658605
520035 135878129080
52283 405098677
615507 141572228151
403472 159929140823
905075 159979946405
204594 28534187815
481681 108500840188
641539 244819508311
218943 18103973434
332807 26136444382
158445 14706627647
625314 258861336710
410590 96608589391
125273 4249646884
895020 243980187966
944713 647006929647
138277 5412432368
428397 164273228583
750626 200155464241
26773 664098147
53377 2004362156
45542 979097695
202963 30435429361
416887 73804391744
781232 579554130936
898723 249006367945
272501 63030569443
877541 166262710852
563870 1505860254
538943 99428819223
588038 214184062647
997559 972551017894
22094 339878052
532125 158989184724
304959 20418505735
995629 191802511708
498558 14557205789
181138 6279616243
387013 81597539482
551499 165953561365
692300 471592237992
413821 16777816950
22897 138918763
420884 29649570129
414124 29637128818
856112 434933223671
70594 703672727
477470 188338455847
613330 150174205930
243114 48385647135
480917 225070961084
559934 68216743340
940871 86960954802
982366 177092806393
545079 236814441982
319391 31615132020
749115 52151954620
366120 108134744653
181251 9510435545
256237 56743669371
563817 94871557629
992789 394301249334
866734 379016240990
534882 21306126768
134613 13529929139
507900 253408132760
542405 254793915612
568385 103491915609
518554 261429919178
513160 41210858719
344457 12243753007
21316 184387070
127618 8533739599
478507 146745649283
964367 799174266725
256370 54460034961
499951 200129394859
376730 90686195645
726484 523046157878
583078 246139646557
676096 110935331089
802535 444071772762
532795 264008081943
675607 369285940973
660411 67287981317
309056 81063037161
108905 993662305
516039 7499612840
76908 2609614060
83794 529377407
579466 106654604657
632137 199236525903
767592 104570391802
433711 164330722618
111527 10166072092
771401 158331581926
685630 129254630325
558159 310345053747
118721 12102684657
89090 5195704078
677309 73130863466
563540 250610727093
916681 637126897581
870619 517990022150
309335 62028938452
121437 11679884408
946078 487864179133
284803 26416008889
670883 56757372765
425823 130530123800
264089 46504489813
129733 9503938382
992478 900546975639
720813 369215384985
503325 118650728399
659391 153939197348
919666 489297346456
904302 647486662536
353975 29838311453
482399 152580371094
464909 155878656578
515358 260054974724
511590 127078717250
817313 94646596298
45489 979807929
609891 258287920842
690935 112856722281
671006 90112596852
129694 11073185369
476517 90384010212
356462 116226045137
630629 150029664765
326172 2055610639
537809 230158659708
286745 16958765005
830159 315795504473
766212 207118149328
819259 481878858954
267393 46028460665
807488 308562571293
580181 250982335069
296352 786467026
894076 22241004481
968820 403286100849
120525 14373591008
416074 129269500027
290012 42638966277
175708 2584636738
644198 289438764342
422674 108374287
771433 502814143419
355690 19339690817
32065 676411704
647064 8930479164
284192 75412302905
963574 171703178344
803888 51644929661
24614 3769179
562047 313088511635
103568 7333911043
663164 234439390411
73658 1730423056
268529 67775700914
300171 89925870469
232904 36697698795
641077 394376870178
521766 234823171850
81145 1742925775
907269 562766589836
379594 23613825259
175445 23696868310
461011 40496471471
643090 57485415519
188128 22934914248
887408 283350828936
39895 980840391
175766 7593915230
216220 7809001424
945753 186868584417
257945 48924282678
967152 121120430264
56409 3067325611
539993 248420591868
917577 128893565901
185876 9945470968
487610 3403534507
648103 414480087653
688666 334474573950
17327 33616416
260724 41799369280
303176 81210497561
311138 50238350470
974192 619758949971
970866 321320509507
880020 763554465925
318029 56945061237
938351 860320465881
95067 8531809046
508894 226441387233
280514 49640197768
193030 1451948037
566237 98313433728
681286 106443503145
10609 17733351
227090 23817877962
476082 206677114376
918329 3840453437
442077 174620684208
69384 1101767601
879650 583038533409
37708 591645466
396238 41829437971
69299 1309757594
551321 298339808824
903644 225789335670
166395 11684882330
646301 348201140298
528770 15603851270
543125 65474171841
293408 56763355109
852892 427381459961
383029 66024916781
152287 12188213415
770415 580075145231
352372 109078780617
552915 226103117700
975435 723769849487
432005 132613746775
308190 93611212450
774350 571200098975
245169 20159693778
294170 6225979286
796482 143583197213
371262 60154204026
910414 100472489675
944992 178000976754
610833 367359852821
424614 53111916448
576652 15121129562
482004 5747283843
903992 414428391520
936706 62984215573
932027 502998461833
144934 11385181940
169623 2538683124
873177 14916249876
906506 667961271921
483098 178006401296
628230 390147531321
512056 36301889890
522848 214439954112
53268 1698786019
248384 27965166666
383418 79991992211
437362 75732787517
357162 80104839086
309127 49406534515
671052 93660629409
775382 418527385826
801695 597185265549
773008 580479752213
54430 2138514912
493001 180735978886
881613 771097562082
541757 36812402196
952579 811192625797
544086 208475892019
854811 525691994904
515434 151373611055
311971 12840603950
304547 15795973511
306512 66376004305
435239 45477779183
408020 142421270068
888121 289794717347
364662 79743211120
756199 56577929126
917981 648576676807
323815 53482563929
202732 9837461321
259880 1359613689
58001 849340969
32686 213030629
793434 115682582887
941773 368471679298
884322 285992514180
836289 442789331307
821991 585075042849
65347 870067460
870445 525368721902
864059 371459940667
143815 10475134344
537435 151782808066
412453 4592353322
43647 1310189745
299606 30272291196
391468 146793371812
175221 18516843233
67123 4502498549
450614 39130235241
510052 238124048444
800134 383399539987
660238 98623581126
308322 66306987182
54911 1359754828
361490 66493100998
479048 109132358237
436570 63117997967
470364 123454828790
545854 89516059888
740268 261019160331
778125 595770435913
981241 853170022863
964386 5855329771
992314 724645348666
810314 328450850365
118376 7802460883
296829 61740353985
74686 139189
275557 55331534475
910807 384712560495
679483 93586313511
288369 62139832386
765882 542137637301
883744 88405541599
520613 36457698437
296630 17295816819
357673 64990296869
323949 31758794729
627760 88403643469
195379 24770392756
875380 81319474302
212915 18763402224
419743 129281972925
900055 19039605168
648032 225030863962
250765 44459031773
608037 286570428256
568684 18446451688
748971 468266734743
822173 387279106609
413351 32460515974
234295 49215838698
550242 89526050158
182856 29583554244
63546 836590995
30 684
997048 162239517537
411750 32792586786
429380 37286354011
217097 7671103376
856500 167977874312
282201 24404824864
932496 150748299725
316921 93111858657
777217 147356611210
471463 191047493970
441307 7067750281
775444 30618577456
572616 213604350569
953552 165103191843
413973 136237087638
508065 27881407860
662579 247904913652
163613 18181529611
931402 826116213142
554106 266825931408
697953 469009795583
783227 137249930368
541582 291545060611
934573 5426453910
554103 27386747684
704781 75114553405
137544 16598355816
170597 611526108
359264 59362008371
99060 1788293102
834015 374977230691
919197 217093436380
619470 57266346084
754924 157750963981
97761 8151475797
297412 20861587957
445838 76745327447
631225 129860038755
396865 113035257811
321755 11054581369
273668 43502110970
560523 38456202838
306758 24694034653
833686 350571798818
636203 204977057799
280726 3173667774
823606 582191029551
598978 299307042375
534533 245161748011
60410 2385537488
540912 221438681529
47848 173339216
801055 37463568116
308046 69557086730
169541 17847466224
311590 61034077346
519798 192272326561
893380 266979809564
343578 101367213256
48157 906368529
757532 153505057268
423710 28188419815
572185 166350844561
270552 26924406793
652459 12674460276
566085 10576935742
462996 51928173715
638719 63699113053
23655 130312185
703895 224920338315
724261 188384780981
407340 85037023360
19928 35415790
493812 181834650254
281883 11371231487
398991 149479266132
610253 325007612333
311120 87077627554
553770 32235682193
516816 91945216864
33150 52908850
656976 162735911131
724981 269651662570
114796 4305749953
837053 118099201721
872309 481033212171
845651 489561742958
822501 634823216721
59139 307216054
282614 25380305647
164147 12761960131
231643 8287227368
643893 174853127879
371559 8602097424
940978 92212974851
491608 49437830940
383184 48384916565
857410 129672439175
898815 220627571143
624499 95277129569
355816 89171604367
53267 2134003206
231740 51844219253
257122 23918811854
894830 372089159890
315496 75105373023
411697 98681939247
574403 152161261354
746186 85023707303
509322 79710613592
108501 9300252554
956871 471032726489
784795 102095795429
458265 147805484192
946014 83304837321
836348 661283943284
244948 19231568205
673038 211297266691
542143 291969833764
597683 268297943424
653532 162754281355
691049 186098351832
917120 144840084872
81007 432237510
739461 53920402000
32467 739740246
632762 370438902709
677742 91398656838
68466 3437269815
725265 517647966514
698778 378921804234
136586 4432950528
281642 24762967807
73935 5122409984
276470 67119835711
420088 167729725363
842113 23588408380
717164 251127837216
365301 83558503835
95232 7082839186
847266 646346912175
148344 8094347878
539987 282141506769
688191 389397694736
758616 29449842697
366403 110078220162
79982 2804126150
175580 12024629765
805611 93044472355
383952 4830119708
655384 219992209716
351451 99039758978
767184 37135216462
32095 288941751
578157 186270070781
867499 304283500524
84963 1123088100
182195 18680169698
657859 153745579675
460233 127953289956
739837 296275225084
124907 14893821386
998562 766679206550
729227 404533487652
236693 6672567499
881561 354512866414
19412 151725332
914937 451488425953
338174 20097753625
315053 36769757560
152523 1212929000
413258 37155182588
591900 29563472417
329464 83721654488
489687 46756053855
622476 195308598270
472499 124665206789
308635 54346361648
687494 78201595431
291873 62319734130
732208 33608658525
202203 5490435460
634065 18713739217
245180 30456865341
931507 234585859437
876803 565179188333
690190 50912468557
259008 54780469238
266258 19013665601
763745 186190926912
869609 599925711985
764869 530174017659
156873 17529900400
422076 158589233281
151483 173947649
949367 325514777153
367026 30085676045
76699 3076631456
239427 42822299485
67361 1083397013
133894 12222510352
730102 241883068656
979800 500527403254
972726 147474717787
523813 81196864792
655517 318243023594
967400 26287721867
852976 54981992981
808260 7030633351
939396 425941546793
123178 2031118453
943516 600341720184
223839 26882922344
246364 33169344844
85475 3644245770
481487 89624804949
843555 144250490106
649182 335040240537
453036 46147763438
470151 159066686876
312285 34060526876
828960 595998819410
62188 1476389048
712383 4547324897
876400 321112831908
374215 9200846689
729382 262298728979
369079 39964521092
555391 53716288110
812514 128766890996
82137 6091191445
973431 792462190620
159912 16589351665
476545 95733637423
967824 119888806803
645863 337844335808
845516 109663892916
928564 615602465699
614532 108323124866
360126 98895830001
525905 143165350207
125389 13541236347
719958 43897699685
