1000
686761 324464979443
257808 19108759620
626951 280943142861
74853 5127424677
722910 3667404938
40040 433935064
333943 45487094018
830192 312365540112
637372 99591734967
942810 192143121319
910508 815881507572
563188 177214930101
619584 23258381719
330523 87627301969
206335 19921619293
94788 1650624145
504790 207909388734
718235 98885759223
376617 15447642525
205795 23042120857
346562 88886857728
802970 349098572114
689527 372403298522
788962 393224611045
381352 23204126098
619328 171288756129
723368 504695146313
220718 2464652435
637711 373188515355
793257 2205407609
510574 239479329597
767423 504164586400
884695 269028925158
215701 5883702051
373614 5192078570
957627 402304800022
805871 351698608551
412904 165394461775
325981 18776107314
564946 307173126011
540450 41879279297
870856 657968747043
773023 337838933810
917602 75159607547
416837 35918862287
214942 37515114888
659036 323747432328
93334 2728296182
16286 260615477
539959 60916234527
683621 156598986827
771194 206711326835
481389 107007069852
330783 71355953688
36687 696495718
841161 274061290667
612879 285188148744
371126 59301876225
408615 166755518623
290593 38050811045
848432 414427148927
597598 311999314794
351736 6634621397
80470 1353951270
174106 4962172822
444986 92384492299
239840 55471521117
470036 27576406949
253695 37576183177
516067 162790378898
415587 106594016621
833424 514172124943
262602 8228391898
627305 5783910827
556650 108231280480
387039 106856557716
930129 101647080067
464629 193915961762
964464 923015998731
432387 74106127680
236217 49182447839
484797 183071296923
74916 4294010989
417073 128104009912
77468 4561213312
135145 5990469032
360677 12149958351
503999 240234401685
673454 84197367934
399069 36788060926
666392 101420040163
240544 2179505984
860389 599703664704
625523 59901183569
682966 263613911463
722546 193461952640
827370 585241002062
713626 429213864323
396961 107376267182
519043 45117302812
616446 350978069125
669354 175560243486
762373 370884742610
452749 144193953075
120141 11497669288
979321 155018791705
144377 6875494666
676717 382629984397
82707 6302251672
815788 449413910603
737678 249518196083
61343 3302503523
993102 1081257735
322271 36484448777
871584 433639403814
798580 254155520017
287953 72284855298
526763 208383775358
990562 531453010913
341475 33046158805
841608 324212225105
622219 134548779699
6417 22732630
958432 901533745969
563311 294948876912
335103 14510322107
334925 80616375806
749157 440396426514
789881 199256601982
581280 120111305322
363249 58499530165
205886 33810984930
527358 134336113559
249251 9021501508
391901 143180687711
294611 35780126614
35654 841262546
160971 24614243177
501327 210217616670
745650 189424943338
722878 167450248580
685895 71771451866
155979 18802773464
186026 12463751658
824789 513381614249
369033 16516651231
294041 21727727491
549483 197699061641
33754 655480584
19710 35026392
675035 127679895041
149151 11576938426
829382 364896296598
566095 33834867994
64317 2071476634
991960 507820180018
219436 34358160296
977329 387155265233
357991 69959973785
754979 263055920932
286304 32591607827
734844 419478313097
422989 39261279058
806062 406819415154
25844 243346260
542542 203274182191
808630 232322145505
391578 111386392766
242544 48395446664
19564 367407905
143181 6774294877
640644 22266398686
739520 48067470294
114479 2042095335
372335 58488948486
623094 373094440652
146832 18126250793
741213 175070906342
448607 8045995368
140917 2773458404
113991 8236408085
415365 83913351583
553118 111065298880
943816 328323654784
612612 337038058421
823844 501588978760
599636 268491758962
765910 155597170848
605033 355380039690
845774 12198604554
504202 162805753836
322744 49158549077
642266 347508072848
860007 678230369150
368070 8469452651
606179 18629326571
679416 191563934868
7512 23422839
871566 753559832804
80445 4398124334
183652 29086176572
893931 12614758112
15635 16584876
162617 1121753005
257537 51682060516
430517 81271318368
478863 192217918686
737281 271230725709
800643 368807669502
630277 354577979470
901818 91058837172
19345 141557937
104390 6275168265
473437 72005329035
321106 49553820811
241024 16346408208
579738 323695595224
753175 449285220326
847929 68373803800
937937 456732319014
634882 138634821055
491181 90100962210
885150 563740407429
870262 328123969109
594806 270942570305
796737 430714459690
540605 72852017758
994690 134522272896
25749 400565441
372450 41835356167
7890 6050952
273316 9049899883
206501 20913493841
181966 28478278947
532965 191728916915
834164 650859237136
993828 746531820650
346710 70898046333
899690 20502484970
237377 3853357036
793390 255028928457
154711 6638594648
949906 248601791231
804625 40833732377
860012 88291392678
333296 107024474881
155571 5590028555
563343 56350795879
667199 8944232544
122767 8930596089
137486 18697807234
365533 17645860201
26605 116302547
435623 159133361878
70334 4211385285
562678 139999907098
269689 19667608551
518353 74937262616
380482 53613090926
175513 20209307395
387375 67543809345
371543 51330813218
193304 27090604256
617316 235487164279
219481 41126506615
846312 670626506338
641180 175182053579
754178 225338759
62477 1967075956
64936 3482234170
824997 544804745807
182694 22680275744
152792 6970253250
425768 58909304513
154143 15084750635
532005 188387575893
586987 204071277017
147560 2562484070
876228 23920263595
454909 89666424101
356185 89179901732
361191 91847227581
691530 155308698876
90779 6348950343
745898 299614813988
833289 141196699084
65935 1944151542
722144 518746293359
755077 212877526705
821378 330909865471
229644 20681936442
41635 731877272
863462 138094695758
731044 287452094318
55164 485614687
842316 262174360874
252180 39411196509
598826 5131373116
58347 1104944072
17347 137282585
686850 187400823979
602722 275318541671
219429 10804376450
321573 87726878341
887288 487068680533
941434 519686766325
512185 42279145470
979609 703099229294
834214 19927986433
79900 1651223720
279336 24485849423
34369 552522052
603506 89966764377
397142 100056715081
835307 540232875500
927141 86552937686
651179 280607793738
347182 45240920801
769460 445772206080
43542 42637763
571370 278465815355
184789 17107178084
856946 314841683759
746927 425858953148
763049 430789749424
181587 27643589191
500864 199434524119
688728 113299909370
187829 31343816357
19318 241681164
238697 8232388135
345530 7215919258
545060 15161059500
856866 255815549631
263611 10647052537
81991 3611991377
824570 55767910333
526575 199513884739
161286 5485672721
538036 257855506675
274517 53237103916
282363 29509851002
24084 343372048
360316 104836614716
408152 96940585402
416952 143598586123
533021 19904906437
814100 79668211093
516582 199902744783
129750 6932251092
230416 12500943739
302776 13622568346
759201 187594135338
675512 257246058065
391835 60586351346
460903 12017571137
830244 206620561280
798624 328978891519
766504 351967576378
486582 92811387165
588079 21725295289
43249 1171880261
109665 8317069632
273898 1909746938
116106 10551548289
92520 4755543136
565874 212879009091
564138 113171711253
825849 129228928086
370357 129891891883
52036 1798958049
735899 165151275564
965618 607943217998
220578 11853022556
31339 62353486
380525 121009775376
969598 98867987184
950458 363651702543
410834 36907010093
585660 295938002029
917071 715264708600
768639 468610632606
211486 29774674677
487912 138988116868
492320 106702654086
460579 114714509308
694273 155019853224
582489 68566891882
818735 373301531462
701455 224477468664
882067 502824618838
172153 25336547365
253129 56751595946
716174 413949028220
686660 183300861317
387763 100734781886
447905 93126488710
207855 34385416240
74309 3914170041
971996 465417711387
394944 64228774555
523444 262376800606
56581 1142079063
188034 24765030333
93463 3486650102
134063 13999861140
211863 24946039795
105348 4414306226
273330 31557756334
497223 181440617824
719376 137614203258
591909 30530520193
18470 314602072
754487 129529941113
124545 6308033697
435701 119795961416
818315 387334642011
793127 534299063960
209918 27508454295
637929 92317748741
708760 303540549492
527239 272758619738
295772 36221116247
924332 446680508364
427788 168990834860
290738 72535163534
135919 1369820040
756075 318864577638
165904 12446089513
879912 648337597173
871086 117102910361
267857 2658234251
678795 38317930754
592007 146781369167
91745 2929605708
645995 318958464815
137288 15722180793
942772 612074917968
179686 6182777091
956013 523223652441
488274 151794191651
261629 53207010194
599376 332004201208
416169 114810709559
6707 44004056
168794 15238783046
722794 490024436937
246058 5541813617
353190 31772012798
125422 8536612150
756255 297762303827
301128 71210048662
354177 118645243487
461362 39007492940
652374 195877978563
232038 32618804131
542549 74156018302
254811 55237725923
339415 86439297451
928832 557940859326
454088 72325898585
461681 2582614254
1981 1497181
524924 59196438080
315955 22086988719
762603 454582616029
799176 68265188614
132490 11323380375
200713 25154115053
130247 10610109534
49565 2243478965
234251 8552067051
843525 36365048118
555009 198009468584
655587 253933885907
154703 2994805583
582464 218833870998
466776 168192203012
69816 767286968
104976 4216118131
299311 56339779512
600258 159982911297
833190 86293218486
901638 624109061276
565020 207511765962
552724 72637704503
229687 32482649538
175165 27718405638
488609 223073351028
45579 72071947
657929 168743860163
224872 13034490107
708245 350006787761
122941 4640808143
251045 26533870520
774643 185312883004
771853 484948073986
218429 12275573340
514209 140659532877
929455 764569172509
868705 447052109074
513503 184034110429
897112 328071758918
278298 76582252950
723048 86144122156
669350 97616456625
157063 13729005750
186182 13814451176
651932 44709552361
911754 161265106684
654631 402571651268
311587 14317709712
412039 83402097490
766366 442558206940
833336 57084627645
488516 46750385120
311355 90229561526
31205 825809339
724614 335325883128
707084 92317266456
136092 17302594655
984212 655352120481
243201 42713199716
557784 161173539723
616100 358120507631
384937 104917638993
663427 249414998927
104859 6150279812
897506 397029703226
932038 506671122416
802823 565200946228
948639 412685157862
487762 6694222458
522237 32816300254
373679 21367379981
5886 19739639
884624 771372778903
420422 27483979301
128459 7160417435
624432 386098250839
406213 83099798928
719503 103845615663
584985 302676156601
55917 1255898028
574540 57397313093
688385 25969014861
817563 588109129836
227293 17351187005
736406 357024701156
929070 184608873637
109173 3916806863
557167 285161217111
589406 326192235828
771710 478044286685
769443 417667088921
237727 27582088951
326353 33379622003
480193 64050650657
617380 206693899081
308850 63963621626
75770 4231968705
770182 114719557269
293706 24528540399
850014 660893175466
276181 47289062339
846834 19754645675
69632 1463284587
753186 338818503795
353190 26035656571
976847 110455451627
507731 257153803929
880755 165442346762
923237 490750650152
44019 764902607
293028 24022770424
862988 553090690858
99284 176052599
269802 58196232460
81633 5640426178
537881 14455497758
457613 160465142284
855048 343178509089
223062 15541716186
589265 199197022496
873023 679084926020
748948 512277009286
211699 24707565658
718435 421171304717
542011 8377945260
389116 105376161921
206905 9350286770
576663 138016625187
293130 20733185027
159872 20071969422
519704 117183125153
950407 835299683877
13696 84497510
857148 103434500295
232876 30728618327
749417 500709947407
831105 262021786964
539456 157645500326
217168 17267341415
180453 19438958990
556124 299056400502
630904 172261516385
869282 554721782982
673080 426239995894
360192 71861278515
603063 32536029122
477127 105590640381
103216 4005073000
625304 58580200535
781903 603540001304
840565 521137529843
328287 30594779544
897871 133744350478
166344 21837965108
840138 597911337546
472845 122338192999
49094 1986828632
926290 840457033913
482451 5768463411
40648 1225912761
335947 15004917996
318193 88162436443
58214 661078441
82572 4235875541
88048 1538166806
939458 29498051071
776624 394363058976
857683 461122520697
809568 385356202546
654526 269857383562
49599 424509593
28852 157071238
455253 101540603094
911076 797785855961
652575 418991413885
630474 346947806399
498192 40627741153
839454 466229375047
222243 45679298315
743797 533253457614
947560 446010852583
81269 1462188766
585263 226086706969
317137 48600316832
481643 100872082790
474155 224532562836
399486 8165959457
805778 378214011474
237854 26804377148
509346 144756452014
577327 94670594045
600016 187120018143
330756 38140499510
229388 43179087269
280789 1624151199
157543 9013992078
882173 764747173111
770758 116556955706
157836 19080989779
554259 259246696821
763920 418212343213
254378 18599238875
872196 479037849729
277200 7639582839
648454 240912448929
241706 10943434477
369426 77990813467
89100 4411862257
704022 379405036185
49257 154056191
614181 198483365839
872355 529031046913
426765 3727250003
109000 3391701172
589499 10026442580
360503 85614321354
117712 5184673054
681130 453388862037
161891 4026870813
357571 12314709598
594737 326419337339
470172 83782026384
667132 232534090242
301210 8618621546
680411 325731588921
245388 8716621976
830666 474136008638
183297 14282607255
658091 385557910090
749432 151148686499
64327 2841310720
301352 70772178513
510764 233752856810
655163 135593653808
449567 86666211525
442609 67507519028
567759 275885770220
628114 344052987121
497639 211423339362
673979 322945446397
966889 269645943565
562780 54741603461
181430 16250410020
664640 8136105709
173291 6623780231
36660 454256503
649490 98539483784
453004 46596587231
812163 277893581763
482631 163630027108
549228 237617404749
247425 56714691825
322765 65492811181
962662 470804424779
74412 2411078531
733908 277402691381
176415 12369419515
172357 16688718664
264352 47345658927
390510 110725040559
409734 87010034758
676412 285640417181
529903 102666995559
873543 564970876352
215450 41471993894
902285 515314778179
390450 58680065687
14486 90913027
316563 39898288941
224462 39701918982
423369 75599920341
874589 94954480068
590971 317195517207
887404 463617310694
205252 26925238377
342 65987
655358 151120632860
695608 268443703218
919243 603873786501
401940 44918203710
588794 317634257643
319850 85618434756
242735 12008567035
590657 183738399162
675013 276909528028
199409 30018952025
772157 58612770547
575345 329419347804
372851 38181573863
296309 42262961565
653963 397202418374
387876 116293377836
275701 1483957002
953270 730271770181
466117 41867147092
462405 163455671608
302618 57714998513
548926 66452416084
546580 102189805561
605786 100301136377
665312 255085879207
206577 19672820237
170739 16238530669
777861 376721235966
561298 235772484995
258485 51051379106
228896 52027175258
783420 187905671186
291145 33425498587
575657 203587141517
546911 229007766523
572404 305642020225
767863 41957753975
54741 2063252193
542242 162111770337
314891 60309715370
583041 217908279189
672559 373625068332
82476 754480246
729978 357512602813
708004 141639850222
234132 20760942831
601539 283684171595
874545 547491406039
28131 290264281
602875 334248583230
697343 58078770817
221221 6822263306
498133 208741630482
637167 293383088012
87070 4876582802
429170 117208843775
440228 126017437359
756159 325969964598
117511 11886955727
215108 42560616568
503065 15055753727
246433 20427005788
325900 687905408
689193 330585734495
147471 8814489429
944283 710684445060
540485 150438406472
221177 31832021854
949215 543121692616
806364 536958424541
419081 66789366982
844366 203758012339
227831 35053780136
21891 446694345
429650 180722563910
437343 98685047202
612366 69484474297
257945 43149537108
447323 12670261869
16119 233727510
508490 56309495563
414368 2405363035
185811 13468481536
267247 45719538120
728125 29260375102
316387 17970533976
244138 41985539355
341705 29395483303
178703 13265486562
603541 132741032950
200294 12972487108
402724 90413321180
323295 77057931841
781034 277444829711
34217 525185506
52028 2191181992
825178 370608683363
231542 32230377613
903788 679351566629
588049 257469603131
514774 248989791495
916456 696967384680
661528 280727943651
116157 4675074273
932476 47649526611
367434 31220713473
137873 7585561760
947076 747436834020
768618 167907445183
25155 389513503
608501 226436534153
288870 27874007543
16758 267222091
464425 196609907190
645649 287303038158
441756 112089776917
464511 179733070361
671946 437140930638
779547 292684235807
177680 30849179554
373212 79146833814
876690 324013800844
528202 49591178798
290538 49786990928
330671 38256872850
276916 64483246910
495295 241368510274
814105 265121425341
512835 47381999646
685837 188501692401
746120 328458755818
782624 534865568402
332219 64885395125
76924 483413622
632484 205440897584
939008 788536270431
34305 695401610
262119 49024982855
887756 6912650368
128381 10541737836
843739 282391668838
806305 466578802142
546638 279853792210
556522 11587670421
324230 10506537003
900746 558355457992
114073 10002248506
668026 370317326649
442028 6386520248
440094 166818677758
691048 21924254977
145153 16166917993
466898 142776306460
160095 21279253719
699942 348957248332
403237 17787455693
445164 5546384409
778546 145066801221
886396 385443954528
83221 1841243044
890050 674952851874
450783 104727984885
956148 255066184041
754310 456008690031
592096 149691495850
423928 80725244872
735012 294578218720
974025 156032976059
516848 244857241476
542814 269996762730
182396 7910803181
190081 20143577862
106733 3664197703
878746 451294727759
856275 577231181598
181262 293309971
5157 26140696
523039 223130829044
713615 66157684971
575660 97061749236
801563 111956898144
699889 230801638206
390195 150494265672
28605 552614500
813332 201174617301
106530 6846491507
135480 13490102516
180328 16164611406
528623 3772917468
401869 7610107406
789419 473423836855
227403 10238133772
965935 745144594462
647994 375171086229
845246 685842696255
718196 219652045355
909413 224166833806
316837 79195630556
245199 25031275616
202196 25451873656
96998 6205537766
398261 105006696289
492221 1662695728
106538 4127714415
938745 146812335061
865947 24690979726
671812 121239892778
853884 255578004335
665731 21459502192
224096 20480656324
298647 70364416549
987382 717670733446
807043 253340488142
803406 339873459855
505190 236546523501
275364 42085182018
462415 100380501325
150739 12508804334
696304 426066627063
318673 21583097184
736098 14211457932
525873 189995059021
852810 127376023957
496323 31894533200
951996 409021762423
596226 78737579182
858209 576319570674
940349 358988105223
89594 1084021344
381395 109652327347
386944 11975695011
107740 6875259338
62734 1979877646
30620 519127380
416068 158220489965
882430 573887164190
321077 41603150036
298565 85262568773
672804 349390063197
863091 101506767401
342723 77346524781
299939 65198525104
662508 273813375886
409028 29405404641
338025 60851688776
220370 31417536617
29003 267533267
903067 31448955905
392866 40804864424
959814 618931034570
35736 233242671
134658 570586275
570191 154979848560
107591 4445775083
821162 70191395879
320597 39202503909
735994 39839563029
533194 133055085117
574917 80210865942
674047 412818269601
