1000
246912 51692159343
831066 399663276528
162582 5219943864
484420 24387184195
302061 4906640632
62083 3135853856
943959 328994588939
960111 99520378928
694295 296232115657
34840 203503866
918373 120292988051
787162 359378799630
842701 347987044308
548833 82363153100
643734 165499787107
3054 637187
301383 84587940414
341059 63160575632
934429 163462166100
846216 520386156332
316126 64985575007
518031 183462637804
89824 7761738836
172792 3118446646
354769 17672367486
415514 137909430293
601814 74305523562
929117 778966636316
71595 1635462474
951718 891247413573
467827 7449713397
345392 67785912843
524450 174547973821
339912 97857698430
909957 703576934327
275985 43939068380
40131 1470852405
393994 46987200168
133597 1327616261
742067 338482007604
266919 64950403983
563828 272476511642
733836 387071072895
425573 160958477612
45707 748261969
778363 339571397320
901050 764526370101
19281 258073960
342611 20696506584
745081 528803529932
554515 238455775022
347914 35134062418
726885 302899777268
870435 552972024049
595126 207063179213
384232 122400697663
228091 5213692502
650914 309625470247
51324 548587407
581145 182914505726
640606 132864503440
345731 17046635494
209166 37165215884
784542 252398475147
27134 535232932
429723 175603258947
88125 4291043352
281448 60924355611
859956 736374194654
238847 36593993975
754659 411226956051
49723 1553144021
887116 152739070276
141067 6137191450
302056 86672893568
726883 33503864254
638624 53008797663
913683 645197612418
733209 332775614079
717758 20169543124
754812 534425423382
186429 29004423490
342767 45869503303
561344 269653971244
888426 158624464343
714004 126892101532
218894 36415874454
601641 341555476435
651125 133353048587
395831 124271861597
763230 558140464269
919352 11139652822
176369 29314970592
979615 883117745958
934294 578309013417
388497 86891648744
858847 270611790908
24920 457294418
470507 186969994854
317843 70004411810
503477 101274615210
27878 617100392
281767 55580337853
360035 20801519188
615686 84004184556
590858 45100224926
178152 16222542908
867362 512497751922
939982 429134573198
189396 28024529934
434313 119714979339
122718 228399253
328768 90815507662
662699 102033352132
139059 2499928387
63176 2202707973
229954 675472545
305244 43302489145
111023 9877522609
353350 58543471204
536044 266142203200
819748 323316394980
774455 423990258767
875101 202098598878
38468 716657538
463752 158056811859
744463 288497379610
239022 36120212926
647080 237764930674
947806 524909335882
598748 250190343236
227647 21972403064
394940 131550310358
339714 53206042406
925350 166529003150
469450 34116590797
81800 1917627041
420428 116165208767
585479 50912136783
481666 14371821611
488792 112619986206
656592 5464524524
860837 724624314122
994323 291481288099
222947 19036174339
46867 80705512
822216 534490625667
967853 483294281528
10895 50810823
63114 1381429533
327701 62947032063
75510 3766775457
466576 109324912521
701474 397960118289
467770 114385136553
222897 40101355354
877533 66459232966
254713 7588303979
28142 321425915
220097 9708630118
696784 92616976415
199933 29748632033
785838 474286561034
944604 93772226862
668159 42532415287
927543 453119242555
722042 358787062861
593259 319585848525
933715 250257280216
80455 2504772029
949701 811164179315
487904 237659513608
923317 56358393604
234177 28574509527
28920 17890046
891204 632379933084
604707 131138017070
397358 88961699761
33637 434685239
893646 299238309770
875686 86596901171
507454 55918531939
264714 31760194223
668841 390403483797
62730 603666371
383033 85830191911
307771 14579283908
652617 221494527643
914149 447777054649
651454 66150728970
630782 15898938621
913673 215089260480
747069 52407933756
179775 5074080863
567585 129969211331
160806 18748950670
630498 128344004592
125786 15074049053
339201 20759420085
225784 40230363079
578043 120543575122
535883 243529022949
215456 19789156497
568200 154925568968
385327 137857665390
715650 16759873461
659678 220433358246
919090 697543797810
324607 64204670255
197607 13113791750
963518 312290987100
475651 57253343674
209353 29791980789
345858 8025698263
171378 24515012579
638213 308021998876
725528 431201521265
728639 210226507326
483720 160340064364
696429 428278917687
66407 3285323538
620441 33319005028
997174 967884012699
232877 4403603012
840422 327545774192
977423 497593704495
283416 79454010169
113725 5346794505
653607 201719955936
337104 110736543868
146143 3322353376
38174 1055944599
963389 439863305362
751288 465501286229
593953 44886954187
883390 545316783678
11461 53336862
759688 272696166619
185136 17843983948
493763 238866603468
121650 9745710249
277369 5055428500
92249 4213637337
715073 296837324268
712425 26964141064
436632 667467814
758331 208939336783
329994 92331724227
444402 104907012787
505198 21198157368
823161 632388610967
799085 348704306093
58846 1515718656
801573 181834306840
455222 93521322023
806202 161429400987
20505 337472297
100473 2159222818
91149 4582398210
6697 39173047
29309 630863714
237308 49143373202
131912 9531464031
68632 1980270767
655898 429240293258
490367 89950729776
940733 641284804091
365120 12931097644
246563 32277045705
742720 39689907455
183457 11611458819
140933 16685540283
384587 61999936241
971784 394330134704
320575 32491686538
237332 5394589880
506847 145047477084
792391 321237320845
216761 614108320
777190 390150888536
457240 151973845015
939016 50981817503
820026 649003139596
211746 32536773907
140367 13935700493
314495 94257618658
808736 311670106136
809647 356899631220
161805 21126389142
594583 231013543844
480940 25740873472
932763 596749311541
246029 59193128953
71471 2346353534
712087 118074471288
304080 62517562834
808155 191396826965
173073 20492981444
296365 53132184595
425423 46971581796
761279 122215708311
696699 330691469013
495443 32073281828
431368 29540782830
80330 1570317238
323719 69964453368
79427 4322816619
729934 20790425661
227848 29575194356
803153 123122123175
14234 139609308
248405 52163139349
859603 368733642343
775058 126224773893
614601 308697317782
386976 67680920463
146075 20735781421
770174 580064433978
865843 601033850362
624429 110615158920
367871 130342965922
727274 53787466392
225013 31914734815
413742 82287055081
177945 21381214896
563602 25896985617
290270 70198302091
20641 178394085
935881 263568568372
175604 14240240961
783668 487491167473
8708 3396258
738419 224693324530
14730 49300701
197825 35587950840
379240 2839784831
515454 235300474963
694634 221214988203
53891 2386348086
135642 3053011060
496034 206086282316
316593 70096706133
571366 230095689494
355510 76226894289
892124 301646617348
238685 1120992720
456428 75429743996
850728 214838733177
355375 40898341593
655364 252215515075
601460 211068973572
433589 160653252531
216163 35533779660
994854 696097004841
295166 2341900027
596100 184217409065
301421 42504981153
294453 1576055329
258424 55397799803
494440 50110850604
862625 83593757280
78287 5797194153
468935 65875806578
486073 190368835163
400945 50466798794
528970 203545750286
759275 566943617454
139362 13114867116
706897 189616149197
258911 18708829575
255471 3490521687
200418 6033736203
106533 8198067779
597472 165729096818
296391 43281011041
700128 199153811289
655856 77733502155
580259 99657129623
795349 21052287716
586537 84461879078
624428 159823681970
30634 269327841
235748 53976066835
665598 86661812185
875034 205756715519
105419 9414281698
594102 170189238021
239123 34423980089
717395 260594619467
242487 12596931637
576302 209641793813
463703 120774996788
130470 11846103976
785731 244165380924
968291 527279487597
872717 732360060756
34964 446900117
513897 158220617424
892625 594168277418
538433 32868750500
198548 15720254148
1312 465084
196496 5791430826
520716 153627437472
732385 262783917008
456184 203947455682
787285 403911573457
41704 447112484
595756 333235497828
60456 1896461125
350949 76621603836
62168 444418419
571485 7095110508
130251 462423916
27237 85485389
537571 96034411610
203925 29282425980
781125 90714578964
550726 245124586279
646489 102182838485
668146 82251892051
947156 141010914557
677385 281834889175
13225 81262888
288831 67902412282
196408 22443335771
656966 208293180130
688530 127836494239
951526 781416500011
453375 114618870343
415921 124009547071
24806 401254125
701328 237749863523
777211 20516886850
126210 2251685696
706499 134933944320
778395 40152675971
223687 16892726966
611783 78982660484
537848 194236705597
588484 86554678613
242836 19456792296
78060 1949042222
168723 6252135453
564029 83501389773
647522 175014738563
908633 421746530676
26151 495615437
557283 25296345522
700389 482300501148
326328 10434317355
390572 120461885637
205958 23035709249
410184 73615824437
613030 222220743881
802377 83853365076
837149 584264041676
140688 868433708
79264 2574371667
884046 693855640212
564192 21846275033
90064 1475691596
768425 388039267106
749451 546726273397
833168 574702447099
704144 192221468233
65460 696417431
301092 51907856882
466279 81702096953
840264 591616821688
894760 746734658206
397993 37852715463
7140 18977201
347439 7776382160
103545 5861378360
144276 11825639683
970338 504860629297
24651 172443359
417377 119731157624
313650 75321777690
389107 95124368803
28293 389068892
664168 291601700737
568029 206918512477
528806 269286186116
603674 120945314042
576958 83871710257
390348 96085221106
603848 233008414481
626032 107131733909
854217 720041817470
102048 2979125307
297828 63499602478
422290 106295640827
253086 8920672116
37325 1366765639
754508 400401071714
706254 82591665536
933069 689884744548
19643 144673239
363185 102220866742
756103 520072664975
624625 191646359952
62972 1124667052
972522 570019304777
870119 563374396432
551476 86980441511
961691 543352869580
990609 763116205204
451184 184133990406
865809 450392289351
885867 418976638017
119586 7849115247
143427 18301414407
676402 404644908201
582813 274410982085
989982 201658938294
678870 165410310887
658259 118761910373
409867 43050186701
871779 479798146343
317914 67624055482
53825 727629711
6200 18702711
633925 71349129294
233837 16004370690
258123 51491466547
799416 433018270751
75542 888673234
210626 32894033275
181165 26174201847
92083 3060000161
12637 90965468
590293 133032265935
594453 36829026541
64697 30133433
620707 121459827680
588562 38159756067
584790 307213298334
839007 549218527905
159689 13180020253
821094 580342061357
854748 701966056676
90857 2055880969
133529 14417714947
948602 294720273608
581549 306068842608
686307 240021991083
444709 80378599000
782180 10471145173
160775 665892837
489039 150394970265
511841 187200330122
681248 414032941053
471038 30164984386
646553 119716136550
315468 3459955093
103735 3625891470
697048 76719849184
291598 2764638107
439608 166733396262
498379 215901019135
405243 56074986258
806669 253788884906
522038 189833900931
361674 26746690792
648498 371192501362
173674 9165140284
934372 480677138294
665113 189247481442
513428 257520970846
280998 3148130390
629961 231380129380
967658 485356857730
465368 74158787974
108544 424024848
256258 47335649000
353713 29452701464
628971 87625631775
543793 229168430546
399001 69269240288
505696 116842527928
304781 53337108463
195120 7210723248
414259 18338575715
577333 230451657481
422193 40751752964
580498 324507381464
104912 1596480084
382914 78053009088
615505 21313530891
327624 68287221084
863152 570953816090
326904 99996260704
416987 17011854060
193132 36341590720
417609 170866994796
290117 30663191886
671808 172547702890
975807 811184976865
619158 269908076797
590832 255984587056
705602 125871143846
436274 64849649643
433633 66914070024
313031 24053955385
846279 528060372144
496645 232438903035
946902 477726747390
942106 755545938223
430081 113828063041
667896 92735310437
217224 46038493471
495201 120955017151
498084 151877139222
892846 787839724227
885801 422344367425
566267 143558558790
470330 96422162366
668204 395327604227
108378 10009870812
927165 264141875988
596141 41756555923
997911 456543017592
155457 8697143291
405233 42792779219
906104 350293475636
289777 55037855190
822952 132796703676
675465 202645834070
222621 16388738831
519895 202248023652
859344 116435273024
994626 976452976882
618399 31815227918
817864 326096537615
552141 286797507020
447381 140148129958
265027 56092866189
502925 232220013463
32036 859254197
723624 29907445289
479805 81591968079
78467 3990622623
585937 92467970584
474976 165566009353
746534 535417504990
10219 92655413
794648 66191917476
641737 357484738469
951008 340068697668
548292 55241056455
752223 393597585349
956237 376992266330
172289 4830578084
111258 659328579
989401 57192574502
757534 416200957173
273913 7904679661
415787 79371623505
249056 47122953235
373636 34094295651
526527 24257464281
779870 347812098511
721454 2815795710
870008 149107790251
114887 5455129689
14288 102017703
483617 82731423634
536381 193261390172
441894 174747182580
148694 10381042267
566248 84029576484
309082 36498985357
819522 658665985066
625155 334584918722
376657 141622736722
425510 93658197042
118316 6035463514
642744 248805643671
832786 11948701238
596282 128021831179
409197 89238530645
585300 290668512643
459375 43291932532
465816 166283493452
652662 321961947463
72338 4234614775
259173 7493158777
220013 47413887905
323165 3058452553
539376 195597545143
106449 7528578056
531072 72457380664
702609 410087009025
34283 91955239
278856 12627499537
914606 539139264182
522386 171315444331
855906 575324346522
836109 304953256537
229658 40326202597
750098 292237130082
820375 190660083425
910547 86368612989
656716 139470092210
389480 127799503406
509906 76230719343
827635 429473537338
471067 8659982448
996007 449440542282
249459 34401569111
361614 108937983522
297454 14289659140
876161 64770372892
639271 339387176986
735695 107694052057
948017 759283612622
663314 235316786478
175783 17194407087
136959 10016637577
110444 3691515169
695267 461614930295
835637 128486380766
829392 599476702904
658766 428381412304
106537 10963373791
64676 2876608276
762196 350041852926
758043 396931234058
92519 583521724
364864 85297550276
458805 16747421398
127499 11383449872
590958 61174854583
781275 391466746756
638480 67593065599
756433 486214234337
675636 34208776384
58917 347731047
741923 262050784721
282074 21723871963
847312 295306362690
771511 33985150538
227327 28426210640
853983 303422861692
528166 240643593153
207073 29567142552
330593 15657247345
264316 28618467878
362243 108091793539
203035 36634734763
869659 377916162923
617195 197349627889
647156 343057783019
477208 47935621728
796676 281841056774
608136 118668915116
466227 136232759043
333774 40594029043
607370 286901682252
369974 51703618803
844681 221127424985
96445 1475781800
178851 28126801921
521237 31189286820
21890 244097830
577587 33353539993
785198 597841868508
551191 35070330857
717880 50909800823
810357 213737440287
374416 17793425644
829558 118615185209
560495 131657092361
6538 16523272
457601 160414889686
732767 334248863756
190180 27365751103
206682 12944799407
235795 22390717654
888572 21038277573
558830 135564175179
719226 426817364942
395227 19158117373
199023 17663605924
934030 282334855992
567336 180729874804
298405 4416446378
540087 148838696385
164235 5734461915
539342 166132631519
60757 359599994
143528 9900051822
765335 197972393437
257651 59620217861
241150 19708329269
893597 181034221167
466010 157026402455
282087 54443601768
563309 253664910623
211100 44347372852
444504 15478117776
352697 55860842842
32479 281039935
132426 6453469323
489430 140158263210
590856 186484812961
368292 133404869282
732055 144416462580
744092 125549636037
201822 637303773
314721 84338544717
591818 174690559750
561780 216594660569
18249 309634210
302890 58171752496
988095 333746705275
307917 20880143968
953108 397822217621
948293 103006793337
46880 783428465
58622 2031384925
512538 103747684827
173277 19187167603
146333 1882957864
357109 27522117477
819027 35848642755
462664 81519554093
101961 4194169652
387992 127705940511
19696 104266261
626976 250118113729
133151 2801495267
436859 83399488922
771330 570927412399
15611 90787810
262877 68439019523
72256 2458739836
980171 536377622332
566872 101460801852
878514 632243221557
597656 182894520904
144384 5966400553
424292 65848698158
67567 3252779785
208948 12093248968
818552 226716489837
122239 14805227766
556455 268958121947
911762 719881833459
25262 53235482
881800 711081803222
92487 5928120888
952679 884994421312
208374 1370120660
310182 46650777726
828542 315977655781
841877 109570333161
74417 3690712483
615284 216583832698
675758 172072583885
222266 42678998704
473184 55747745249
87054 6796318257
433216 41382610751
897062 377526069232
275477 45339920470
540568 190219262689
505386 218951734286
265304 20754652613
641246 335967598260
228673 42030607316
459373 46703884962
946791 724036138526
129400 1021912295
972712 836771010054
789274 458526860520
427487 57392994912
264952 65744351609
546910 198928075603
105188 8004710952
809834 647173553596
823908 488922049836
273814 69215358875
40532 790454828
426570 113972508591
358687 95350444995
682980 327111682002
213939 42439956753
122373 11474033751
978130 825779909427
644175 120169895947
931244 319800192071
876784 717700502872
765773 573406064340
311768 25018321886
640961 319651516431
280645 3666752776
102131 3674526766
7813 56278282
966140 564716853778
402188 30409223877
104643 5363996541
753569 217501884804
875562 15622993771
233730 27072608732
546729 119283856909
33365 1037684388
47516 819687984
892179 346613132198
455460 32200717261
267242 52516967367
697281 381493112924
427170 11415732217
730184 276856715235
2201 4263143
87346 7064731408
932292 804903963052
794233 243152561787
432887 97847814270
210865 9000983842
213895 42913749676
138262 11382299415
875252 24865188836
99940 7221923186
460810 58058351932
280496 39619051205
505182 143352742799
100568 5773194726
861612 172396292820
566666 90224866347
588434 216758574395
345880 84488396563
260039 64394183521
718447 470639940067
815086 148745175653
836906 218873584384
945333 859451704915
856261 645715498777
749372 65326531352
240543 11737379391
467788 145747895492
916540 407288101458
177715 12406887238
704264 486586312756
403806 12027239445
487969 10588757670
717164 212728904607
40330 608804246
779826 40621084046
952744 128334480288
452922 104523040869
517819 84914090580
532671 154142403590
979375 497458185516
939332 361674125814
883431 646877743217
133081 4294213129
375731 28586849411
366809 121649805454
670589 386068978300
641419 339524278602
908749 68947243418
439915 132240330649
307797 47529085507
737871 495214445898
221482 31451916931
293047 48151641578
117876 13292358475
27345 305606096
43155 1532518920
101563 1693674439
762097 62027230125
878712 297366062031
680062 327480789750
86612 191778096
171541 11168490113
817421 394669510359
915883 352538910247
80561 617577049
357026 109531898887
687021 33437659002
875071 251958003399
942668 723530409832
245574 8897184717
431534 106016334409
487885 194560571886
158911 13033354823
2111 66927
62631 3367421297
514349 242556123194
502985 58159845167
562941 266274670745
892333 381549038910
415749 77554346560
289584 17237070882
158973 24240967461
17197 182545622
575089 140410178414
