1000
965231 850987779589
105204 7986584891
657039 121102700657
818967 386471879119
133572 4647959059
525570 155663187894
69789 2998386343
956934 330349136630
349410 95615652849
393362 34677258491
986494 622119963007
484805 225131827972
994573 758135150723
443991 14243154706
556179 8186527640
857339 448786484555
630860 231747934382
962628 544682970458
810695 373347128760
502004 168453401068
425178 151096837192
847027 11813994208
958424 429992315842
15134 49572
422875 166925969192
302296 34581382786
29685 344161910
966355 397889032137
442429 90275320894
204678 7043621701
446993 126497907284
122063 11198788054
171609 26758980949
303566 74185199038
728398 500523691791
372045 50944233847
813716 442874581659
498732 202797149698
616107 171304359058
274687 63897328629
157418 17542535872
524591 29786700952
403915 108971149456
634067 353378496371
175627 13828444110
605061 129530358426
346487 63647923415
227507 44562618694
733001 525615435682
369037 115147114852
911755 198491601020
560070 178624448953
631769 396813957200
66858 1188160795
606438 191963702886
753119 149024860627
933641 452481363714
512988 118342288130
222671 30207919436
845540 637542936862
520960 112465383758
257193 5271355443
620741 337496771432
766711 498075354987
775819 396313718774
438589 120925092842
613327 337077243264
111415 3003686242
819364 227648025360
445414 85063966866
805750 133058240284
987532 578281999323
181997 18187923199
185006 10837572774
802675 564550936848
491103 209538058082
357907 98720773988
693490 474651143080
367959 84489029019
626753 78177162733
33971 80576206
821989 22883196532
766692 190679461809
747729 139123936224
959103 248185359909
49440 1461040098
128859 14435639617
967237 734155468109
676102 197865604646
101080 4857023768
297742 67852965125
941676 787055855867
646343 305930111053
408498 10317405728
588383 228408037956
608566 31797527237
456550 24795144693
823473 176884543151
144546 3412903100
425142 10968815329
534610 206895407947
208765 6793618550
403684 117910410616
286406 79590004371
346243 50052240120
938944 147928613867
926050 774855609547
270047 72859016427
273730 24633185178
665702 176345404889
613552 136922765673
529475 20152476535
565644 25162574001
719235 90768197244
834431 241210462676
206403 10234121463
258460 16514402730
48239 1756879162
9545 74240639
947616 74275766202
476325 134730961120
204004 37867268647
972040 187892486994
924650 360752498364
954180 333960608733
79530 364756945
426519 142321325457
418215 87279784800
167739 8547938591
65164 2071860786
561188 238483957577
66807 57746190
147472 534893751
123797 2501216505
32164 511694487
534779 39806618317
502138 185497812704
742220 193677773942
360800 119421008669
660189 194245334352
542466 241077818065
258729 16107155191
908696 222589371374
112517 7112060145
231145 37322125473
418573 91527513564
900941 601316628732
35621 474488314
859643 619180930393
55144 2029511151
994491 510666368393
782831 18638214976
94153 3995147872
259190 7743411062
714625 416693972817
735182 414118030156
729179 342227616484
17372 217573692
108277 6520897334
512055 75673169098
337454 91831158255
272882 27862054430
355039 99362193
749692 115443078127
154417 144048067
417708 58750827816
908597 597248744216
87337 28157033
657590 39331176028
937321 295668081733
556726 131329256397
123343 5686954933
579929 273402260822
335810 50224053221
815603 126802827693
578799 170453948475
893835 468027788142
868928 747715677315
172893 13075926467
231451 34790835830
817197 88485386513
833676 621098027651
509953 194346670701
446585 49937515714
830160 687768335153
372263 102219807676
320589 33408667946
379357 143019608221
210615 36086615076
537566 130494010231
951285 613056872744
5028 18626293
888742 776683127627
995394 642643719237
279404 75002032853
685683 78630632522
831125 229937719483
655275 88914120619
287379 44841398210
787042 277435345432
251593 47166648499
228602 20036230867
741683 513458071942
759383 150181508059
557271 297686983155
219695 30766064921
719559 83520555445
779300 430154579747
795476 72229354284
420992 136103720622
172306 13753333877
820661 310661949152
420601 319408153
385607 70059547525
557868 304077948025
188573 17631181521
509063 188237158157
881297 222724936383
208845 11771976159
337390 89013904508
237954 14880828359
947711 556417970211
342029 108009543417
232229 50618684647
218952 31067051501
470630 194311642808
381769 76867836891
220147 26943007
63095 3115627280
100615 167343168
949582 340116430100
535162 236941164956
651007 338207052237
171176 18895820646
382665 31660305461
436452 94051340014
696881 15282433385
23843 376780129
280614 49948919933
930723 163919229156
735143 537703025819
654739 131885892051
536987 85096944380
178449 25450877122
938614 756898112741
888153 34836110507
102620 3363187431
496868 225499886771
73414 2946942044
387717 65467663568
387445 131603915563
835310 582338142333
929362 152215748444
218908 6507379225
517666 162229942242
583351 163152137885
777823 19475390770
928523 402120821110
585803 279469218985
29333 501912227
977515 120359729248
61938 1307210633
666627 103478580404
31904 184104223
810253 443571906747
753533 436408350431
803954 147337605982
864232 743236666534
974603 658484755906
513451 35262094400
472329 201968537174
160993 19516798785
854658 463469996882
502076 446997990
257877 65974753559
52061 2516120431
877044 244746158531
375803 12138509439
9039 73928995
355703 22592288221
342022 22496110103
624887 131575026363
51147 1959089943
663545 149442897026
484467 77994283648
525727 75592001449
634635 168051743962
398095 100259249407
867926 55549443163
574433 263588413548
762663 476681389515
647845 69524827335
561870 3797279027
747445 517393325538
269837 41303595395
546522 156188197767
136205 14264516634
519097 158737817610
942061 238959651464
840648 73993897026
761292 84605429675
920981 21088168945
309352 20275815284
505566 157431465904
253694 29006545425
176467 29785133273
791065 459353459902
474955 100870071623
117076 9752716921
725172 319254607441
129518 13065838270
878678 609056234067
240701 3126402377
460928 120921105037
698686 424083450162
148185 18312038534
313914 43127818933
73562 834699592
880668 338738475693
84333 5162747243
536247 181361618679
425883 48523102523
501087 36643775279
479724 49731299107
168625 17241471125
924402 476753740548
503443 237172157781
397959 76906478541
196196 23831711699
197696 19921549267
354493 85538666677
435101 128176868044
630963 268914707894
770421 533619285205
163216 19166579357
427236 24409189696
378115 68888648743
182558 13971469589
587330 21716646680
711651 464627895901
432629 181217717946
618032 296708641024
991693 771876990452
221526 33669650913
337577 98041389510
11785 136777544
968030 518965865374
801460 17001316080
473145 215934182910
273001 14036064546
719720 188925409085
325068 27512791595
187926 25236429188
945429 706350671384
524310 213201447627
569640 299460874419
529409 125223424419
270137 27996300292
187044 16395670328
981670 150601059146
418458 168595115991
448930 18427264913
429699 22895245083
86319 3245761929
378729 69484391165
748930 27597409332
377671 46804609684
744034 268458810193
447316 117088922057
615219 89500854303
723213 160098005899
933228 596677412787
922427 555189144515
567720 121089744178
630698 213320285873
190157 26871879288
908653 696053636807
279986 29843953401
582512 330697521736
581949 235970965752
80357 6336287244
225606 42279298406
117592 10206220853
9010 43944366
813555 267824018643
234929 12556210175
627825 57416039398
579508 225702845018
684072 336232789926
305156 44604788454
349200 4790167762
720882 497779514458
190659 5344644112
916773 132701342277
814556 561742131191
123464 13617819016
581355 261592177256
768456 504042226932
362987 6912631617
611274 89182192826
249262 53628115757
988817 87447415202
514701 149491132593
442693 79636084814
2595 6304486
346329 5427035584
12087 31950652
16872 261263272
459779 184404371403
196859 7109151442
671425 231298321627
955009 355695085712
26044 647774397
857596 664404531162
513306 223849578959
165500 13038377739
421811 3173921589
274127 43622783225
689805 27326449407
260874 44636884711
104490 290227456
348387 78664265154
383149 122294314343
376309 74312036879
915790 477546464891
299805 55978098569
784865 200261889335
450332 128942504249
545488 103370996621
680950 132501139671
306592 82300408600
608280 78902691514
247142 34496891240
496111 221790776274
371858 76084964888
124409 1913402098
867671 562751166877
159362 13425566949
582478 178920567487
678786 163925458259
613269 246066700100
538978 44281568951
629208 8117506879
520227 205848746445
33035 1011457272
487201 163565091911
362308 108274302413
471353 114846672153
43983 111397145
625731 84606336093
343927 88846238783
81867 1100405155
101865 4890866935
652127 87614836194
818063 112394482335
727706 442767580526
961410 764589696834
682990 463419180576
865091 460798076133
10126 30962550
746480 541598043770
556211 294277812986
407190 75732579421
510085 189600761120
814703 330474132834
390681 135769871515
749195 423122038936
570010 238934093926
711870 474058267010
74536 4087608616
569981 295094327799
647640 229643177900
226291 22250174399
178488 10026986258
887942 174903552188
851811 441652736708
466426 56719902609
752434 552807718781
397849 123199185886
444410 22136135615
645783 218654032290
649337 36114457349
706466 169053856816
259590 36244054532
804972 285087254878
891719 623613162957
797642 184731143185
353986 53747265891
815328 36709033107
721377 60401678749
350876 83598763501
651055 406301306647
484758 207120492712
184923 5875478833
333196 92805863638
494245 25769480857
83320 272317273
145233 6692956479
17750 225542679
869892 130566518267
216876 44091556400
875164 123917513669
222961 16293658097
941002 612303039406
561022 129795224550
508713 104551706207
503816 184019859565
994863 761815804888
548873 266217189953
504116 132120971722
509035 149861591273
430442 125250299093
188794 27691377285
712672 298598536453
956105 252999762472
678493 426140974441
401810 74389709349
870852 731905512311
226017 30958999661
701893 3119190306
258867 6113267159
702311 449548031073
640289 203245991894
788894 304092907286
242908 12656441538
494645 211091160128
562978 294987703610
155486 4630098276
144790 2930505309
486068 168597575677
217618 13151223028
412471 150894804004
523494 116873609000
287234 47369176011
871661 716378530188
281198 65350647252
937268 239121813956
831135 51144596954
894792 110011312017
316689 5168110496
37910 866361739
820254 204192943728
663958 218570069321
415158 158592278563
886281 768887813062
745878 311322458981
235503 15046392369
422479 83258160706
39263 488796656
486960 49331845755
805283 273970938123
368225 42455259999
974857 346456468750
926304 276925984976
359323 32745888842
995514 380246446084
198069 27225956592
246860 43393422127
161373 1220536301
608030 337343471740
72508 1246428137
855699 486952722166
581836 198276450142
45870 1785544128
618475 181269151868
825200 584467854694
6995 18419516
940648 849612929336
408583 34414073416
329798 39665855576
902926 514804137812
732707 324682410502
162627 10937206706
129434 13010088965
205204 755103820
78026 1414826792
403531 159643766401
884445 241070922861
448513 153983392465
706801 364137783374
819573 240436670893
708877 80338101330
422353 152405984716
4266 7629003
315109 19206430452
890256 638119044505
900863 522445923077
622735 256509780479
110572 306629101
935001 231253706747
575423 254265351785
658441 240046481406
286458 3475858262
127330 2420199797
880802 648798478035
401878 139948039470
913331 535568781673
251034 27345626234
860362 633161054056
204397 24616483864
632716 228531852855
465384 92273642000
653161 215702199031
983587 230100036320
87308 239568672
924898 723958942969
994348 980447986185
887543 257500447124
756192 548225795302
508908 57828867045
596988 12028841976
706092 495728886194
795985 378639665253
963647 636350990459
971425 371727739990
492546 166073913786
356065 72602523063
587541 106446873525
938628 403733929237
504366 96779011946
645831 139475999131
757191 402769064202
881945 650725426791
325248 68902056944
165780 26569681460
571824 190892798131
663113 324935253098
270044 19393376685
670043 304765281986
140342 1909300706
813272 338006999185
339726 39194107273
289434 44195239736
129139 5937551887
491371 120435618371
754291 494408935494
443881 83132663835
34782 124904026
535428 124673905431
682769 258684297903
424420 88032394538
186922 16411373443
123565 4806715777
236032 6852919824
995304 125874494819
924175 578924618822
682715 281654139345
683893 255086202055
240998 20228432220
146525 4084116369
989221 507092377365
925592 300241147570
95569 5387908331
830285 139618125207
577440 170751019281
199929 5808866379
782346 165998525531
763434 15443883123
215326 2280814091
156965 24094473359
916633 431034634567
175257 5561614209
268386 28134069263
510898 107249526214
586210 321299951230
203146 29912732844
30182 230311276
390539 95676978775
975324 130162056507
769824 250803527247
176256 3912904160
420758 259176087
77920 4770962214
724816 419638631476
779525 332728550687
263414 39369588025
635474 361409679250
126509 3812338276
307819 34117576172
260092 51485784641
189569 32514518387
955173 38438453579
461077 106768405200
224912 44966188019
837549 4098367344
259565 58864475189
477881 81942542366
280136 33258362246
264178 62477272632
63313 3009633532
96291 8707882634
145850 20982481206
711014 394951344776
598468 136347257963
530242 133489573335
231208 36723810325
919924 683163276684
3769 11564142
86699 6621526575
42158 695928959
358106 21544503121
621783 62897589418
292525 52982206884
806248 362479296357
605390 174365660128
40549 1284756660
311164 57367963285
353385 124579298861
279995 34226642145
269779 65898424735
468453 17728172712
942680 784135696670
19027 87584582
453203 145812087414
495359 202040844490
45629 1311280021
807417 87382965674
853424 672836525760
684286 330372113818
365895 45656069953
152512 659981120
507480 168798787579
895468 547382358547
639694 26588995039
290265 77465898458
815432 134149815759
805549 462989106827
207783 17999664130
482755 120289324875
727169 380186299589
784183 369650070693
562849 166206301705
579141 312714247157
816298 473281384723
695617 350285066759
349920 76369359459
809383 86079814540
44800 1524066792
652311 158822960352
577392 75473914411
821557 267503351858
965678 568421779821
373851 4012431474
678671 9378808386
226366 27286632569
504802 107368049270
291264 44429022604
189688 8021632725
102235 3843733583
541472 118852347857
342940 96353991663
454704 173282843134
703643 56331823394
791680 336145917529
612433 96120225572
803889 170670284131
614214 52460750600
515904 204934133411
791922 277113802963
233382 49390843260
23473 212810181
433193 80272303454
472640 108251241565
659493 110120493436
971252 913726686992
958043 902692655855
528516 155562119411
775325 130844918189
427538 18124244483
133312 11131262997
297423 70017534438
130670 12683527518
849780 354939310476
791020 240099822880
129216 1603957741
254126 33490822346
743456 205690341151
519782 113344527061
660573 135595746269
324113 9080095344
585393 240667907558
347353 120024355823
946295 738219841357
48733 843015991
254877 50367702409
500825 146684910571
681294 451835789034
553050 226012675768
952233 879078547267
339089 23193205759
170777 7491380082
382799 112306104586
617111 38251687837
255201 11387739524
426069 97650035240
639702 202956062785
329094 31451584922
30659 217234273
438688 146902093726
11313 70063315
658905 235341808247
166689 23058107556
802267 250924614186
124794 4871466446
842890 200470542132
793270 404931343718
856212 92919339216
300422 60832509814
910292 694420139989
361801 55668338790
887104 175212103954
76496 2183138177
58798 1431747149
308684 40727993646
367760 90856101262
952286 627209421332
119555 8843723278
535616 260163304745
112272 2287880234
884623 370735531089
939221 497813297352
766438 26392946224
405890 108167882545
968473 731399793902
671995 421781475828
234380 10680417765
521687 15118877316
625996 146526607464
458671 63009519219
998184 575686935636
358423 102544860546
188296 11503670446
731726 2319154600
166612 10342038319
306897 29784905048
285083 2823095304
245343 39632233606
228729 6483289159
525054 196574283250
120201 5974418367
143112 16214110530
397195 55718458079
370918 71656563742
47962 2064923581
628402 46567791256
920682 483829731138
661561 16280174265
499272 175773046480
224667 6682076271
406035 47355139525
388072 6885392966
849871 62079373783
683836 27700387012
510069 186048933677
796459 376589761640
244548 40411274386
177810 27575039569
56059 198543439
373244 71638382543
591342 121915119510
175282 20722759229
306761 1435717610
528106 50767191666
204718 6999199930
631190 53045452543
997163 371902043012
222975 2073492870
343490 10554552501
864 138530
176553 26674081864
640346 274842055445
734096 276997084148
513155 174291641565
374483 25364424412
633176 380519215586
476579 110022429621
689840 230814277528
611758 65418332775
765413 207560186694
692414 52958553976
714777 125720158384
397736 24987634679
738519 191309561285
885550 266254509539
550544 131235333999
291688 33613934740
691166 257798290855
836447 371889153939
741499 197724925248
827553 140616183319
919766 678180528246
682767 414702083520
560542 287293104797
913542 389648288587
118439 9975338940
545374 262317895466
867754 329959127690
702587 449952043153
388857 29460294471
601297 164748016805
438607 188333768957
168480 335455288
853264 362159516150
83516 3270713132
197129 22987099572
749385 173799433048
591642 308382247734
49173 1709270408
693640 366930153084
135239 18124301985
378820 102693580349
717687 238217032839
47701 1680917451
951605 727920225818
86247 5767201773
568139 147682172348
196438 26889231744
713623 263956127118
327811 51339916102
545286 73803516550
733756 8095506017
665008 433746604262
325255 84831556752
346574 49064461012
153074 15637016308
751822 383082394202
39286 701113006
746239 138315507135
342810 24572975573
700283 292314658766
336833 5617354294
660356 34773889937
246218 50003248698
146363 9249447237
484438 61768099534
724581 243255918961
730396 343820378590
595837 202197645925
294840 4867933771
798686 289940314203
75699 5679982334
909936 427291644429
886758 274542811697
493180 191365166959
811763 370296356061
972848 640838056931
66150 2223491734
108914 3793144681
949943 128822391331
43439 202495377
451414 188764620775
531549 131906135696
791488 201327832896
476897 80077173104
848120 546968760662
933005 558552284818
883271 4933618768
834900 82500434369
312393 54125773629
88457 3100245285
954532 121309540263
794886 41223522288
233090 11649168040
100991 471167117
752226 145421711876
559108 248002276297
784870 539697817735
957115 378370863147
381689 94712963475
954644 214374334720
41107 694345693
793877 228497627073
733767 305319877
97658 4254800397
489145 59500400873
352244 98319288054
593526 17505344607
290792 48610839694
210499 8989521245
793536 128273602243
617311 21393865908
134356 5221481783
921779 442539654613
912914 563743789030
25718 473890121
263577 33558189473
408571 17875681959
52248 2470360379
403740 98166559996
936491 61181698458
790763 521818021234
8617 70345599
22670 333492061
368127 126824491471
318029 78898483554
30951 825112367
832428 502427140397
849684 332591204716
27736 592212136
653885 155120692509
