1000
232328 22862679947
799909 97242659410
829755 392415553823
643202 400595101246
409532 24180748455
953817 472136290276
573082 199989391956
308730 72562816017
314361 7707235608
536504 106116193511
246950 30616119490
487577 208385637463
678348 289485094046
376105 53084882772
174563 6311855311
965007 841917846763
771485 587592387268
198811 30568287203
832105 87794820699
844742 203689551439
246937 60756133520
746707 504906777255
938246 682657077356
868040 345624415775
708329 94642856577
884406 243992291895
780405 357807919144
205963 18446661426
2140 1308279
963085 694384245625
302531 52092494368
612539 230800336650
824107 607529777207
313628 65835588571
432487 151635292532
933421 864091535760
789911 13027142637
470897 7583132653
703200 291696728233
292615 23119506066
324015 51430415430
770712 57729909701
366794 24937908958
377504 23707067131
530423 148443471006
755798 89938204519
208240 25799913496
956823 799385183363
389122 141186573644
431248 107797953162
451762 930488196
918381 947219737
943565 428427824856
404608 158185663006
26530 572716262
903270 623288102754
197829 10947127288
625709 145236847427
946178 893557117337
196682 16255529972
479260 66897692585
354983 96643035885
7133 3713804
886730 588442725119
30212 528148994
705205 30142738847
422687 25487704332
627410 279163250073
312570 20833432086
254448 57519147730
576956 44853011162
162801 14661091636
543758 37132600077
523617 75490370192
182461 27275810602
169281 4395914972
289802 8028802788
392933 29104373806
891500 777245938907
46337 856398237
411906 45793000532
702505 43895150794
24518 471659851
406231 40559515709
827836 253765057087
35901 1019177236
881020 329696610791
235905 31286005729
124497 11488708674
903206 728862283664
100544 8478100383
726279 282172747837
203255 20658397423
574928 86649268184
961578 510522587853
673489 34117876417
925934 469019425685
474339 114375724220
33279 911465992
529712 92106568191
347645 42723410942
923104 57407299320
399424 53231025669
343345 49229763486
65716 296810347
926902 780636741557
440904 145255662933
224200 25754507001
672446 75071907535
292986 356050805
841325 607378514172
633224 225499167938
192429 14566661671
660643 22382084960
946340 651276262594
944586 182685304501
519133 256566968986
341468 92577901540
643197 208332792898
179921 14839500099
917146 567788320512
562527 188481656305
519676 215531571390
405378 95916383758
18934 142134679
705076 283860877734
217632 26426158251
664458 225115372594
947274 512455182484
46188 1076219396
3706 5937801
928575 827463094049
989135 597381712015
601499 220826744251
589761 54404720733
269771 3275605837
837631 505799741938
357239 29515990622
798743 142397198273
180364 1074662342
850181 207295398935
602622 338188290242
682878 151630501050
411207 36666986348
340929 45988627029
855820 460073314192
351817 117935917235
869115 429614323906
944817 547217254779
19569 288540948
213089 33735725064
501332 173024418577
956520 863612374916
811705 97107125998
323359 62209020544
621835 35353609817
476330 21490409811
348809 106586554719
826493 563408651795
827676 281456962933
804166 251441198830
443396 29904023475
539490 147022932387
444730 40388791991
153283 2998284963
168792 17923244025
349957 68524071168
384093 83633547215
85170 4036623736
881794 749374561015
286690 68669861033
570270 88056548247
906815 789147349152
892206 92951977973
970218 561826143763
219818 33228964451
454191 33567449341
255771 59747142456
952231 839338028799
362320 38188670809
916465 662824850591
189522 8467424634
173823 13738802978
76236 3961334454
487405 3629510452
63962 44526773
591305 99742323522
90736 3040052316
622786 44893018962
298636 41384648680
678813 201059758765
286302 42875358770
14985 145666306
168597 8494410715
650582 344172378409
51690 1904631541
832172 22991502101
579299 183337196943
971502 850889983222
721003 115386372176
225665 33617021302
488825 167446211688
315614 68269507385
365219 126976502976
849912 222001833392
902528 34365894348
113051 12334034657
519730 262021127291
146117 18233507288
328886 107702889500
183358 8877200305
244804 15329179284
781526 508649117455
547834 230447701188
7213 30438135
346719 49874359415
389814 61694896102
447092 67110001588
176751 1578091752
312956 41682704214
276924 14366622703
805720 308565594317
891678 103018064144
688124 328435820885
166410 20786583166
177793 25683039924
323716 32116692949
305854 41065777480
699143 409302704359
913343 433040976279
116084 10921895885
483577 199031715320
831221 15291262581
896184 218111020595
474332 177531850754
187883 13859410252
236053 7580955007
125760 6216888958
334006 108257890416
641227 57651752880
356043 118334735591
193699 26226235950
943273 492761874531
118064 13357585514
251818 47326439917
383805 73082747284
572659 203165397387
329888 85733989817
976048 357346706108
947110 49066525806
817415 372175670865
675880 364964353816
463387 86285385333
116539 7265472691
149780 11032169819
788121 6712113271
964685 306596291778
560728 231426164048
927732 51296745302
215259 25425179453
68127 2775346094
790126 415231897723
355166 1156953734
520690 34412513205
75300 4506745145
969230 571081045439
326840 4330111813
323664 80725821946
751406 286004555669
129600 1238337423
560699 60607239943
932096 372944953538
179587 14703844234
549047 25573091634
586536 140904279460
666983 94510313273
889646 30555137570
792656 141136583953
193108 12906588162
63898 2334830774
630303 208730730503
760601 415977830771
384773 35989344473
859713 351689988231
971969 129381002438
393126 95317750537
481077 197956020350
676633 393482304888
881821 627470466493
573551 187618865067
843387 139530340872
987373 71250901700
846269 349242247998
263711 64149111527
86230 1559693075
785109 352637208474
95731 560464760
29139 351220864
485497 63502183670
900667 153534478654
661042 366831927487
732126 264632726785
222559 39099017410
953714 59693407316
490393 191252198364
824820 61897818143
805415 543371881285
746744 195555179759
342669 69973529165
785653 193666305284
167275 14285450855
600268 223060927410
104344 4032653264
134160 4782438241
657310 186037868198
633349 400041459858
484954 69703471713
733417 227904703801
700320 643385243
283956 59446949102
737970 39901798855
614317 163259611628
404757 118163879305
822062 133494679132
140607 12738035107
702279 188422815321
109755 5909945432
323506 6810358048
683102 262360331830
725701 127294055803
575678 26320863055
284809 38933179746
248189 9307056212
830256 364189037082
327286 56874126972
758282 501980110060
333188 43561265068
446972 151428810885
282488 67591983104
100247 7591109698
908641 670026490260
346788 99556707970
181356 31076811392
303667 62757823023
435563 34275105619
903866 622229899425
373964 135820641406
732025 66711818631
644271 386344163453
345708 35924992150
70802 4839073946
256679 46638329037
276183 48755102440
932339 820352486349
872135 590525262998
599110 335041735115
142768 8538203715
267875 47964723761
205164 41394243680
100012 3381165671
382364 114712101781
648272 268588838031
528190 238715830188
481317 125742511348
296551 56112983160
867786 636853220966
214048 24438248180
835791 531776050813
581720 267415331093
168419 4898296256
302261 32708957417
1055 952810
525370 17731465760
492043 77996097002
3363 3787714
85758 2390304045
734498 345813678059
432157 32187466538
927039 120681664387
863528 341575977748
770802 104823399960
414325 146781960675
544393 278798112063
984827 833720107170
726892 254019950998
231282 26407717678
429686 125734492023
923029 199855990401
883904 572028259071
397277 154484301432
283505 23550369816
839852 226889739783
482042 72025012741
642972 32212362196
434924 22551817953
39512 1178661754
614863 153294634510
270684 71828708728
542315 270751620195
570238 93753584514
871149 73993199610
72941 1723227820
316305 50186503446
515428 236764975757
677660 159963178012
227809 3157479526
516382 220904775519
420786 156885825888
329337 102230514612
667185 170072530938
605134 218888609405
769285 515578581406
955700 44637631242
953477 7330696772
51455 454551931
444854 88056387489
164661 9441283469
511595 34492838436
350158 9531924436
860938 468047542231
350412 7413591321
232434 2487859224
739196 33371206113
94337 1428422420
27599 450417274
546126 244521771049
166290 8092486260
687999 398883222133
22515 5861394
730960 185591410475
865652 232001782444
9933 21338002
937436 12692099521
409823 135784533174
181531 30998733739
312237 93239357343
631759 312430031854
43317 1412909945
173695 1112772844
72669 4132553273
473098 69613426813
334177 8281605520
49343 368892186
38849 19667346
741937 477202494542
177621 25228848251
110736 8695964493
254686 54024112320
735303 147606294401
559695 102226279168
493773 108522238110
734849 519475490872
119517 10221729642
94094 1536865567
963050 480636969152
928663 598069066944
983597 526512534737
510137 233266392816
647230 155182050596
781655 148138017559
173607 11472630666
364559 86779747489
345199 16850595937
741893 83183805520
131559 4698986577
725692 303319373324
489704 225384696668
264861 33139324620
205508 2188188496
801485 11750081357
509163 69923674456
897496 448543613397
96797 1229516700
571138 316281645431
109803 8393799532
783029 243708458178
116499 462202324
822172 318066359776
741599 469441780214
735318 276578395478
552867 183486917799
802048 293355576048
59545 641365202
647342 247381302483
367060 69781690216
365148 21501921588
392044 11302832085
797315 507449361788
626299 315123645993
979397 492427481721
831053 253098723660
499710 84580227938
39628 791120888
414382 15532171858
435293 65120012315
442770 104275738095
545527 78404669747
262163 26221488183
459045 195269294099
341921 81701331024
834343 33094923095
774400 481349223348
994931 587888036914
411096 29129890009
847994 169418465362
683739 289676780150
666982 216297334481
285379 77097596808
26640 147467117
803959 407038689233
310689 66716760973
918426 245789765927
483413 35304873519
495752 45824317980
178026 7731851494
709683 171043916330
856345 98119518857
822722 474976289733
178680 25946085796
653414 175947304643
800734 456966046165
567435 241947173898
27760 609662483
799375 351027802146
879979 260516831708
137242 13914473351
234406 29778878811
79289 1700399853
61066 1113491671
848002 202073152159
532144 157630060791
130027 8017753495
757602 534045989448
283509 14535882535
445890 112372281184
423831 93620490531
585111 328328654532
349621 51040185744
640964 136376791822
508846 246616453290
371255 24470083610
911568 12385691350
910200 532402350833
720601 222487072552
130152 6887679140
989193 381751381539
162954 2611844484
293564 58471142624
620066 206968074218
320349 102539386563
845777 336408683240
185112 6296891389
381411 87373716823
77404 2230601195
971875 472184205540
320875 46180577223
321383 82944053871
835156 418382571659
827747 536889752656
728946 46458882820
276336 26070860726
813131 292018842929
710102 46987342069
821780 520157382093
415766 97853846239
43612 1696003876
334964 6493973481
37161 374533527
485938 170125044140
820123 520373025356
101924 6503323066
607550 342451849602
216062 15135625337
47297 1801103649
350771 101587741981
80934 3600401042
268908 25596814112
738764 473922742662
515319 146273265870
136260 7113516160
469083 150556193161
955148 828865960191
646541 374091953506
764463 418697459898
182428 25322423634
234900 3879220157
621037 92013880374
930646 405703227657
608476 83073336510
741349 521598143106
675457 100772349630
192070 12859184609
354125 22164809477
948516 281511276603
668053 82964194394
335027 32637740040
789134 406398111540
856047 68602363648
65991 1736678742
452852 107068906517
865245 669069718063
331121 71030651862
36529 1188388392
424150 4965197906
185349 14554306210
721397 221519841767
301437 74064472987
236751 52460821457
204907 22646497716
585407 38150404799
323682 83221706531
506532 127562146402
962328 63146030969
265351 18016263828
244305 44074774465
32583 600865980
873948 611646446980
407867 104205649046
971771 376851510368
759803 45002515585
563078 132737045269
275921 23876822891
647752 97540504143
39620 54384853
165646 4420780437
264086 11048525878
933126 304515587118
463378 17335862580
653902 426219419994
248318 17242914240
240603 40013518400
453197 54655040953
60094 396354726
553797 133116621691
993199 141263395920
590449 142031491751
432340 85035087084
964528 510900481669
133510 5018818662
793544 389956614440
73344 496555927
964912 419713680996
387942 92256413924
347485 34703054750
984050 543107607930
353499 115904807064
456108 32563557162
189208 5218395261
725271 200098395701
710275 320783778166
540678 139428239485
372564 116449471728
79718 1749453098
471102 29271409345
133151 13022184071
985053 416667262843
312262 56902550925
970830 132587957747
96813 1510206429
185314 5919922842
744255 467150778048
152406 5131583962
813534 422274750882
521161 204948900449
554682 54188786285
609385 328511608660
538154 59314153912
998646 560866021100
258809 21476749924
171704 13985019684
8357 8913108
17425 243855680
376769 15180812512
776610 159840978265
465658 127568997094
519180 197489065824
820833 484099406539
217406 27407219925
432453 72334213713
713440 146768520186
223591 28096891597
263328 57652093081
305020 73526706810
991565 232157205825
373698 16858410077
189333 15454378760
50875 940541145
642190 65879579196
664118 88037066486
81354 5319142185
973879 837560025410
129415 3726000583
492685 217432538199
573523 245430064797
638041 88364989622
727381 457867235634
934416 535252133539
907155 728811797183
55772 2573510580
874574 319513165049
973721 289964013575
374153 15652902397
836905 664830196986
908503 615523283407
546271 5788197477
921856 736177398751
715704 268442969558
225221 49320221566
826314 185630827122
437068 43571288980
414299 23181463628
212093 26385828811
351465 116314695221
869839 102080650251
724278 157331855925
974710 625218104823
727092 108453648202
811021 150218345745
89311 2019040978
1582 883875
616773 29591414308
460476 156936845634
667455 208618516754
573471 58014887626
448154 19451209944
411846 86719255415
681797 332361608561
238569 31398157715
244648 2822416816
587129 32858381843
978633 260762313323
82740 5035523920
164979 11654058936
688675 380472430800
189605 25909458948
561415 280406717379
466385 114943436147
517797 15654689895
118029 2001934092
204812 21565983538
566856 114753240770
490970 110551753695
13135 165254786
992423 189698122110
517002 266320181478
755348 186207302547
813428 330541729026
27650 23678598
623266 192304360142
387948 99275569999
676162 304437994402
758312 314925698786
505852 85881748503
286128 53770644799
545470 225039394825
494670 143343817284
208426 23152852587
832791 80878009834
989275 128901092822
718354 69152096800
74782 2767313723
46159 323823372
578843 327725956712
625237 352987547298
797489 605454055060
184179 21692468445
794451 35694901428
407664 7126545370
322318 66414550624
722012 489982729727
845367 543566864951
63583 148909033
530029 208927144056
338423 11784733981
259062 55732860095
866418 720093051795
348913 19016113375
365615 44448474846
902811 348073236654
686198 19571409725
132766 2988689367
773917 307336806553
240207 17060693640
986557 466980490481
930796 239527649114
155504 23401611040
969887 403160284446
231797 35183002616
878133 712742916398
423345 23926201232
248627 18700302033
52384 2191371022
359154 49577161244
263736 31752621738
132826 6707836015
460314 23233118611
894421 333638506584
219634 32106317140
975454 65933524469
365833 107227838713
567675 233621237815
118949 929718722
91980 2705146127
2315 4200309
29793 695565340
141755 7684983938
99087 3905019072
635357 16636859322
76049 792495379
65651 2770184148
5300 19891371
375114 14787996924
762774 179427450569
958799 21612015098
323028 104010301605
61093 79469768
218836 25361039175
531795 52577108030
48349 2130268230
216812 11546789932
375380 134635940291
674277 134072769627
484989 142734056083
169015 21085155828
150734 22521627888
465516 105285628186
249923 41659074828
153098 13824425999
554841 82667350709
907952 701811463796
441455 149804152469
805857 231522424607
555598 272393587556
476380 146094248018
17174 11765253
526969 190375809556
981432 87822116595
153622 23258066189
971160 785945233571
383295 80766238579
638464 356185408348
743083 509707815150
977433 888772588654
567463 108050280828
985850 691098667103
431268 63953499434
402958 16425986086
605597 38790651009
720086 48440946363
854044 416997459882
736393 440604885920
640617 110401947653
645363 393737163831
577473 317661741787
403740 23472309454
410593 151427913120
678130 266690688231
17552 6529059
466481 118732975487
496336 194467989799
145459 3252706283
532665 4632989194
177927 19067801875
119824 13570386606
306435 83543215444
36982 738142894
392170 86524966585
471952 113619619387
429038 22896483040
926357 780669033359
670320 168556515897
479742 73434083569
734487 6943323798
588159 280787941615
515699 228389559887
66308 802408740
193753 26062297110
159889 5062577469
638830 63218120655
238415 2997676582
911514 477015926655
351650 50274952031
544289 127665874201
215904 11138448395
990409 887248638667
388316 54067281438
467872 168197186327
409976 24636062200
938129 65003291219
131152 12058629064
249773 5460714530
622855 294027250295
201654 18234224240
561698 120259860563
395316 146220764065
546771 290073074368
364862 84019636097
789187 496089952499
890206 588777200345
786898 22613439642
253926 54753750711
752898 552084442804
826863 642688290281
301531 65737319223
941418 250056876076
970573 288762309967
997691 542000149778
800428 98745557482
433297 34889508112
41264 945609789
913692 95355907745
796971 356238641092
85811 2921680708
942792 674639373057
846181 192183029165
316894 94791678503
349416 119609822257
550630 195636284826
780123 124485851145
573057 119447907706
889908 195346341785
331012 78545962224
845300 195697675998
855730 422286420288
90644 7443289876
347698 49496375781
539465 39939081326
188779 8122164733
682936 143357943983
356359 96870121273
996803 25557912420
329041 3469762813
80557 3676544681
879492 40987312272
841532 674439280308
4901 13536268
904863 471352052897
981176 374401931113
263981 54815217402
382187 139139159487
334515 52362957908
689388 317313827306
628487 245587569245
197547 4890461541
682562 426911015770
650935 305150094724
757603 573523420920
630247 163085619093
358530 105534358814
357635 35840202358
942156 140820672011
594201 185078533358
354781 14264803991
98211 2900743656
343273 110323081201
298509 44731824485
90129 7936619506
937372 800185344877
635260 185338940571
951035 857753718361
166910 3492786717
535325 174586985034
38225 887257438
865915 45724866868
902470 518607238565
544602 187426972858
89305 193323737
842897 268963371494
869271 614318624615
846565 400984588521
101093 6646135998
485307 156225013594
592000 58982039541
581062 321245277086
842021 629731948288
701053 480195505053
457195 199810546477
886370 324444382873
109236 9075609505
717014 434076134786
702028 253124778194
211051 42294744053
464052 90025776890
645398 406234633239
316764 55455048566
66127 1810349724
719302 412880963157
566786 123665240171
754609 44472720920
8893 18946026
166929 23826941058
609146 160506050668
78760 3170358386
787344 367687458176
462054 31710084701
634763 275900338975
540889 96070700044
33037 516453415
980872 509049088234
113812 7247519651
