1000
112071 10937384266
972168 810489887329
157054 2755483044
44316 1191481579
690114 183223887124
790729 411919449989
398351 42690700579
998013 108268602115
99398 8217033026
506266 95303877635
387569 66361010328
601473 101095125909
711584 351288434670
506404 69715351012
229991 43593550799
38258 1116308100
566763 208045571799
33972 1054900173
770495 222827809518
729286 273115691580
346925 118156737051
619225 300866989059
661273 174239338952
442452 47223412443
612126 48929132094
231461 33886875860
675442 183006937935
806815 473544295502
589144 129773903069
461509 205321832599
535144 183631803456
150239 5444822440
36892 17027352
185185 23978144003
426336 19885536045
72639 129705288
66652 3878205031
549150 271098080117
879682 256203286295
867053 70204534276
214194 45735725104
842541 678102748636
751039 313658839027
202870 9625164669
527202 57425682125
985601 153092020726
540277 255281903166
113476 11563634572
328456 86658830425
483745 198908660621
972911 469665632608
126605 3081075551
943090 829376608093
928445 736837969489
150934 15494536875
751218 91769695115
165425 3864752813
983309 356628582222
493869 154655920322
96397 7911285912
303068 85685220190
70143 192069350
789229 285568871590
752652 137872848123
759434 376379399687
481617 87237773410
129917 1427723223
518820 133881369311
323717 51110542429
750132 53266997374
351048 43751085346
98821 1218489778
996261 315338643853
688874 234050432457
15741 65108930
827406 205084241683
628369 209316160285
652493 302812045446
241014 7447942288
445027 87656603318
579509 36645135892
397550 155353714018
397752 141831047826
193423 30628770230
319008 65851213243
224066 39157625630
630466 372114264634
911105 190454483878
565978 298616650368
959324 174412260658
314158 92918357271
514967 184652318037
326993 100045012703
132752 6048661622
242832 18212064604
920948 457615540907
511837 55733400558
690637 141003509480
164864 5278202681
608142 324830285180
276650 11480108190
834372 655914706995
952989 617726705708
201740 16111225311
121392 12145832683
404132 59591972257
675494 384467433638
942132 47796496879
884583 543345957306
103400 1973188813
675991 175885665963
515322 105593327090
579335 190127495569
617770 215882721872
497681 208180371574
401595 26556618917
877661 598699083708
677034 73157647451
24597 272380183
986728 495847476420
999751 31837457720
656521 273680141432
564708 200099679185
112331 3135416634
396429 156520438973
587513 71529939618
892161 362954344284
973732 505496569620
697454 58123138969
255905 45678676587
191225 34474118060
834570 387092113455
460432 165572112860
428879 132690801639
773006 282737457705
68516 2606366693
433887 154959781678
971850 313515417801
498368 92916020995
801782 522849262060
527297 111386357927
442220 95658621324
819492 502642309635
154874 9881012252
120316 3129151871
335065 72492490702
788492 294522470475
236743 7273791092
300545 31990113371
657238 263730450090
229730 33783497983
532078 233897879520
470832 203271562054
231090 8949490655
957562 812814566387
971420 231057440547
203175 31041379462
500072 249290754696
1562 1646975
870485 736580756932
282814 33100660432
905645 207043585817
920023 351770750040
983933 645046701629
237675 12371478574
25454 361269593
695645 468587753488
898536 352159616501
3876 488573
412700 33900064152
853838 423651218214
7085 18062194
59704 1477360198
6273 6983427
55591 1009051202
432041 119826721320
889658 699103133027
864409 255681994199
835585 321076902515
723114 450804373629
439027 134729853187
795404 156695995714
844285 43836797856
656955 218054241813
933405 802107975911
440528 83307656083
860375 396660190228
804216 570349769955
787017 10953859147
516582 155808655352
510717 4626732864
190358 18279955524
234789 23614316502
29038 74908967
682396 303668164160
679032 139611491453
898037 237775333044
86684 1992914520
834894 372428357200
59770 2759570777
553096 279304063445
303718 37955654920
637853 270426057461
723272 53007646147
232910 24000790555
405641 59769731148
531937 47283268690
355157 86628549405
562148 241904884050
177595 19963899669
261150 57907777358
997399 355655499679
388553 77881355191
239575 49010456681
467995 92124708588
129412 3585109194
387249 102479509574
817977 478582072846
921881 696585778295
457169 177115717509
795026 55103118937
846489 145578257273
212700 34165434721
661439 146050804606
546103 140074997167
9993 90155358
733805 404341717252
346205 83490847662
686097 162854475408
951727 35950539796
9772 25234527
267823 53304841732
991184 310694933274
440605 13407572019
958576 435034807307
613016 55268391033
348834 66853687794
433697 30033603121
815617 474169609136
64165 2540404114
126663 3815078918
799011 112623560306
38461 983504142
342043 68566895886
810133 403313875001
871230 281153707732
328646 92255259461
488878 45685414398
290694 6054621889
288417 57078211981
306871 30972139657
465325 167390811527
998095 428239336594
999335 192094521453
787485 429196430051
886041 107397762376
834584 627419115124
206389 1345359934
814273 39133042757
987495 62138617667
887470 366902729397
189294 13681139721
872941 93989306946
500160 93363445766
600606 351329456118
689718 310556903445
870618 376452194569
91261 3688644577
992321 424180396930
37596 263073344
879220 35685475464
764039 579987085992
571967 284251223094
282856 45687533908
228919 13866906431
502230 59569706479
450110 180402286413
536816 34857703836
985446 676895974324
961945 821646366018
891015 660925012842
260807 53653332653
178204 27483456857
860426 178517185057
31167 156672131
45051 2021905858
420015 79258801828
456705 174797641686
864542 633609993583
667522 114083964389
156436 14692587152
518762 12343843959
226131 22564465249
724812 159297932977
852214 615987114016
335871 75361628409
59641 1308274992
863705 178481583428
663852 345594802132
992612 836550237984
643243 212769748694
691268 50454351142
547373 203652820915
952040 200771066198
855963 124280387747
990023 215768401792
774680 426569889163
822088 44996443092
724477 498969481857
823046 175679112313
316706 78852622654
956145 440075913504
191185 32000405339
471184 82006626069
891593 249359408573
866316 35804187713
476397 199301930905
626428 41862461311
150787 14123458146
700436 468457461778
509143 66034166164
822477 276709880143
567984 70233695136
130215 5889043420
853943 142416776519
590881 297441975462
705352 396263665638
721953 415369742488
507420 139071285899
719370 357453459754
187610 8753694141
939209 417540784992
803096 56357976863
801450 109155958953
419380 37116371698
149284 6046053059
76921 4680057097
188436 13341759574
384784 113493805234
227928 2923618666
977854 216255051165
475586 218069433787
416473 153067553395
496751 88166588034
54131 1142144318
649554 132902054677
435869 182527097978
291627 44531490110
862776 201951385824
444659 24200570204
95498 5499791287
161402 19634404813
474034 167079056726
22376 331258577
488693 99686014517
138583 4629272465
58337 1879415834
572704 245468643139
283801 45370317164
928120 674218624908
197116 36214747300
931598 227661938242
341926 39944208934
729459 93114516245
811464 345870863985
381868 78932507157
358543 57451922677
738208 292092141353
590248 216886004233
503548 118928304463
96291 8768875270
313237 91898035471
129819 4326305237
571126 234373240161
146531 3307343087
797584 181622866516
703503 153990691132
628348 391108578897
666453 329083593723
340070 95347681601
321711 47958049814
699251 393947181923
302877 17784636704
127470 794556053
607828 142440086363
443146 67892303231
799639 369931241778
221868 16622790035
742245 78430631056
288673 27696125482
691407 266636158700
652521 269455207957
943344 385165772056
524689 237715931293
931721 532706460221
401888 106440426609
899600 110364402002
961868 414324107991
233994 13898629737
969376 52922446213
191328 25352250418
377111 65093670038
169735 21124368489
73132 5309887688
547623 135049424522
336903 93208111790
829052 264191075460
489088 154365217963
549494 154647423779
24848 472830054
875212 423366555123
175601 1898453576
830185 27857813505
660215 1573881818
461957 176494655240
512016 155597501369
334434 109931163012
165643 15181039191
814193 7949465260
302385 84365691418
841986 575602445076
483156 152878489016
404427 107222103060
705808 95515876579
902314 363553809099
555319 87191090714
912480 413188464942
779183 49016891100
267291 976980186
703473 467892796354
678654 155020735805
792844 154896302584
168782 22633437599
259474 30886710680
981859 635756511950
682490 91004971077
495513 38835885894
997612 6092698677
288185 81086303093
734641 262077044949
299570 71181778149
721122 383716740152
256539 20124377235
927649 194138724812
657165 392826835145
340201 5852333364
254994 35456057515
985725 444461921450
950554 588896069752
813978 336367996565
761407 83383863059
105651 3868583608
259741 63549508976
216481 37898853335
540806 23975994760
206915 23568324413
173686 11727558396
97243 4324458076
212066 42573285472
175569 29069164741
40137 1113935021
753841 228675132895
862476 413389222518
659326 353971952574
699288 24035502764
964474 658280373177
639016 358640971116
462735 124627826677
144191 10685367610
469022 83526237803
309700 68564026798
621456 313016982196
12223 53771718
142696 7182416689
439741 97331910697
303134 64280310384
353660 17362112308
664670 273552517387
412627 27192209119
836929 166386766504
602308 94085195978
79610 2351302052
971529 240807460200
638080 65626055368
798624 578569045287
149278 7053719707
779441 1377563393
973844 427171912175
286614 41657400756
320651 49131322281
449994 4202158457
513458 2146645986
196752 38515007400
795017 458931946979
100303 1658683711
964767 118086779786
941469 497530456198
208250 39457996070
712314 200436051263
802434 612244149769
439028 66292004082
283964 72164061867
767485 58523159450
399024 109314864304
701621 457115678829
875054 26563114393
638876 213205637096
7302 29211696
419815 147094775792
327211 49255959013
733582 23328349270
236996 14680858593
25020 272973261
479197 26918639151
845314 380119084504
586081 44208924936
171744 26681633683
772340 539870421773
572849 232526053528
829563 339987212507
450850 178805777717
842772 269678125666
344571 28494443651
874748 711100358918
130835 567227345
528406 80918581332
708943 75809946285
630937 26961935303
22673 382005969
367584 41816174830
507676 200127735478
449097 108174778800
297789 81857842469
235999 17963763023
36760 1004034303
646181 107071227177
941893 821446423478
544919 115959748520
775526 169788276212
501969 149778721106
753800 266672543662
434998 15815673139
404644 51342982511
82904 4038328393
670264 184138642743
888290 556415819529
38365 54015074
311167 66714322793
259357 38377977911
289777 34882566352
931784 19059412522
919875 29171604887
789043 581893314292
703241 357987581355
35722 269908697
813577 162378698269
661944 21150203192
177814 770240864
848636 407600847249
688277 60609664236
350666 38684382084
789748 324247213253
421058 93391277328
981458 539043133486
544968 284788543808
332082 69469135498
729450 279624036044
494864 46469746879
404826 1287056080
633396 8666931978
959617 33454406136
687882 138183804458
104434 3283891854
582012 322535216722
497370 178637420543
397732 34115967910
174692 101878651
799300 359175481731
217760 43733889644
62720 3658478744
268644 16428262272
4733 19419105
505609 251063141679
765785 58009772125
173091 6907542131
695909 338549322977
656222 55479374732
33578 551023782
127297 9823022994
521479 203256440979
791800 10215433024
558652 186257875038
721755 362394523480
933600 381692318219
275224 37926727125
702221 353724615412
252398 33427045629
686369 118260308836
942611 520134764576
851697 429623127925
533908 4621292384
519754 36979705474
32561 946425311
773149 540190391906
381673 42419204411
925812 360341387045
754369 388967885592
414972 134535726451
518319 17808180395
59467 3383313522
285161 25435119889
907271 219398330963
372504 77324669085
470418 106583282146
243203 24119062255
259362 40026625719
614801 283112250297
886770 423496880146
763240 381599782224
469434 216609918788
617708 27025542104
199409 22565441299
316227 54585858670
435358 122854980037
785102 207419041955
639822 214723434397
738329 33993197732
811976 20201522076
13620 48753507
917532 278317191237
556415 134845764363
864700 622715433225
309837 19710501488
729488 247024647646
390153 76836300333
754952 119886209322
931419 524582780246
414599 75024926441
4748 5838853
945601 159358271889
194341 3332521913
408282 3048293333
640212 404938547849
563081 239476894477
423437 12524687101
26061 131333451
371664 14574888452
737861 448785765393
42567 578876792
267982 54320963649
193057 25538499451
222841 495574932
246915 14244419064
597838 64745342289
547387 239663633830
328330 25467574436
285496 61884983100
624820 18457825412
895124 558599260386
152113 11128010779
488366 196116349809
903928 9878070824
203948 17281501944
506480 34510307020
232882 36639586368
90934 4141409128
446494 121891715763
177701 22331439117
826477 533873798347
218799 24968708945
48758 292996108
169044 17859229570
431289 11804651649
28243 307358327
175524 20854139508
711029 317602406910
194438 3620645940
76561 642941482
303973 73891999396
784717 125854479748
898840 550512141605
573467 52980015935
848769 682619205308
747424 341502863402
494340 27809247225
182406 23832520633
237506 26327917409
667599 146435104853
727603 62589222174
173895 10234704895
123171 7856726852
220721 22512195884
230894 39831050596
35179 1228812124
553083 104749698653
216675 31471845560
807432 421658319480
586028 219102972315
87514 1410424971
984274 104272115970
913071 799185234894
513541 55385940036
939603 811236531490
939567 573992596358
759155 379116664604
947065 440201421742
55764 811172153
90048 4258925264
548793 153837506643
144198 8025048760
12354 37399578
927739 415298491196
258904 8734390119
59249 3188671932
858860 193085745035
700946 387738501870
644561 96283717111
926668 167858245792
264886 2332977791
799874 370962534333
953334 630316631540
45246 1658749317
682865 296987048035
480388 126686864702
206856 31318599863
506487 69109199824
691040 63819170808
542063 184742130283
134852 3320196611
163289 18136536408
721062 499484988871
421337 128793418378
669351 200467730698
773247 236073837688
851530 702115209760
152057 7013040777
255688 4511861214
788207 595359541294
775274 160557171766
825563 263619086416
659906 143301706111
111709 3957033031
920715 263765733970
532266 108706889276
923014 781710516546
983137 588573926759
887201 612104646704
201570 9452012248
293056 83704288810
164350 22907006387
536090 78486916633
81572 3770548101
662213 391187285397
79114 4006552495
317581 69216865537
797606 214252422329
773206 561632595901
381100 61949502589
588826 214289687071
314843 89602960088
358969 91602738437
972334 801630199442
106437 1750638971
728318 50568412320
372562 99175877894
969588 530090019729
377691 89298251195
903095 519471249457
126684 12733077953
430573 183280309557
48268 944289329
143950 21668271
752854 327189097569
854852 312696767346
140758 5924931003
850804 634663008036
145349 1345773340
929676 316215145492
576381 302321663235
591015 312670422986
228680 24978016625
489922 216219741577
695727 52585385221
194079 10693472084
28862 146481802
117749 10256893634
933805 518554231266
460788 164634831122
318283 84397569765
385547 100942295460
894407 574545819420
197417 37554363128
325878 1962862025
711149 223731668380
76633 3168388591
218281 11657407810
625985 88916173711
255252 32583093765
48770 1831664758
736381 520727594361
939169 878519745912
152056 12500070407
346284 58674190
675233 384428368640
217485 15016002323
335711 101313988532
845672 575073129570
373160 129339037237
617893 329690347781
43422 62227930
299087 73074949610
475340 73246563071
18756 328729904
86287 6183513871
198131 14326461195
891414 381774518618
259959 10090881700
185905 29127587882
667113 43012647183
407591 84500427926
825784 153777550038
72346 1201394250
251317 44090377519
582637 234671671003
567657 223551684496
563670 217871164439
433469 91168971057
332723 62280425884
195567 31269981056
74581 1554158834
889315 334817958258
995433 650755814809
719292 233394616499
91469 4635082236
334625 78524547326
851385 305679855694
438051 121713016510
575578 281206437782
397877 131281924717
187954 830279789
7628 49752978
525853 269484238533
899429 450143533501
859927 469901115751
59459 2459810828
334011 83486111263
550431 110103593712
273522 42584414329
128662 10953472519
556034 99951585002
610690 156444187144
20940 423325050
343198 47506701617
353003 106580956961
905154 257898205501
893065 432668440272
748808 20325103559
984414 411192840597
630908 343945281272
341563 51630978222
43197 346156541
977438 577860908317
86397 570199346
260936 32144858218
643736 33109651092
160213 24333683161
933734 611502371453
891053 760906541763
645189 189132335844
462588 132231020317
117954 8936611508
430143 172852813143
840576 266333791762
546105 175352012547
833776 578469992951
746333 322251899627
421572 128249380022
226660 7051585575
722200 58484236394
638630 287609055200
450521 33035515754
178170 30598693945
902526 572254930040
938077 758282185785
378108 109417842595
685223 120091792544
300120 54397403499
312770 30205580480
864081 492193002445
891630 722724827036
161035 16909191032
219816 31276945550
901568 73017785624
78859 1176365859
795912 151749984806
656069 381183979894
242024 51931382491
518732 217751640308
2607 392349
149728 1064003868
428400 57946806305
159934 19469081655
958932 843091994002
831957 545890054654
101253 9706746660
714794 440897425765
110686 2195154851
670426 443990604643
130096 13628996827
835700 467785200939
534379 266923651560
588798 149125567160
178338 15541008259
93603 4328204169
114837 7494960037
606654 138725536114
411526 80351642688
429746 99893153181
439849 143250633176
403802 108846943649
175839 2160454304
733127 311969145315
159432 7718396570
448136 161987802263
520202 192654746777
696032 58746372533
18207 193361109
391294 96697288920
748830 14573794085
691491 375252054615
489482 121419566029
54473 1241903531
148628 21421194542
417464 76609571439
817974 311489813820
24861 2984888
166503 21965856127
792684 121415469103
156715 9094460249
43171 1656867944
559354 180332723549
663693 151589975681
130791 4052232928
293452 31774531595
727330 384981059958
926729 314807522505
915315 142554780189
39786 870937399
471194 99553615417
981289 753245471239
51647 85577966
812673 259340097247
444654 101058634788
80372 1575973076
495649 78527144132
295566 31127541427
620993 254936195252
981080 131346815260
694643 86339109578
14260 155478603
461645 4422159737
54125 2430204613
304355 23303542830
415312 109193084154
910621 137398245023
918721 531180931510
137903 4316792807
956781 860778420729
629197 334081954528
235811 35517296579
240501 51484207792
679104 97202544786
105122 10238539442
911987 360323343456
311683 3827484817
785425 377021292711
369598 10570464855
152692 15870528948
127101 1272533969
429016 140715067299
366406 21790991604
275273 44135220942
33619 793351516
908632 612237622055
697765 141778847047
940211 817990910530
852737 429174274792
854820 694267424267
654534 23563293031
934954 679283240128
426966 46894211854
674598 231305011666
778139 200745505340
406079 138863548975
794988 325775923732
660097 191589875214
941461 770231626046
275936 37036877296
753180 69396610530
353526 87840276338
