1000
977744 98732485334
558480 70637779396
94680 4124812120
595165 291133831553
767888 139586477555
781455 224200997681
247182 45466540633
954279 385796132884
627899 73358466824
644890 328848230049
817412 549407503217
62331 2303455561
4045 10112916
834555 667432735053
54317 1986299735
821098 136831522479
229137 33749150453
328795 14315300506
968355 273763702126
807353 1907665790
586571 90290521473
838000 516216503612
835395 459438567757
660369 180434635923
548064 73047352663
855771 341519696196
11977 61744153
821069 672719093696
944714 212892613492
138289 10237779709
781511 575783672430
262933 2808014199
349965 120538334552
331635 63026976869
453909 138110105915
758296 517422926257
546823 32247528571
53351 1468463070
558882 138375104692
417970 94739990047
910616 139103766854
658359 179893489182
500294 49444265664
234705 6599780957
530484 186932430912
320848 58908735782
644655 405630630516
884092 39821859363
239281 21129291663
409627 119468971352
721513 142679444405
187420 9646013227
601674 50001279094
892526 130341301404
549460 222993548237
848013 242326711245
784380 239236806112
864546 385666114869
235421 1041857387
173337 25598893394
271130 72676181693
284339 65074111838
875257 126519261416
253240 60727430901
918517 136287388893
211454 43533182374
150731 22485563091
249934 753650743
689452 63307614541
116777 5326305535
451510 140971142957
531577 265255961296
863246 357815271068
78314 5388445838
441984 29634079067
566577 140147441419
965563 23393200419
30865 313671253
223666 30829898057
67095 1429381312
667614 410931266552
123571 289975711
551356 90205436045
104388 2229057961
655191 353232554520
779367 78041997413
960433 514785408074
837853 281951774134
807382 149258114154
313597 79523813764
42136 180822623
370354 92947511466
957691 760764785478
609617 460333996
804638 640480186871
124238 5839016862
545746 291794047016
643178 385341803603
860458 594631103925
636692 240489294129
931927 772131760385
736094 137085477889
348245 31044519280
8403 54622770
703189 310253323482
287827 30625833055
602551 36491101018
889984 429582539697
4 7
631055 219426002286
279181 28706656178
628383 163710529475
491691 219512772151
583251 80305266287
464921 54494823062
83040 3546134995
192811 22202341970
733017 432887901765
701298 183610090407
836173 154053039064
330697 91051990144
232112 13240653592
658094 96614395710
53959 1715513417
862538 563496784565
470257 84017559575
861969 453484961066
67603 1212705748
841703 152340500969
844139 365638311742
747482 326167354215
912298 343218225256
842814 24296934014
945487 136817422762
138019 17462197382
354306 78721004153
663883 353442941980
211594 44244818980
411218 59668959563
512870 224038651444
438905 95599102197
420360 20723280965
622244 335277738472
823950 490370596233
980782 939637601323
985236 592517198268
151210 4956789985
300305 78295577731
966887 715201550212
881528 391600138481
298605 6809143965
521976 124820664732
766802 441806361928
150742 6073262582
308864 66336463974
965530 172801602544
88171 2089075403
456863 70835264597
228173 5996302331
127640 1072361983
192869 18550587868
951606 576818903266
952216 349320084442
385418 40028355069
59215 2502199841
166486 10287383350
622264 298462271364
904690 794495059285
668326 159805757798
718038 244815347568
850410 145381362911
424280 91903174755
475067 140764032450
87463 4914599787
451663 72385602745
23829 147193981
527041 164555336087
121479 11216021562
599144 263316819969
960805 483508174481
755143 68105965360
110511 2545786302
414097 131983338522
659378 434080927966
577521 327321895247
521063 67224957544
230624 11411741214
526589 80152404665
774151 432801204386
759057 521275347950
983897 817090542249
256462 61728628344
624874 140905845622
169297 24589176025
544134 174104416213
244831 58542981082
966226 287861328003
850647 173086018174
657342 113470636817
299728 46987008812
973404 665201617472
729443 436862639672
303092 66536501150
227517 19682426175
939917 5352253491
233632 7082164883
50970 1363329134
646312 256321477993
709332 193206675674
418338 84516230041
479948 77356342222
72641 2378490305
203000 29026849834
791887 611301719996
371114 69914603074
985349 225253602567
660724 173022690139
661363 246987444117
210485 39311920355
761513 303326083133
781107 94663670197
118839 4009772225
582090 37687527343
683820 434753054988
703300 355031047209
884570 255829543636
375645 35263847394
741951 278709347920
12190 99754907
548413 31459249269
910557 783172701022
739249 36237130912
18596 159483653
697659 101525352580
34509 809092279
647103 133648073371
240219 17270769810
354188 65163235984
401542 9681962982
684021 362622279056
837164 87014367192
813173 600522440507
72124 2158803118
181733 20578662672
159146 22435895354
790150 424445005567
516009 106571839298
455591 134808594164
398333 73546131965
748087 457854177189
997556 704644146237
120477 6940607220
622566 39860509108
294140 6915854598
192962 21947182667
378471 28099133440
336638 73542968973
504358 117209384225
225712 4987834993
18974 359784980
17091 146816780
431109 123229157407
210996 28754703436
775534 70470834059
281381 3121579860
42245 940838393
993507 869285052616
326622 75805021098
505424 140298280515
452503 69953643268
2901 3579462
196689 9267798958
451564 167842305999
440132 138304769989
501153 40618460802
512132 12430932592
665700 229352016368
79397 4669351579
909695 647498617124
738299 67553884620
151926 2493357513
757514 162780741253
138183 18384879971
923942 430529954798
329053 107845151274
609457 293246884862
604113 7998931651
600799 306786893341
65199 775732064
69110 3797827639
396484 84903303816
240254 12845886649
533575 130154002563
856128 285985623291
372582 72829340083
746231 305128086470
796107 501045366159
89374 650233904
418841 42963549367
56339 2118568630
915162 179272782971
891384 167945804251
537474 178261968073
32288 545840725
528562 171351949612
594895 30284680577
681012 133527955729
263045 53474647918
169208 19382377401
235086 45049090212
14062 146004964
83200 286866298
743570 355929046781
746820 321290245337
329087 36646170713
741407 141982762839
521490 232540216526
690760 156235385827
975399 917648283308
159322 17765690388
990025 429776687955
458830 103064928772
645099 279700972238
972074 923977905434
571498 64644922956
603277 306670530390
777830 92634718850
445381 57823682432
982056 491672117691
800231 68324860052
260679 51701391161
53851 2389328222
829634 507110574408
391400 116287167582
181025 21746721994
406693 7126800710
834648 399674242907
957551 517003672576
164289 15865524523
652665 314328182825
835285 555271193611
908866 292442652050
812153 231976889922
318767 59316107880
194788 12072255396
197691 30044856487
789354 277219954937
194896 6665775223
626147 191260158338
95878 5596572697
716909 156218230960
600236 327418118806
716897 44543281154
864584 201164683232
682175 103131822088
525630 92370131518
919198 417952023399
671307 342861161968
377792 6971128610
729458 123277755225
857501 549437694912
732805 433018303590
400676 6096142471
948679 500353493305
854592 599158135204
133621 12305775988
855345 412145536726
221208 41274408709
484879 41027923064
999510 145412289030
89798 7054225237
316321 73584607158
596439 311174545997
969770 447900505491
836653 395040033553
84402 2335231506
598135 354105681951
142199 1261577705
795236 502500719311
943810 77286298676
618099 335602331376
83479 2223990197
368612 52579835939
666455 411466405356
88724 960446152
686135 434061717285
816805 124673670601
530765 6718513476
33282 74062664
130520 4999326916
128687 10592630543
361940 81404929453
709433 384290235213
762153 92742601586
823112 454480150666
110364 11123248975
172499 28036345362
197579 2674616392
782346 172401056981
561978 224482694869
661494 117300491914
588847 218445578304
558482 247353266018
682580 98404979726
265020 57092728587
437603 101955387805
391259 147581986497
409671 158915792785
128552 8957353744
10596 24523696
760892 348993090660
179366 479925908
123273 15144457737
782372 272715700331
926880 588514127294
693489 196261956513
95467 4007822950
290308 42232515810
587431 312623950702
207483 2176684784
657463 115455297226
848270 665466635042
811267 494786280969
427393 138687150581
749892 452446475300
953051 58391344517
298713 86353960841
381551 80129071099
101263 1074681100
904431 737760237421
118571 6256609134
199244 18797687770
734542 47913181324
777549 572151781104
934664 380789791616
702312 153968616476
590394 177278916473
227035 31260019406
368291 47151001107
399723 108404962398
401568 129304589722
320168 17900630196
738188 313870331615
227694 50082715731
767871 278883917280
579595 26305113628
249102 32055260692
394963 5750705177
644225 17980990040
667555 386411785422
485867 31061434582
227626 2861994505
500934 99888706307
944231 180742863172
322275 81680926990
904874 606456966149
30655 818156832
843443 254512398890
836172 575560313387
92540 2164431525
784203 1639348762
622208 301593186278
878052 237218891312
407561 41191844128
291888 45540425311
981644 576770506962
596323 84719171755
366914 96641364334
513357 73081942029
199063 6448897243
993172 181600170465
309672 42039354653
570520 252613323452
378372 87675916505
486937 199988971091
769448 64071250378
463047 172171772338
599729 245682047244
50395 1941815513
772970 341221645875
163741 3245138948
15645 138876404
271095 5074051360
773042 478260089485
895069 712536250767
72367 215418084
863338 24582329267
415518 108158811574
28333 283058631
122536 8598034007
161901 24767977732
591128 194040908587
718043 231446814977
190036 23359335303
369078 44502197700
117541 8295751016
194446 31112395083
608118 70005502575
738971 495542747061
266749 67727685426
59263 3443466246
569698 50288885773
859187 701680212111
820693 551671308371
10721 109578616
68811 1045509355
496256 189271825800
534248 29373873976
152255 19316136354
698349 232271793483
415838 164291466875
92155 1902804461
275082 15995026251
148770 2808907167
908200 376022822720
534046 36574294326
893179 466695657264
306702 72785800102
513555 255710925527
20419 38552378
771484 300417993850
397427 63038607475
117145 3511529117
130056 9209815957
606925 45320676683
268378 53980524928
996156 166165209702
753190 501849565254
77144 3794941565
31236 638446499
198289 21517970539
126666 1673918796
987111 191236584132
735848 348595485837
674187 213667515070
658622 414972115666
357158 101804820491
969169 920434668218
205704 40686643271
755671 1158865878
233336 51304014436
624263 149988874064
633047 596023604
91506 4548605375
190661 12092020409
177785 26821343287
932405 330242367150
656501 210869348130
881274 489260891183
36227 411629440
659868 433813003709
681452 219662920555
739564 275923998971
21537 167443897
173582 9033469689
786693 458073403355
288334 56046369635
864253 568717106995
969397 813909206536
514441 72566891528
338887 60306920496
170500 27944884896
693193 467545968225
402939 154035863460
942258 722661608269
505026 18964599743
256405 32171993406
83315 2950140191
543549 286112699612
841231 136345668924
838706 45425140310
397804 90848734952
897298 478186145388
223791 12915218015
748210 423016317870
279962 31312897046
365715 93352081989
244813 23258763702
332586 76748819558
226145 14984018969
875783 337679409261
867540 748025435942
225538 21312673598
678042 331765499394
738436 533990929713
415737 50960534264
656230 418955320340
432168 7586393699
372280 7018058209
765637 346333428465
173886 15315645844
896311 591455205201
499038 64759159967
238738 34058507564
394942 153694096291
990497 534183363493
221204 11221248379
327547 86037769371
238513 35628503218
291061 75866316121
467212 165883836735
920270 510345319608
16590 179547256
751427 101612226865
822705 404890505523
936557 750096277632
20154 357731452
405938 4999914787
979458 958809989685
372123 125604099485
2503 5257937
411017 119559483024
646439 362084021770
249962 48932456654
591425 167320662360
617102 4143893900
439414 72786014628
860056 100700084852
764654 390129381456
179552 14734264151
824937 405030479362
282395 42996999141
386439 17296801478
442191 93063489159
959948 826321749584
64054 189836759
607110 145116887262
397311 46328085066
472596 138289300040
131228 5722653112
979161 937017936895
761977 78283266021
788552 284038261414
281572 52813799721
899542 352176404371
488103 69110897487
272694 59842972703
106345 10321592390
874169 694475761444
864291 273941796737
599332 220447206869
96091 881643410
138975 18590778761
703797 122624993469
611931 148139331532
746100 320572744001
690712 355070884618
440416 163896919073
154649 1335397651
648753 350294236764
476780 170906803191
832209 65383141588
806201 608892952081
988175 86599010713
261806 63691339274
414148 64716739975
684419 305544945906
726238 255215922688
196999 29748588655
207452 1205832928
385394 42133675881
69117 273386894
727404 357375034173
427764 57083305967
669198 101019096613
619477 138698160883
70271 2665590329
465590 200563164178
757535 93917302224
56143 1637628110
102704 6906375760
451427 54756669518
956379 206786822470
24599 55691161
640031 101860320524
520466 101658219820
89374 7710101983
354708 1945315458
424292 113373142221
934958 284928537913
977609 479755535646
309584 218916421
503621 124951306090
456255 81231906127
980997 293839586962
730344 293772567068
396111 148233854408
719207 125682549488
654881 416901088954
718814 11476298278
186116 31192183353
90731 7490713616
407615 24936376002
500769 41763333213
721134 73433379197
205434 5634023259
480759 62899750704
640039 214460553871
249206 9148687075
141074 5928269155
37087 624220745
467163 203196494883
329930 102134102190
742242 89313972935
434279 126308216793
479824 127243629211
391148 31905979706
660522 6316965897
399352 153037439250
972482 621794610497
414621 85974247360
602232 186570440780
197585 17533162053
143462 12087363932
491753 214591418894
410920 9935433888
344516 3210870598
241476 52561498302
295153 185949546
722452 265531058868
905053 555082299746
264544 35274804307
288944 64389675810
685396 395564584492
304673 45468178625
167553 18756114212
679756 381673575638
874435 606869928555
185931 24687299285
546805 148776937872
516709 234805783646
799783 86385440798
136705 1092788827
334037 5644123712
609138 308183191407
96195 6973868084
842445 575896824215
178719 83376629
443735 169908782968
603681 273301825842
439675 137716320503
204660 15613641108
96222 6137139488
7146 19363759
611844 105309976166
639477 233266193317
820108 293530659978
46888 898185702
312517 56345688976
738925 475605609844
304781 8073149318
804551 399823155137
117832 5774672171
904847 206213211031
734022 223482750418
886056 631889743520
736337 164917499992
700771 47981094753
879097 280501391781
968546 919417921931
652340 414899777927
128860 7483734325
843429 266198260697
666472 145226125639
146117 8888062208
695003 358950201763
315029 71825279953
489110 180314092578
305592 65179184095
989446 288296063064
405488 24472638549
876975 319459857026
761459 532878494172
546687 132501764051
379656 115537119637
929999 625210759792
429093 9214326212
639898 312700712006
4148 3289258
972130 642073766687
741461 470170672774
425327 170456232932
748327 243086963445
959615 872124748537
822197 7565693239
945854 684753828271
351883 116583508771
513365 225549743826
408646 13372521411
526680 260538671392
6295 10505088
340531 20123117856
993689 420412703176
421790 153765962411
250760 4568604932
991022 764349693437
677309 17536097155
863505 723537079989
557105 69776401881
31393 113522230
640743 356287189040
96156 7301984831
385955 38372632837
122206 11353613707
327505 45977590143
989961 394687468926
678159 403937392439
187583 2831884644
946313 515845617140
867160 720811969387
609941 297669608000
893495 620691076819
668468 76527225486
588114 27221511133
406350 73792863700
79366 1362559877
378442 94931264245
492443 176516114196
593639 192891082077
138537 8589144984
124199 5926903387
247425 51472916390
560892 261288624431
204632 17432747901
131936 705337560
469952 111354781463
631794 212725624261
639884 241972232516
305048 49183817557
873844 50047539712
236594 24319560367
98102 3788971902
825975 67769767326
774803 581241341246
159375 9317054808
866271 711668861746
654718 152268708213
935155 247283245768
501976 146484772974
646508 359157606027
12959 65766428
219214 28153828221
219712 12420536275
140087 17850414494
412229 82142249233
218366 43900900266
700229 134243632612
616278 115510933278
77754 3596387571
268990 15706105353
937433 28579643007
357885 41076070335
64350 3922410811
285722 24528402559
222525 9776098777
190051 25823571263
43632 1606924501
507348 194052381703
473459 183968425186
457572 168349307837
122588 12928673872
277374 12567447680
438801 70142512950
286081 17246932825
987951 751552278135
835967 423841889380
139210 18003286812
19151 236155336
179135 8760678057
424542 152347215206
918511 208957997655
678328 352315999516
960379 394329229047
683060 375323807960
262958 67470614280
82089 4253714664
14278 166719926
47659 1397829678
789674 267939430631
184316 12561035813
127020 8258653004
353555 48816207242
202895 30426096582
631453 327563575549
642616 143618692532
911134 11098752232
585373 218187394095
24258 511852344
251758 41931588031
97536 8963820415
674953 11630646693
269050 44362616448
314549 55232109714
82120 4142132266
644360 311068339737
604345 107554473420
960085 605632494942
491972 151589673010
38444 587110111
322971 53443368864
603010 209103874453
241161 2902211819
197406 18583718884
326782 8296298649
607420 296017273885
669965 22884767723
540478 11518125931
84965 2696192647
486251 220887301392
373579 67637600002
651364 126261985699
473608 216790346252
565405 105547164409
289776 1166816951
316557 36987315538
463180 200320318725
891916 781855338246
295371 65454272747
306000 46881558597
321800 53359294719
1431 304663
132676 13288306714
398468 134555217745
962957 134918444105
945928 385016811078
235192 4168269732
767564 43027767742
183277 9334554672
574324 41999309653
794665 188120015940
344208 104502574633
202422 4571770821
654558 355664241012
38542 333940915
965691 342719285629
915510 272093442950
273649 67217130539
932479 730136330995
142487 9325460726
301856 87156688637
128304 15928558215
577724 44300434445
398046 103071859725
700235 210837626847
849534 278798938557
547725 154715111382
583771 35497800663
547465 115533086459
748470 49969285058
875301 299429573908
380751 83585863526
137046 16023678589
451835 149802856254
948568 187015973029
608858 234566204724
721467 419726824442
645919 99882833810
660666 21099541713
80116 6281883058
571261 175382951484
549272 220871631310
121588 4317570819
580129 230457555980
486306 66547654008
57215 2756458439
396441 51318891325
414391 152089039145
630489 162484755989
203429 4049377272
573020 104616826053
420476 51582308273
432897 27716303195
180406 18487270173
580129 212529945091
581977 41298936447
597787 955522313
159791 15827224149
320337 58343923082
64659 669976184
989211 942445480957
349296 105045509536
692324 82076579577
693721 422393619885
624343 337428707609
325887 66647498495
920811 199031526652
789228 14890943403
142652 5872957021
415087 149821926503
679394 317731333451
790828 41025428102
183475 27372293993
845231 71043257893
129521 1770466833
45400 1339304187
999227 75395531251
213388 35179730808
209905 4524192518
899894 236511547646
224416 39505990219
