1000
197750 32586974304
809774 438677937799
667870 367707308638
390232 147676939052
743332 475079951349
291410 6516640038
298514 10150026945
703826 203704204741
295764 46571116519
955881 682439154405
868617 150504022342
232596 39141296262
344578 84640715903
39297 619411202
451445 139783123966
826244 240615558209
241775 34120270613
289080 62707952350
524452 142280823356
614443 92354952743
823204 292687941657
604081 141036241454
845299 15878645777
524627 65640493167
830079 217097172644
617011 143792445775
88836 6082527804
845884 252365398169
514324 243747511193
993654 808701975378
384132 56923304497
239333 16808076788
189140 14210169327
56919 2560712022
926064 47869208400
981423 132398047889
863911 252607114711
656734 282123916735
466461 174804562747
694626 324646414942
777708 54242569531
621172 66967710745
660268 90372718115
622704 9408459049
237916 1920807932
562706 298880786238
222337 11876509266
165575 10011455248
604085 260046931190
644685 31770018620
671279 15227829889
403261 50864935570
513644 60863166871
22306 164037120
765040 501322642862
856259 647934199816
714886 80071257996
172640 24238530267
518602 120386234762
237866 7241464242
636022 198289465608
121256 7566397801
868386 562208008725
122435 9460982116
746049 98433020889
481289 185705342674
719395 504591518270
334831 75244272776
394726 96022152977
279476 75381191013
867535 419423656251
537684 233519519876
955765 181354033100
847512 617579617642
171867 14825489355
269865 18684957082
145947 5304962437
897304 733551098332
294090 51352044835
113799 10011689943
262250 13994625999
271214 22640387306
130711 2910798772
105357 5688730212
614662 131867657194
578277 175067685325
400221 136823898606
945951 84391258981
17179 232771590
547068 17992327407
291566 45462844593
430887 169717386859
646868 47822575930
856247 290237374955
954049 771362054739
834578 189416324342
547433 194702402879
125914 13917067170
349248 12549164196
932213 550116423331
132005 14355025237
686047 386107273998
242786 38259788265
310823 81882115432
206442 38349260641
402551 145077292077
246098 37460841352
495682 88537167115
888966 1795433282
506161 113092657175
476813 148654822101
590744 129739102348
202133 28046308303
705460 377299532902
429476 73573964324
515141 259516691619
984803 558131513161
435738 44219939860
808305 375431716623
447577 88407206359
385423 21356831384
316296 4268093284
533377 155364751339
114132 6640323854
756197 112094948322
714411 305538815588
872693 85284828692
925616 31146411989
961287 8876364536
418610 33254316425
368238 116056255595
238278 25201457335
244352 48490465323
550411 297693458776
71093 910144592
212203 48838603
222274 39771760479
975167 280707244686
939176 787513794185
685243 455862781070
731349 301881629444
382234 55696372719
219342 728853081
314676 47093564094
419165 130759609552
942598 708091249787
237700 44067997244
570546 205496879699
248662 20687592512
208584 19377794518
975886 65970687353
379169 32168215413
908452 684928864603
939107 334618646393
155845 13483455047
482267 163919118807
951042 533565594724
8302 30120321
406378 2412627786
575833 161077580561
207590 2512763257
411430 101719347707
582260 7271507227
949509 837550436470
82341 327122157
54408 964320520
726659 295843104203
570697 38110571107
474670 134864255119
912304 624075676620
205995 25982144242
896023 288632645180
464238 58365902437
339562 35441709305
732015 252271472007
582604 290034137466
82020 5542779540
383386 37424800817
932147 317519383458
607788 146869979970
890524 115926456328
507339 131902394100
474196 215590956078
131454 16356032050
348825 57112425723
536345 28144801259
1341 1260277
745102 128113710604
507177 64522425743
921051 60230649207
856646 251167994908
804757 573770533158
388237 84682811499
243216 33770442502
289767 59767163428
46563 1984106850
607997 5150031913
896359 256420105283
955407 684998368149
607429 317028205367
724058 52531601934
832875 126141173156
748739 425216240884
533943 171957208906
959257 574629039504
830364 592089535287
976791 480099368387
538157 96006071965
576609 22384658664
104575 1137348527
903020 113785899088
569874 203435692130
789271 79880712524
753714 65432310905
666713 92264689253
872866 632857279101
89003 2789692007
154705 20592177557
926623 281861220383
871414 144741840140
634368 319696080010
948992 385265448202
121352 13796625956
424940 11393583561
919143 446365533492
899014 481224971772
552314 97345929677
416301 62777156176
691584 358613269805
700621 246527511625
487483 235535492207
976237 743254511793
604421 351683437231
452611 15160462822
326326 16196677396
120102 14240844448
408539 106768633596
722567 107243054881
651885 403631966926
973429 133782389887
466960 27552369785
605248 276725136372
552431 33921239754
272516 60713101052
317689 3987430689
547671 37841164707
291048 55709098505
28356 289577310
541449 46183872517
632304 242173929445
198524 13502917828
920483 282925419104
832498 171067062297
122378 9453484443
179928 14234629828
482921 195032819533
567530 312340486205
332537 12716172741
439171 12172198150
27654 195314943
277014 66619450270
219741 36746502027
315529 24816980583
627498 268349656982
257586 18928389880
176647 27304295787
682504 189315624289
224010 21753546612
952179 588706028525
39627 916041808
431324 181795553901
27963 212657938
989547 623492013697
332714 51598652245
991224 492074071748
294293 56908678760
396361 135873528923
514641 71087899486
357888 112321099998
172975 7998575460
84787 1618362817
330737 18943673687
108812 3463507148
132585 10683533813
465590 90824642032
774135 178072048002
607178 104260228787
663442 263813194328
946347 610106749790
591948 93038538540
526643 261695670287
406386 142727010588
73943 3155363789
395025 37657643277
802487 131999780177
584276 131556538288
655039 55583975228
174707 1531317343
879101 459471821119
111708 2842187875
224825 14847071601
548846 69215491825
805272 433109997552
6322 2874277
578021 76368718283
424488 169577968456
341178 111368199846
103527 9912383646
248306 15438657497
824523 297835770922
546605 137579428027
164008 15434029686
37479 756397252
708635 127112953939
135107 9914674057
860742 578409880906
133417 4401851408
542437 17213404639
260272 19565824283
225215 45483642887
124815 9725402823
420100 79670010097
772994 221627210778
865440 86459920819
922084 370754635908
609607 93720602217
400818 4658389508
677126 95981171596
858307 308794348368
589541 163853560000
844885 20273491904
202071 18200074919
462168 193521916732
79605 5817446126
152493 327646675
935622 22248748664
650726 311912205782
99685 2794076162
762191 86409274138
335165 61983171816
509333 128730252974
15306 60287632
562579 20945605054
810052 430461373800
300346 54769266299
370467 58607518799
488721 233062447590
651947 50683049346
90075 7032467327
607441 342595834858
524826 47707543826
629612 36131473998
675412 183624285187
185472 19752872604
610940 320696158648
789724 250504476596
412558 143489939447
977927 797085872142
718506 404008667334
638748 281039859311
295202 66990622570
799726 152598948331
641873 58481069323
737290 268427250881
404052 36169446562
113730 12456027741
237032 6828356144
517391 133696509232
52754 276148494
46242 1005803676
694026 120303413213
924502 324393284935
543447 228121786343
477272 15267980518
954193 808860185012
152223 3545076406
658353 179683131575
705986 70722589317
659325 345160033571
740482 354526839938
962242 784547299633
420089 149652608885
441363 98858902320
710041 136625718867
246787 50288506336
464812 67721170132
205858 9221376156
503563 40874438917
379990 56899149784
202188 21574191570
2225 4131794
101711 6414111805
538655 266177036030
426703 42126966825
74010 4156143742
463110 180742385203
861650 516461726960
64510 2978588877
961842 856211411108
185035 3140076743
267888 6364927458
915613 709208780124
445739 33945660569
945713 230401096638
402548 43529665365
972869 377679581169
47703 1166634147
665092 169446129481
768335 580764964821
653673 307982203695
21124 90873733
583426 119131450191
558478 92112841909
34689 912561931
891423 44763682677
667946 318652811353
667186 185375054337
765395 517469685276
29096 421457128
359721 8938010038
819376 654957782534
500101 236665315813
983662 111020207524
724489 64119336311
935039 587639640719
812492 60871734846
228188 19868688394
735462 85303187670
774914 287811676955
917017 603686154434
104746 3598699696
719956 432282226485
582292 298451157139
518604 251893433077
66749 858719604
542858 37134319364
459533 57036002074
928534 261933870104
677321 308124804695
745435 409007155772
509234 239692259266
135038 3853043643
420903 132823635958
361344 121907161745
732347 436791656030
410852 136929082803
823551 331779576013
564167 114574435490
232400 49312407203
867054 124789860330
741295 320795864671
171104 23482135971
645013 315289487630
638398 299178884317
20228 251303580
261457 12787555443
348696 114732176613
140324 9588486443
353850 98662973141
449595 40264132699
233075 22647788539
247846 5494150691
106202 898712533
247568 21251727842
596254 225894124922
844010 560901204395
606619 149907286935
491215 236549020491
745612 502612817242
248878 9529790466
998160 659997835598
123833 14466957280
954951 470426354534
477347 798302003
160229 9687628925
957332 856612511122
637477 243626810763
443512 55104368423
31926 400999722
355182 83845575395
767678 77014520272
125975 5445636003
525971 13811071274
386278 35239137993
160013 19740182328
293500 44985476798
123921 11093197369
823281 294730942750
313425 6727568019
325890 58082026111
470666 42913775097
703434 372777536916
621228 68099039917
904965 397845549789
705364 282906267383
107030 5831623585
627423 356690016836
474947 143318924296
646944 212321860770
600747 27667732347
354302 114118306444
165827 1696820571
116869 5264894596
711947 60750023338
838654 313709161762
348830 90661380913
81672 4202993496
2787 5382673
5178 811752
822118 590458047625
761015 104387956761
179370 10011080412
286800 7565606705
61162 274489990
136986 4543046721
732158 84990505833
214382 9855836369
870421 351100274903
876718 221232180658
183782 24485540221
39640 1523886735
319178 28044230691
355601 76098751805
751226 282410993070
415479 146948031583
212592 5355602852
562593 26947755718
238147 56070602256
527331 48544859670
543834 260006797005
421453 156248847771
172511 3039459572
207302 38996409284
882694 324216882579
985938 752375621221
477881 192885683524
130519 9063117929
995542 949210237566
836838 461241932835
776768 602855231761
296368 69814838139
590424 123890958008
457462 164855292456
137697 7217738454
850146 96356983304
198494 21813269497
18985 108455354
701672 121365847569
72545 1593347710
976982 819971376116
781611 263294464692
416114 64028750780
278876 73392389530
953185 61308608146
862321 329580538171
955666 679155263821
249931 2107849163
941158 794463993768
67731 2328503225
941734 595496709818
36445 246946185
98053 5437393491
614359 294348621913
789272 390900405991
913174 236568355727
902355 603291201069
257369 59405862580
417519 109412902169
301855 12094326020
119679 8158753430
894282 780229231977
137333 824359608
774415 311287585660
390770 80515894726
530785 260862299665
105467 2415757212
850975 406727129810
619266 171658003121
709564 260257901954
150427 11251620267
346236 74424699534
731980 10365520960
397200 117493604273
316097 69298869327
489655 83135364644
198097 9640089907
940093 321726811428
368400 74005190384
488457 110590938228
711666 456646927648
768424 188680263655
597206 141248136267
218784 47083372525
208355 23040096168
740611 266043116056
906649 621802110269
63170 2430325986
685747 27082967422
326311 6044003974
98365 5175449530
269121 1115369502
697865 47171034275
824122 476917314853
319690 62752444791
318951 79119358741
24016 88051892
625840 163995822901
307123 59089822328
628906 240979213448
985491 558461457189
683395 442760046767
661534 283108071112
465183 193971619189
171724 17553822100
668723 189379501023
282787 33408097440
804419 578716506094
408924 123256712184
724801 373707269237
280393 32009108898
74565 1715865314
578250 262224820702
506995 51542153251
169943 25598915189
426225 134148237912
751337 496723946251
943324 46676878619
337799 29723253106
923689 314754103012
205946 39831689052
339527 29815116473
196028 28460934959
490811 197502430889
744478 353462914844
399866 62229248970
336030 53036719458
448546 37364425176
521847 173556908478
501807 54424192714
962100 407046041096
398375 45058772000
381823 130031908673
801352 244138270185
503442 162403175997
919240 99459810655
8106 6477053
981844 578542465241
314814 75487497957
405997 162179717209
11243 106081919
82546 2059623235
166604 6337225289
653478 31365721131
598166 154436192327
699467 71242952733
652862 339304571875
298161 14483394158
271447 58831411440
349569 62318815686
123192 5996557772
654858 390225384069
458841 168200395304
910785 206379458025
559199 102831015774
786877 102858165304
133823 5341371115
113382 3221771381
973079 199139117040
338973 24218476509
71196 1788517816
206206 30800129725
963084 837527177391
267981 37958264073
876372 422667227137
880732 341467295019
62503 3135313208
14829 136342639
874139 540783944118
353675 91530182983
260017 27736594058
792517 370357290969
126143 12638686872
325689 73967018787
570552 130304526967
98127 5644400864
673440 78840317495
747863 6256161912
72836 2648583954
131840 8476432680
277437 61292479922
597918 177549932285
116882 9193658308
898599 528579654180
857448 486349139586
495542 222881286875
218793 3708788036
980221 834308838733
771856 348007265361
406336 60381831614
638693 389718964627
771248 308347731169
111426 8141289107
679678 169683573838
855895 448393120806
618719 316639336759
916761 181692083408
676802 420378510205
483686 226125267040
190571 7615326415
12676 25278501
418034 16627449531
399077 98172385156
255226 17817821711
104067 7102387132
129928 12714591324
760391 36980751334
209593 17581351957
679261 197594221234
605 122515
181991 1275352749
908030 252183690958
26151 34273143
298281 2298529189
553590 36906526716
187980 14798026257
242468 1525025206
627228 355918393147
989124 791451379649
100849 5924606741
971632 281640925752
733729 189535314502
129020 9052910517
288012 63065026395
669545 44309674775
248111 52194075152
355926 15391345894
242269 26393849211
356578 72377041430
694819 356770994299
515697 238212412218
794731 131275903380
873469 224114693863
114421 47214072
94006 53342254
542541 82376190738
758672 339268281530
440976 103467070767
333310 79784939219
432553 112081102372
140698 14146863677
112447 9697096022
229330 1029817054
659722 431226002479
624122 365430100429
836217 673980403396
630167 41645908871
258163 16819042977
743092 408835294377
393533 130363416720
440224 98153433359
114924 5123803897
112416 1844095105
694790 162352662146
413545 58131712018
168838 28349648387
502315 228998025990
217259 34484386605
76449 1321595303
650203 61994404363
895326 314769558316
488336 7810950379
713852 293207967468
616602 182525503698
327916 30262435699
997373 968331585520
329855 42894865208
525752 31340902694
793382 247633495348
313656 46037930087
793246 317112389635
814464 178030519173
230295 30075267478
603770 32651871369
27125 75031475
488426 177599114735
113568 6424995513
290362 74969062040
929815 793719275887
295345 86291795484
88333 5685730383
732432 522767820177
588231 260241743853
496821 209289589085
897353 375387092488
384298 16030477263
943946 87896096551
429433 49532922354
597271 190676249987
734353 320763465146
960385 844078913577
774940 147724925541
632634 260778876500
389514 83815493115
529997 187422282382
104299 8365686316
675041 286871889223
160495 6330158784
314395 65654050272
348032 45376063610
41336 917674795
718581 316554063800
453019 58203915309
24871 478845321
693540 101958665144
879732 564480974236
766151 82201853033
203823 10076388901
886519 63806699087
59166 741968023
833551 599114745328
284505 38292655227
335525 38511401387
564825 315976145347
514674 198156245714
519179 228553411421
845178 287611938583
662876 263799145548
618118 238934048106
520259 148077454347
6544 39961596
703339 142909233924
103098 5850808724
149997 14736426758
936800 528252300808
931124 252839716717
811778 123786881597
105781 287273807
380478 44499825095
125297 4004222982
557810 41842285238
802687 234001965960
13938 172812068
507867 7725655421
689176 226404465712
733510 80191712877
42572 823855345
808166 435836129677
988453 715303162527
513941 34202461698
707176 495822960680
365735 124255454005
851533 692556848910
912626 323871009058
545875 213389080899
730407 381604595507
789757 497964855656
508807 215510162407
926164 738185242900
608023 120073129482
696188 410903694062
982657 670907546977
615979 148224189284
409236 116493216108
122977 10825095711
946761 477367717314
530096 277591587070
832844 405891272897
711973 452626183190
689331 440964248183
218490 15975712942
845664 550175246494
243709 9531214068
545870 286142188608
874797 723345767549
496639 179992403441
327746 99904452870
295365 43965981696
54701 2840781887
650973 171614999230
919969 211948688667
963299 538831407139
915338 491845603210
129960 14807029082
490341 232915851531
14185 168992795
887783 514912416107
407347 147484967624
229106 49538229022
776994 308185225282
193553 23462656394
266449 1697907171
697507 69779452581
609623 282937649782
260061 18581493161
498786 145505474878
267625 47130149551
909576 816004481175
324168 103170521204
204506 5166866533
953347 415737350104
737804 321590800503
345524 103811562872
757823 379517341589
327559 71431616123
373129 72549375638
291756 61509958010
306617 76561216624
780502 123253769790
694665 457978229821
84655 2476002597
519645 222638426317
972872 772823099872
876197 192266565423
182884 9659245635
681812 235035975759
927111 482860531966
514892 101236510812
895458 447120744074
211975 40416197088
250914 41467200374
750160 373186145690
452892 203558200789
595555 159202512066
701611 72848307321
537928 29915230779
845059 203357851665
259152 34917788198
901782 453995597389
968197 505869310346
517962 159561861905
280136 34553776852
347012 86549681484
338986 35737260247
701441 359021458924
101430 2545486281
781185 172466303275
841452 687010760192
355357 21841692155
515930 117248440875
301136 4147915532
517644 267073340541
326855 51342534144
945512 564240309374
786902 378131173424
339473 15683758425
849800 175279026009
921502 526847487234
220155 28225429253
563685 36119893262
480140 130493759815
964756 224327350428
893949 15584674775
529731 215706571807
816257 456513879962
821101 606237708833
599975 116282194267
564930 165571202340
154228 9134596649
203701 29479806403
182094 14022366548
479392 228000437071
150986 15880433349
518292 258083126519
417326 50548186364
434247 178513324548
116173 5013534579
204517 16221486240
208632 3776838173
412402 132071350171
912249 654149796045
370343 63349012966
589261 248176628545
414913 116724560561
642542 86168515836
100559 8407766560
937773 476299499910
857648 653005605891
582065 214278210438
404175 151887287768
836106 595510723449
563703 231719942649
732734 398319865140
185479 4690459765
289887 81702490365
10851 109969397
883515 18430111594
317795 98027459902
518603 33987177983
953552 454925571534
106192 10347876721
580574 263795076338
245607 43496764664
980892 672199532566
596037 229342805016
763093 141548985670
997941 333127781634
330836 84515767811
459533 132378018031
976962 575521804261
926490 792637028424
