1000
545242 138458098432
6016 16281389
777975 144884860576
969770 424880967151
156584 18875432613
552105 272212882885
567687 146825319667
921055 149267486171
642049 37904412260
2442 184624
868995 11491638424
944702 744744577463
21639 88625944
329682 102786387930
706936 19221537003
419754 117364255454
457119 168537438012
910157 679784047633
570735 131932754769
942319 528769408655
368243 2469639926
78851 2107380487
695867 38222111255
993845 23930231052
638502 161544346062
386516 58555301661
45323 87638908
955516 285953787241
958194 423758461835
656547 168232695729
624623 234361093175
52179 1530539220
71772 4787093431
889026 54806669126
90416 3933167270
26541 111513984
337621 27103787372
948550 534713457326
835494 46373555172
731905 509298664609
741814 492481248710
758355 53606686902
879269 19241292053
996726 527300826672
360727 38754125958
34801 330269203
734261 405533919961
709838 180531494179
368019 39950067976
791636 455286565481
366242 102641094729
425180 61175242393
26391 265378323
935633 52087307407
46916 1559999563
997737 769218258029
310499 87064155756
883728 660254978024
540830 218952396116
790788 77613077459
556119 304225038907
621043 61414060633
93999 8572432934
243572 59154928508
137257 15530208742
973815 436423151619
462679 89293441764
110399 2155062924
463648 14222963512
468452 52574896796
913724 291178823665
330454 10135711334
355177 115527776618
72674 2647280203
562359 139059646298
40448 681598290
489520 64263308221
927914 805532964015
783366 86650773611
111648 10533266759
827128 564640219188
128947 1099324483
786101 501132760861
416995 104524847734
457227 136934551237
900661 221163874741
721128 489056966972
550797 52449892748
868375 699131825708
6891 20637758
889805 451618485449
255291 52543987669
745355 36602195839
347459 113881695924
311216 92362019426
452069 171593021418
938388 486373302248
193693 17716176280
660604 257448154181
927424 393692473433
53051 1418272001
531990 70449035870
661020 207156489089
478777 84165010759
376824 69363048329
915239 781404110687
891626 731198262666
336161 14450229610
694164 196255746326
95052 3700808198
44904 1278291272
336939 96089107921
649582 253135246407
308370 80177147983
976770 900030936570
550972 214168868323
598619 47240777041
450791 159064271035
746802 171699680595
786921 159115087780
359185 65424249195
62787 798666390
508601 146669094594
968506 604490775477
241255 11565089015
755747 274482211404
552767 95304081637
241634 21212614752
340300 49588565134
265519 25582788066
627438 321853100812
334468 3081661235
552206 14416901149
830330 321300202469
210710 4730505523
359346 105685530563
755045 53089485263
56133 1633376164
121704 6057333868
49396 1782631539
11077 68979500
978232 367397975780
154085 20890145548
29280 179117751
823006 500308717470
249201 35400418972
611023 106694201656
632603 15432629494
693828 113626723134
977461 311622467272
825600 281746958518
578909 158498330239
492797 11547090368
747715 552205460571
58987 1569301019
958310 753546575985
127570 4308845150
258716 51378025217
219384 24250159486
473171 55931875614
378978 39563086733
258447 14450241677
174598 9939666084
92250 5776262534
505263 248438328991
309498 48876278494
910249 633868238345
849898 197480654464
652104 354105074037
679163 115328302214
654463 133978997140
555824 244978977480
936286 361421453135
713154 289909115594
501583 166787995464
998815 44295911582
527175 191251033959
674368 224016658537
421989 67673378602
42089 378367079
744725 84395581355
991892 694715230498
530540 27087104811
753580 81128890764
747376 172708470908
242531 48974604897
276864 38144426805
582456 87914358936
817703 556798011613
267563 8979668257
914556 67506564682
222078 9151938286
66047 4134501412
408184 80961087905
169723 7224816857
548240 288244914608
300075 65567018071
556162 257586700780
687068 128969991214
653124 66445818047
123758 153979771
396609 10111291080
653997 380672846992
84420 4326787349
271072 7003843110
174856 29513292884
879690 81273339174
467501 47571482179
248315 32775366506
859427 318259529251
18075 104266361
701048 269317238192
764140 553601383290
547160 88019468625
942745 56686450222
788476 555581357731
830430 134118488391
587681 325391940891
150984 11632939282
769036 457502572267
155700 2614278148
919415 92774538779
712867 9535727024
706631 6035017869
821747 307339329562
202217 32481235378
889580 703237086941
324890 11176287944
588190 327196019927
383179 70154296373
63318 3689151993
280344 41671017488
56983 1527465803
733210 65793330738
401511 130105258446
26725 52658864
969008 624064704961
834483 275898816629
591931 35386037493
709360 250838025121
757229 59321684566
75310 2712261036
272801 51672855040
165854 13566930023
225270 619895751
849625 599772129303
904887 683468821620
898799 448217923444
703705 351010918020
998330 481816995545
19992 343695782
194615 12718686539
493240 143371565343
558684 262551768473
506698 148320852047
285927 27114507187
959425 199915313864
297258 59512965371
835604 152352419588
108410 3896991617
98187 3646472637
673964 97463371524
358212 118785431312
792909 36546915262
502404 233593743591
279953 30636930382
218049 36600785071
479331 28539877410
850935 292139319579
469427 204416253231
273273 56504802655
52443 72056030
305332 62383554506
194531 7592993601
70866 1380747572
454505 175323945468
444129 120031572402
750061 418431538061
711505 74761931750
417920 30345949272
900695 281193067352
973717 371097874186
792510 607220303394
731181 156091532407
307611 72276893058
61557 2210052048
350088 89584568007
757986 308868214773
156645 577796644
713469 453519878769
971374 365659408395
92699 1581778976
280016 71352512413
122062 420189426
935391 814399818285
413763 148274758951
480381 142053817483
849943 39050609131
614780 303285309317
935748 10516234611
766621 444917083023
947703 886936315065
169270 16004826559
707568 345846940317
454368 35439452189
436088 182457949824
464843 111345010651
152758 5146343131
893116 333992467323
314026 46040218106
380493 90633606261
90731 3289174575
633669 129679875846
677571 342828891566
101222 7082697060
739318 272968233453
432388 22176085313
215837 16010597484
752683 207674621139
966009 248405749410
570017 126000700051
293657 86212900347
286180 60698214884
11658 63665884
721179 285152167910
380093 37130633004
668921 362099206217
199573 35692318609
422839 80449711036
686856 38862120835
150330 750698849
439793 164490714337
3193 6094891
711125 111194375366
467351 52849763689
247531 1496831582
490643 156700313849
914469 201487108739
93507 6745938650
900543 367158361032
851280 498020499838
716037 109224660363
797235 249442355855
42458 764288324
956648 758407502809
730608 178267197185
984214 453192365216
485659 135401177099
819621 496259487732
967049 551426374695
289967 19941858190
813367 177298274168
947825 738631908614
287509 7786146999
566881 249662245741
961567 393826696659
963347 708687321541
325060 11808433153
544955 144677815317
86494 1940642512
835567 570556979210
564672 282133836604
153754 8546243754
233277 47094706476
138167 8109506379
990566 155353990475
944465 28922107736
35895 197117838
343295 111132149248
561990 153470149920
233094 24760900659
780265 393553079363
737829 323516364218
214672 36327787497
718168 133841444535
184408 29526407051
317823 75169134261
221705 47460779956
410443 34693541398
561298 54874784720
496489 141576967251
370599 123184907251
523531 45276449550
318824 40364791083
736486 346399429549
967028 400165046764
869554 197785294458
149418 4255195109
562492 97253732086
791172 118009399389
779943 585248901882
168303 20532734157
722439 471386794050
497794 111278044655
326635 61879577544
892406 378256505252
149387 12094138986
704363 144362526239
274405 40666307071
923234 134013640101
105647 6809578203
642282 356446529188
92639 2482725893
509105 17701469035
885357 231875845199
378934 24384201047
703919 291866844957
96042 5324448409
568424 245246454710
459685 155818355216
664462 5233638146
515746 103097893595
678723 371561468346
852388 20210917896
159814 11593049948
956417 808425636968
980286 836729871723
349168 953250666
365357 48694549683
423603 89476785754
643161 107545349356
100969 5826192335
151847 11405817473
888219 476605654094
408881 11323065179
481022 118953446800
234479 43796271992
61612 1938998791
259770 939259271
490790 8256648113
891391 84344313177
559550 56183384494
203808 24868005530
622705 116125609100
263450 34120435020
937362 49346171110
500294 104301231102
329025 46821759813
192790 4335033858
730151 48182638418
414953 164357726033
231021 48015760498
745313 196993453043
649601 270440001990
523159 124422892117
200896 3416454780
197510 34347264052
411426 72833960323
891554 516346587619
508401 157510283750
892594 162677386754
473700 77146105858
121362 3576965828
893499 687868195854
907210 550951864691
269033 68186144188
106189 977373009
269167 39548819960
161154 18794901221
11152 40546025
924871 585629492444
334338 14383042638
187803 17543962892
153643 8953357926
118757 13553288551
339066 19046220694
4664 3471932
52304 599235291
27938 698114624
622826 171835694806
965465 873286010718
99177 8868935765
687945 1666054056
403064 154461055291
738258 22265717872
5464 9401429
428146 178064677432
344389 77954786072
977635 209962884959
565205 113777278626
581864 108072352543
346156 30426863490
210337 32525021428
696153 174971015248
316809 21793708485
328860 79664445075
631021 234457618760
192297 24738012902
589940 38620222197
160217 24514506482
533755 142814137006
802611 178065306909
913547 401994322889
325303 65728230359
736692 332942041010
950794 264889157215
785514 112635832894
635347 48234980271
58303 3287131764
235043 31988841682
396273 67899985566
627559 332362356915
503902 67881104676
613630 67179157135
550005 128273728031
180047 21232278114
283396 74993133043
985347 835474049508
2208 4457253
71578 3817727800
378798 75652480618
554093 64172520484
613521 332470234033
591867 140345563981
201862 15247601064
724753 87093086076
207015 42733021775
69142 203097406
222742 36640552165
821383 208374666320
523664 98641678203
85055 4971836202
577947 319588128976
822729 593755434966
486228 47907988565
785877 22282636117
816061 191103064021
587001 286164489368
635538 17589694517
983392 956940916593
301953 67264289576
853568 475413783148
571301 259182268513
105888 3761741735
360792 78348261176
495728 207093417176
905115 719391932261
213969 41081526259
853855 92497053989
254497 8463728602
87429 5539164746
262917 44305565615
910614 550521802660
921646 169709762867
43074 451361576
468984 18120518372
921089 779306867558
142348 9230286829
394075 96435643786
831635 405753992662
943360 583487923285
274508 51920864401
791945 385616478440
640706 97442125372
823683 103954082333
863 495628
843931 456218810693
125983 15527336364
694744 115414405952
609972 328562918213
555366 218688167763
107232 3618837425
705914 207846074886
150810 1528076869
869014 594887710987
805099 319702888654
911656 464732582785
613806 79533555180
505998 204919210369
321515 73281861168
465212 38836765511
42177 320380643
595423 276697865025
270712 63674843825
340585 56393794179
429592 150382765844
508204 78640763626
484273 56626994468
357597 69528197871
547631 77072210355
845014 139178904425
427456 70609953366
117066 4973340098
664198 245356283622
164420 21656237064
448506 142520417924
590400 181183652800
339234 74280682042
919915 595281561349
891783 485230080885
155167 1464013758
64484 3283470947
408134 9866679873
399740 153756408577
126910 15201468248
420992 78201593016
22671 465334337
348995 76319146358
669261 392351873992
424986 132246813143
441906 147870489881
59430 1446801366
96977 9239175236
799648 375575878954
575396 312728941851
287545 7535000095
915139 258764426709
461632 83888220731
303843 15605655767
980761 441860413628
344753 77647854484
427746 33243070192
346468 17274216466
203862 14052024377
970587 415582750237
984138 684851691926
998352 242977316295
220527 18799256940
140578 9142912536
39438 1309844770
711709 174033295549
488313 92404218218
600668 249934910450
334876 37128520093
461535 8222756456
301259 90196039966
163669 26310373373
129835 15093606652
369315 3537310206
617184 285644472439
850597 372824285041
485899 166401051233
916589 727514205333
523423 107724598688
440756 67793301839
62932 1274506788
343527 36400036316
126155 10271320669
127388 8199222988
66893 3883284154
646846 344294067946
17991 24518339
13054 97294487
52719 2329979781
949031 874513215650
221984 3569306721
779011 582268152277
414785 113565655679
767841 76287335444
892625 329851986057
695921 389467858244
297146 35053459082
294629 78504366434
820190 79268035152
127914 12949221484
74568 4801107773
148520 20292176481
713901 96206636145
446244 74099704100
8711 29690761
575 329559
65978 3338161647
532437 74390104224
616434 232822096189
664662 120027873657
617729 378969801959
838835 611017524571
290479 12160101037
447054 173983606376
188681 17195505850
648402 30493611594
989744 414563841024
434540 21293215959
294561 30569660015
354613 106519498809
67149 3705528090
413964 32633619847
435202 111496320831
642215 332951823896
951863 565537511531
118548 6975241633
643212 271290057996
119922 7017694747
723135 469904278191
505612 247176179039
402919 129892305643
9003 27997304
808951 242946394790
880438 517161505861
932246 101547314162
787907 379563526906
422522 22413913934
536272 125042168828
885486 480272878304
644132 95560459206
727680 453598095910
680904 420457206302
797026 413480095762
483909 135631499914
107770 9945842588
823810 485069083881
956680 392976668732
769904 302864883907
895553 553001725154
86517 1046437869
548145 10699028255
375423 68176431501
538097 33670993234
819530 311480781400
503013 241404446842
481381 64279600778
801978 177989963492
568853 29853753957
232248 16351019605
470438 120089873473
500616 48819908175
164728 370406075
156150 1475857575
991164 523857022451
441740 186005211403
372882 62832270970
91549 3755242929
330460 55418798721
39320 1081114741
226469 42873269132
414664 152928110186
341656 13083915433
658799 431328645560
286819 77350587342
85587 1958682155
125597 12090702219
137838 7667540431
847570 403531576959
938998 487596433362
33960 360282758
986757 278869741098
77773 175787779
451257 75289440090
703936 444227371477
149897 11483868956
923641 212051447627
702678 437826981737
418308 99223736841
512175 195893439141
938588 49019108129
180557 24602699430
551166 300722217932
574605 297281407712
269428 17383835442
128071 4456032533
269006 23929423371
269370 6006810995
680862 339802368795
704181 49522397556
696055 252818999880
930651 158933681701
558926 117483597438
960623 596168599859
458233 93985523797
520555 64111394688
429599 96501656977
224946 37127291534
335265 99268871535
205552 11479279768
990838 649687056781
757645 546249810206
363181 130195423967
410994 123905722746
359814 59220355425
259835 41205337238
330021 103969575850
692575 372585838645
911739 349482304236
388040 70452653670
157097 7823738366
631083 173287210103
144865 15068613587
46298 491392957
202855 5610702824
907461 277561099789
826504 586268098780
258544 65193261960
905 569512
404472 140296086957
981256 328397511392
648701 387975776756
279063 38646957718
353603 18396616739
966911 12218320140
139420 14049463776
150752 16251954421
960335 131751074636
538617 167731150693
714950 382514331116
763291 480105111570
682992 171984258676
171226 28460680738
542499 91798784972
819429 450559420870
167612 10080759606
593229 6738895097
612640 270212566890
4655 1578745
111121 9805458699
547952 20028812599
931675 294233121125
226107 2138097650
713334 179747119020
104433 3806466474
706253 423366912745
1531 2165849
537791 129240737502
52134 109690797
477582 225675009916
77557 3047146864
902533 273352937778
645388 401673088986
932246 505286176235
58547 3161899769
240702 26038156657
975788 274724669072
239089 10399970296
674205 427814812335
954833 901463498033
695133 435458489905
473805 26474176689
744662 483091844580
172991 11168859620
506013 159743487988
790513 233500179323
292482 27041071014
126632 15070037895
981025 800219142062
880849 92074179117
229589 11977370027
758653 139228366008
77428 5898273765
137486 12611704518
754441 369688515233
958057 861580377672
752707 20597811376
168274 14208347693
237214 54568004491
919519 768221315678
227521 36489850739
701912 29793544750
577426 184621232580
389098 67538627998
473871 190182952785
372372 50609833240
355514 35328874462
126290 4087044910
14447 21523818
710028 124598285492
629325 100605827825
194306 2570215985
222040 49043116149
670098 321365942536
165228 3059714033
726115 234644081353
126680 1954553879
595715 131791890107
352596 74551212529
904589 590607640188
84110 3830387509
406367 158621347374
805958 436675989895
688047 261061370123
204618 31772038149
488775 216367220884
156253 13868829269
14490 209597699
334071 81424812075
562482 7899859085
364608 108888831113
423108 140417228932
966204 392154963684
182151 25008421897
551089 117636317796
981485 483493151413
73962 3423097365
750629 368147535883
750601 295617509062
683566 150429657998
466062 157747782995
494136 128826070816
607292 11194141063
733062 73428168273
366036 76111439210
697663 127104729847
644238 65142447727
450676 94781811326
582526 36980369857
890271 511397129477
271118 57396322400
893740 561968878228
491001 197306218189
452795 68802156308
776658 435119737869
200880 15445170807
422110 153891355563
166679 26945925864
874452 222288349903
757196 157076521880
854175 295046806068
753800 403979460106
680853 396521813788
475768 143106559370
315723 46631984317
323080 68876292671
862116 212147122746
1180 1101791
897633 324833184422
556004 26295989560
9209 44151177
299175 34622525433
758998 336143310552
51311 1568866937
523450 96488911642
390558 47127268019
485673 228794659103
433865 157371128669
419928 74822326341
564701 260586860372
251093 37655033901
86036 6957378885
348127 8577064662
636254 132589386973
964604 778487976148
771761 200365257899
245475 18337387416
762594 128885385997
821852 370365183809
954874 441768015290
690600 431522483823
430536 173815650965
923805 839495937821
679894 37640551403
214232 3542168335
677949 451574380543
456292 47244887512
393450 63775197733
767512 219249710741
969192 808304544694
755797 278844574696
475243 10182800898
695900 460835451374
926211 371819919911
854913 309366733092
995978 755050679500
468814 39190038385
131297 6935216451
49739 1962205449
322348 13895501697
279014 48891720492
389908 130351712109
353099 122490147111
245374 33989391134
259598 8354653508
536780 154586800839
834665 481260312928
371922 86479503407
139928 7209357551
947843 279430871294
504246 30666374629
24209 530704568
913208 736647545123
847357 341593570621
417182 27853989731
929480 630189847804
229759 48120822773
831993 369405823693
374596 35661047043
561876 73586643723
174236 2936614869
936760 194145518752
55367 795183585
104107 5392632426
563839 139776984171
573590 129503251647
749477 453949665571
980416 351074677922
968731 712190546306
235837 6397108407
303844 54539707152
50011 179380026
467938 68503536220
642430 147136527000
16124 186392467
936190 717374258938
951050 322389429570
612478 39812257351
868986 592070807000
765487 448303635038
311844 39846634920
172309 21518229921
419676 160477925796
611950 129962531758
639936 166049319623
763920 194215609269
