1000
243306 32385534333
600951 282091501989
984050 614360021270
920593 355128131133
19901 194994159
266892 50810824193
221674 11849952895
835365 167984859561
42928 1387228872
914459 373548013984
709357 152266816318
851645 333197810198
838760 324257811198
639531 288945289798
100456 4915588925
501842 25150096092
826268 160035728866
776342 21187321237
686734 81446693293
744849 162272691019
13501 41360043
554430 125446913187
555974 4853509240
231644 38271695454
899981 619376708650
185503 33666964691
223352 42320833161
211580 10757991897
622521 30609431797
410701 26282777352
515138 33329914475
926743 454202758265
202970 37877160446
53143 1465061626
773474 559704117046
543547 272099578876
941691 235995762813
980276 946326302649
972552 869163633671
208509 19346492780
503406 246558046525
620887 228350286856
528835 141242697298
167489 21143018671
481010 200180509077
524469 194675775363
511597 102542493298
877825 533773991652
577602 88718139973
253404 20488608
267146 65280177692
872498 714394898639
405609 55592738643
385480 73694190749
660471 256207551072
149990 9783459392
168604 8496643501
908459 496717097568
737060 186749543295
932658 384038843081
160708 4423740312
360600 113604201350
176155 4665904565
600865 106518624274
864010 254300351277
857677 573303378421
889062 428014985458
232050 3815037337
704645 433232073654
403650 125589341263
192313 22277308304
652454 378450925241
580512 20904648963
407179 123604298119
980468 938511887812
439193 26938372142
692505 342733055422
34732 471652269
225060 47764722971
980198 592159770159
327987 34003141540
158549 24695324313
569218 4752690353
119160 7737715078
915425 808623201210
50329 2486628371
813751 279207437041
341568 30829604665
838093 273381752037
259430 50769296917
772728 109361765345
177525 17148334033
215936 41299523880
235174 24139736841
344942 54172849155
745256 508023566321
563797 43951661794
114759 3679114246
119352 13711618290
576057 132756851468
542869 196525076047
9719 29623462
168238 18318600495
757785 292173154404
232987 52080020401
280364 43528187218
824129 259809110895
305815 53509009973
689607 457049278367
113832 3575668871
186675 6851908338
905963 277872094593
33139 901473922
151551 4885421293
119317 12464269941
866210 42805893398
245842 6675427231
544682 48571951291
413722 95802974262
923851 126832486023
847209 306641106112
60672 943973557
335572 22937211330
183778 4343344663
531939 76674663487
265434 17172161015
849867 380305648734
915339 68979307832
585338 291898233665
50305 1245443137
672011 340108411831
10910 15023078
448780 90180800564
560947 19614313004
297107 17721320145
814182 601501025196
68006 545676688
789963 429341432170
330231 76371360479
731379 406747838606
43660 1634464109
665427 164042387883
542092 270805835588
969503 485951587004
68501 4083159621
802129 462010199269
680244 188663948457
327478 105115894838
790680 3638742735
740705 541533506943
917930 521552089577
321870 68294229384
472612 204987576258
679510 105347249694
262744 38948755217
383271 3792293061
723355 376853423363
214634 19652724162
602264 45106596444
382255 92707755675
644519 25873274216
982080 523457152064
267386 12855058463
838381 220356192034
914390 374792785378
372850 111432602180
946402 825610843338
115152 7837827789
690011 387747823159
614781 224837959503
344369 103844879550
299901 36663359564
963151 281255570879
563270 280472217194
682861 78280393961
493814 135180119391
691680 347857964757
430412 5735762809
177072 11760743687
278226 37740592407
824188 91745322615
53639 1463923230
385492 26098348788
752467 531261732921
618984 143670184957
65928 1222058991
86991 541936456
621004 373048844107
865455 604320120294
147919 12162801794
476239 166245809901
572179 324160098314
571560 11592341540
527944 75285811514
609181 252693388682
834379 614196997898
577247 308792058083
938398 575457113181
249281 57947970255
652670 313344304709
501336 119584901778
725868 62631042659
704781 415968056876
661422 384973754814
237533 50406509730
675487 196529319005
998811 876991171827
913162 327195949468
851369 571489535562
524514 166053109510
792720 200230156157
718150 113246474059
254677 4791092428
712818 225784803944
459774 63068460545
789466 616482259330
55236 886461918
10747 21345433
364034 25598705601
635572 41779847647
875121 17504452301
139425 15601807591
588714 78447728215
371518 22713541632
780444 560937314321
187129 26585753030
462615 154467012147
648166 107612409936
47859 376209910
578964 90872708135
111334 8081296287
655820 349231823408
762484 551963079983
817440 20995504814
292340 82855858808
140335 1657106025
610254 178148944494
466077 35674254555
660506 351043053330
214501 13378135049
873532 666375680189
368791 100912652366
678694 253262452993
237899 2988725843
185144 15821701455
818078 320999897157
965617 194970401914
643797 409352925662
985513 413832000631
750426 56315869532
381383 85815908736
76470 4171695261
826839 537161143445
6952 38529169
981921 116197447232
923056 699203089626
482386 82470334579
841568 116038063991
621340 283550804863
92188 2169834476
317229 66022869100
85845 3377114423
859862 448513887686
821314 291955972081
555567 256492945437
708688 115850583084
593791 159542435341
629650 179296104054
940423 745884202826
610231 129950396602
685905 430122047652
455974 100975912718
853852 154004296517
689902 144183828011
216134 15378718510
551619 57192603955
172593 5030507737
367739 59381918936
553497 194911978135
234202 11531774356
709103 8381202663
794147 80074590673
9507 4115118
51185 378031058
125677 9935325966
186671 11445387355
579927 280769266205
234242 25195402295
744199 525705871388
977147 8463012164
824498 592864769193
78087 1456205402
977810 517123667488
918681 817656126310
535252 184741828536
413645 95363727432
218758 660559184
21926 386478684
647358 203417401412
398683 44498928902
629688 88251674923
298629 89106443206
117521 12685064150
505086 34124751747
678985 63876088361
795900 525369666669
336654 105892691408
800571 412121975283
32756 325973480
945709 391085293707
402254 115664756868
661290 66139975236
351496 72226391628
988948 911855871553
612796 110228829413
132357 14580761848
852253 301301738945
153581 9976396871
530712 161155051799
270341 49018063750
225079 12420023540
885954 278031129330
589996 240438589228
72834 2469085148
759476 75996360305
848220 468173062932
4013 5556632
279545 40694060958
393270 36813395724
702565 364142087294
165757 24146292957
449041 190782329628
271896 60952313686
282974 52688702151
873164 714071168013
1544 287074
431037 163043912659
637782 65364129276
788438 502306925523
2147 2334512
200642 4673244950
164354 661876326
69983 3614136252
414356 143681173704
113061 7127652582
999901 125351987252
598060 113396098244
701563 337671703327
384447 81065289622
972207 557021281975
54681 176493687
262456 10674781886
561613 50107953162
368338 110426453497
167950 8803863444
129084 8731783439
644810 249362184368
427651 91410430599
716484 223081067503
879527 765361996816
115442 4381180287
979436 384347616556
899234 227046110580
724359 308553284151
565120 97365764000
891117 527587353863
438315 44464315467
935412 600440509002
771266 262711937403
205787 19710638457
739506 237704131899
290912 75839123369
9531 62369756
995748 919378300849
527177 179675615499
130406 14289499756
618173 44016324382
521211 101427419353
37272 1295957199
3064 8891417
281498 62375099789
751511 288263084110
918866 581086010191
922382 580202904374
49751 1545750725
367788 126446439204
759037 168376997091
802492 296452374529
503540 48308794495
742072 383729475214
503677 252569518751
630526 368394249582
355439 59757870394
280841 55975626660
301645 3109286140
532461 60746425840
631858 289551555233
304140 26462082322
468612 40475938128
896869 584618113360
555781 160079702069
734560 76294712306
142127 12492201431
704177 81874380500
763639 400279404082
225763 9342230977
37560 1352894049
791963 474584023870
830545 449412695065
533341 195816083441
617879 103847391753
791755 560972282445
593213 76545402932
150126 4147577008
477848 42336206724
182838 29350408893
950893 158236583857
753607 180694035499
854073 563730299022
171477 16531844688
77172 2481064308
951005 435370969252
705986 447950888713
546625 165279445140
283979 4535611683
593858 97868110996
892754 409733640572
580090 168578452316
847732 427651592190
914479 642669790151
249611 39920606070
91252 5173340952
229124 43262980674
98261 1961905976
858433 507478088744
243417 14814849090
171873 27486374997
799936 165542596454
837804 694411436466
99316 6780375885
643409 366036110775
219242 24854441755
590378 26726447384
518941 23670713694
189962 5976125660
945454 811413617495
475380 48006622687
190705 3039489906
220418 41918156667
591655 197677432122
361494 58212950014
227232 47802870670
625873 21310288098
298274 51080221199
519783 171937678222
681451 175602411535
494365 36459219478
829375 90267344244
770287 274748662856
315005 61327725692
45658 712046151
798651 531020240958
767607 221128800318
475045 217756220548
292933 83924637784
981851 838942654033
3936 12954326
658346 20416761648
148287 11541685337
979025 829153286852
636777 272724348420
770871 171662599740
706472 414004092449
156720 8843537178
823663 653587152020
691195 103161752523
958448 293512273138
961455 28222644259
940333 256452136343
778874 488914551526
296972 13005691723
334584 70022683273
486179 212829471737
569318 131125111847
526937 161778030644
771695 424354395196
224962 42247737854
597470 270841795128
75727 3376019726
741461 434113646176
655205 222596340186
527343 3820096101
758418 128785094747
122427 12402767998
514681 47383440137
890875 686401285140
711696 31448842675
801096 70743633713
987394 529214023502
710775 52296764869
503974 125623984754
474391 71262675816
260453 21153555649
89307 6769056313
430073 87557217689
14007 176762052
300105 62757434214
779555 272389168685
133346 3388017852
449607 161030355746
903232 767734304316
264161 15686732551
55090 2296136315
517100 30987982059
879638 628741378728
587532 74023461602
133686 17746364154
107455 5132752117
76449 5342938301
143673 19356188749
386573 101479103953
832544 9339635612
289169 72058060659
97365 5870850601
916134 330464193049
177400 14660371427
259848 37118383387
437958 51172916324
577567 268416044580
507909 23469660998
112269 8548078155
698203 410615658729
730163 331030961026
468815 25658235811
983156 345390891316
56980 2500767534
172920 5760563167
228866 3806528201
683154 166611334322
829011 213397483023
765630 269212245195
386195 22752860488
908144 441147533855
911650 77669000162
728200 421635467628
873565 316520686368
914098 594245830534
700199 88319650161
542071 172619007605
792286 301778581916
377405 102823437412
759496 2395519969
186676 22612443760
920431 20226363719
357377 105772690759
577164 40694573908
891749 598005492065
502304 29226734616
801507 70873801596
371085 29943733391
499206 218334757268
47695 384732872
116918 8252602850
815269 284218504841
898929 486337700745
733778 473399532777
131885 6718481798
818598 312545238501
803496 486404398724
382259 105360288806
359509 27491708644
121513 1254037267
473904 24949738975
950161 816468636554
582902 63672766785
381138 106723599996
205269 9163161829
984905 313688252276
19034 97600989
549138 96155104414
508747 73139871457
615474 205188513094
932939 496642408225
47556 1476561200
138876 6930890008
369712 40596150422
355028 104912293128
422227 141555925622
243162 41901846381
994857 397914268242
576065 77562266668
189690 31312019873
719588 151211117881
522022 180206899657
612739 144839566036
931597 855080863766
869792 197922938493
127991 3491860755
775535 64495310832
486426 188676774120
248106 37273007694
603086 225077120909
344723 105478591248
108741 1677956533
131687 6324052021
124872 10995071120
412279 143094222227
702564 62070950815
968203 365320721652
40450 1403830541
256971 15023776516
56273 710630984
16635 108620915
414761 43851490360
329482 106219311668
231080 120520235
418363 34933701538
823859 549252779394
480791 108867382651
251624 41709689733
650298 291268250092
317613 19152544569
725726 443748809054
711342 282457387329
139109 17111028088
73917 4002206249
21519 59936988
891565 314503174921
546460 168438280488
949925 101129835229
373052 108476430982
988358 974016301263
502619 164495666263
832676 228509580693
142861 10837298118
215558 18447925290
255465 41000888994
395956 25690013217
946487 400780527787
107664 9742263452
848339 630131816970
884445 581793642486
347203 94517251072
59765 783883387
494822 25076806067
78106 4801804494
588095 157279621347
383921 52483135044
219120 26133201727
212112 12166647364
218298 44546007688
700198 40808703698
800966 154011396593
352626 19896105648
292618 77138681150
624913 340849194252
74900 4257545220
648087 45186535023
643049 117292509274
418951 140385393178
588078 310441617805
701358 22783482375
922075 494755692896
172815 16017526352
102025 5894962317
275164 15294074517
419196 72817264204
220723 26189799436
473360 152702328345
33315 173184567
757233 465553133834
988652 324829549459
80732 3074794734
798012 162218702486
845526 268973184655
462126 162161401628
592349 50947079256
608469 143047515366
296899 43373360842
852423 422843298840
729286 320486300166
414336 93166016652
672288 49746777675
72838 5140641935
815012 602063345890
351698 2044674421
620300 358374542171
254190 25472392602
742903 69924813273
124350 4306730634
589926 152815618667
994369 73194551539
72605 2078477709
819060 429492803609
677678 221916994833
791758 69798013070
107001 7140910683
990426 210899110008
87338 2418078340
330094 78350672717
361170 36733753243
438878 95304199599
709338 302425479279
884357 500890032751
675424 418684947550
389088 20769327917
88046 5004620557
894259 674300148860
204220 36397121476
777688 424721125188
473632 107260511229
60258 2708731014
861808 121433835014
956209 417853266121
472612 87992114860
353255 66940616701
765682 111156805901
627260 151830472381
944187 600183184586
840981 3824556288
164322 26445708085
368383 127163360843
395404 47069234795
980321 510378398313
833004 481265124486
551908 146699283688
168010 24592348927
106436 4073737241
44258 757480887
154922 15849303759
349842 8676755815
209132 11832899623
207881 5260645188
653119 334011913239
316199 20987235920
983259 751963424320
323147 98992741504
274309 72852152164
185137 20268843745
888920 114728772388
584748 34043177818
775605 579901462505
356488 112532298633
2244 915571
24059 415021161
356684 107379191100
304953 82338157042
248887 10929623837
83249 601762831
308996 55309363010
147485 9668087996
293509 52895804180
505627 15773405432
890749 336840163493
952923 129493782143
282937 26529236794
237994 53864158892
722071 423216030577
25651 117973598
67938 601071635
360891 118555861523
185162 19863659890
772961 295052310740
267806 8829469137
340975 94360756117
572451 77412738359
853970 434717239181
953663 738083359666
334984 107276970693
801487 23799160759
368718 120744931271
730555 173953019569
365226 69748202680
595020 261651832942
991227 881780827340
33659 987832086
961692 192440974222
76578 453395916
614145 334420797752
872409 449274361560
146850 20575836898
132650 10238736186
85884 1228394313
61344 357403987
95795 4060556496
154541 18855248563
795908 589247236494
298467 81601312527
838897 128301925389
683575 225753874728
910973 644131141877
64618 729504988
303497 79680542344
428152 22191227084
413940 163617024363
348210 67162692320
233203 39984814453
495268 61471342383
71123 1192236408
339354 45140019391
625683 131521962876
821037 540078457068
178930 21948334128
666108 243986844010
316959 45517793693
721479 88157335746
388679 129375399876
987858 649220672873
503807 245508553847
135070 8291815465
781135 462528662061
482904 197658413115
690272 121321251140
716462 341963390844
252786 2272953362
998444 814453016199
984610 238854350556
533407 74835735798
86368 7176256512
690614 33120897241
170692 211901672
292717 28812127131
142504 9400578363
890901 425988611652
638655 267513366052
386678 93805989330
118086 1355777168
930166 498817733221
24061 16074230
184916 25186235885
356790 22164078390
281022 42250808027
357845 36969289642
318753 87876367511
682968 302669151277
346068 93150066649
583878 277494982749
263948 2725731361
111631 389002619
737789 383054739872
834651 461816612103
528969 45454741929
907129 682706377188
902526 33955474753
850656 720301308033
655013 51102439079
158684 12951948910
78647 4922638371
67963 463401719
371393 102064840011
720071 3610602952
133252 4210653990
742466 52224562689
149949 17366809173
73046 5233155323
996759 201277889416
647681 32209304946
59473 58777335
94263 1667124572
631306 70572185290
372328 64349036623
682419 237009519809
633141 381552000138
93835 5890609043
868675 241583401614
689824 111309475971
955448 164805869704
252037 9809482260
839203 430662980298
172681 80557605
874333 434542843900
928273 202235983893
940406 131415893084
352856 102216431656
196867 35553695440
226804 41498438217
875708 658752669766
975638 348147205800
617735 236038700901
577079 157191720939
709775 206366287198
280410 27698770243
934034 861096208225
304736 2392012484
841749 538770723319
559863 202726426238
831820 314329040505
543137 185264853357
146966 15820609271
271330 42837093609
101445 3201853967
230270 5661612719
108849 4308195298
771693 117005450680
584175 296056690257
837120 71657891456
802856 21314465530
100406 2540337141
955454 125035261428
253030 47503307088
513769 231512277159
494596 2367650682
127999 8025617250
340136 29446796607
730143 300536368355
713808 404430225691
883675 46405707955
23862 345568920
50892 2560159262
326126 25413479481
205106 32864452053
753333 541864624397
692371 197509200826
341573 96501644016
692967 190411995748
495870 81965118493
173984 14415667787
178280 23859880873
290 27689
941087 695584845913
134496 6418292479
833725 28035676527
505256 165015841127
606650 132287379811
58282 1945620670
600321 276353115441
453443 76515048439
811125 428157990733
352795 57447213702
88576 6076395684
857686 117024526608
662777 384853467856
880763 292626676534
681398 385949446032
976980 38526552681
481017 100859835393
21301 106387929
55987 759028422
101412 7659782362
93611 3112225538
51534 2234368636
927376 308143946589
856441 410730272285
502219 15249554174
158438 20097154326
210067 1638221996
627700 322058106963
753671 553925746937
551345 77280433579
205482 23356768114
634695 389867542227
924709 601323860313
801564 132800234934
419612 149985562278
983327 833992207445
357769 74992861137
665769 71673342352
209780 24310933440
509104 218678413341
948037 706882172016
615842 85241410846
957864 724349814991
756041 108864573806
302269 64152815582
711284 481268040189
594322 140700162295
9992 53485855
235232 6251563108
906077 515869685233
834955 493183366419
618255 214871763779
197118 23676244099
439886 114615723913
459778 177716200099
914428 372210408183
857983 239954067436
710503 148029934985
121658 3668908833
329506 54714798976
420054 78417366700
171008 24228893998
740749 356032219481
508563 144363990404
638364 120443417846
714636 152179381623
440339 66799957995
682197 236742183544
497528 156467539484
745493 98415336200
829258 66551405701
131103 4453691573
842435 615727161966
292711 34157809085
9986 56306392
592810 332501437845
90936 7813181132
538646 138654498572
829030 555067490152
314720 40096853820
349471 82608618946
