1000
799013 627399095537
910172 60256438749
631795 313138489794
208765 31382393265
474962 77239461632
383471 120566749968
681418 350091888798
701754 42016296936
450828 114239698931
43914 1528939083
820831 187553556540
333218 24846475171
803089 602689227372
749795 452732166218
948910 256854646198
951765 470106777205
650586 168077219942
147310 5800159213
840665 235489142007
657483 127920376284
171899 12062281094
362298 3701159472
377099 64695051213
843990 71803813566
945753 268634668626
760284 331058128667
908384 761062075937
575388 11321557956
365335 27407820639
837055 485304992037
534486 258225213658
892083 9239861856
204515 84959996
954336 10255317335
35611 1137334777
299117 22627654158
574770 320568939577
52192 1357043405
641696 199101433737
570368 324513256166
489887 90941424646
19052 322961897
858462 734280997693
88516 1955745518
716382 333053494386
595348 333499790765
596751 184941150449
102326 7019948530
577898 297353744308
571637 128787283544
22402 368130774
159183 2656581713
519066 113361198570
233975 43957692818
734050 393431860091
123566 8537984004
301532 21235321563
311599 66252276570
987553 389797684717
111068 7955273830
845159 603076559871
374137 136328437545
214517 25185564921
963403 153777173108
642663 236741078485
863540 249684675353
393203 87201060940
205656 19058148951
328854 86456379409
988143 375623729833
887852 761841288051
969290 45101620935
814000 298433624561
779260 444314962193
963135 348115778486
851656 120901376671
680124 408662072758
854027 226477855237
961032 289896767478
914141 723412822969
160501 11981201139
30101 125159278
184039 10608793634
392556 130213362331
211307 3750037590
331171 4916930519
804256 573532797527
211413 27205838795
671832 445093632464
404053 17426711777
855759 703599666155
72568 2720156404
943249 157342552515
740229 460954277472
249405 23600699670
344284 5117908364
422731 45435600773
778525 322600537364
571645 204635605514
781593 235048676690
324643 18825867224
449423 68571147147
727829 330280982765
378944 78985915021
179012 1602999529
239236 40582939344
244883 23907041370
304645 51387370695
935994 525094112871
538767 71106840609
839729 457694842843
568533 318692928507
280960 54920288623
950194 531940106212
961591 919077225160
727259 516603749903
291258 34693839181
329183 11795903876
468794 138434057067
815771 659655550220
989590 849441454519
973506 517363707842
800758 442558757124
205509 40471496360
111059 2769067015
658912 319869645766
687228 81086573119
42343 864993506
935577 756213635563
628826 118549279366
824889 187631938836
503018 142402350816
908244 9247632412
865644 175777591553
9535 8915435
943027 178261724448
413004 132158841078
683349 8874821821
356146 66019869079
480336 56561749802
472694 62278157487
541068 222043120938
877547 94483644934
938476 588502793711
51718 1389648085
528421 101420414663
620194 208164505280
281456 51230503554
794846 531530749578
396280 141415362231
325538 12406087585
55224 2992583797
211915 30826635656
11042 64510141
167619 8983805956
510358 240207045700
146442 20548035207
526211 181268948479
624858 388265840594
876715 484519100813
686595 30013650261
204162 13437889749
167437 1807228422
515360 162815196010
619672 255706904889
401394 93779603340
872329 451007973002
931811 684471715401
41017 1492473242
318786 94372071928
898766 384387916580
715119 90061434183
309016 49705588764
677449 77773550854
970554 57007194660
761315 312678593610
87403 3585781680
342074 70789261758
446296 92945657814
227798 4219416347
383517 96314701468
502159 231819858573
478132 39906294373
395774 71788282049
39725 1253768259
481294 63815013624
691945 414178441195
574306 123259651272
867688 96723463519
674200 95750184330
871712 572887181101
226561 19380491844
915803 670019517126
919638 550571839973
134285 12211097027
594128 204977755209
675549 147929591803
744798 204628171352
630005 330236486497
858504 534621182707
479944 149826394890
756048 313436274857
224102 24800486511
305955 65378725561
613070 49309542563
508157 227199669734
245982 13682073483
3378 4886484
687561 100720625486
575495 239552960805
714554 457130805403
688811 450786681335
384384 114791748894
893044 262262654320
779092 274366105349
137780 3181964580
438405 83950717258
384057 97911421097
472447 16416774527
338985 74417521305
486063 169883895742
299567 23912113083
461114 55998324568
860599 195254627991
762948 492603808015
331585 82141555566
959484 453840497002
31745 415496466
320807 80182086715
556983 20048690647
919210 378302087878
384413 66903849947
543364 202781037812
473720 222487836362
681690 336397337283
620145 28830335843
408230 30079271281
628942 171672507661
205026 26327947905
416127 48467020775
168598 19889178300
521777 177879137930
368985 111485554942
54619 390084880
371796 69565536836
658825 433995046618
882415 125869969098
308516 589615715
807940 381653215439
973947 183478967649
663580 367846894512
126893 2225692834
663527 156100647500
142961 4411154700
962037 835259896046
355340 78745716246
368562 15683267424
148085 7899604475
111483 2209053868
172165 2884682242
52956 231524217
296660 81790703143
430856 95840951451
896620 631946005750
262146 66803286748
281341 39541935242
583817 151536003785
958051 917416517749
212963 30349011619
793765 45124908799
662505 137251192788
294485 20242021341
244867 55345303498
349571 3311344581
600526 39744744303
599144 194788608559
562073 114684240264
51887 2092228255
388657 92676915656
296043 69504540398
257230 61556168981
821552 418114183091
489678 66030043051
508662 158742798530
775244 433494478382
578286 299817786009
956250 897416898078
941248 125944149357
231154 27145276427
373950 67930561501
723660 73015864610
618962 176106254227
359378 77051313620
323833 41114597855
433981 80735823810
780747 53772608649
578357 279231164358
100165 4669122249
120765 1640578181
939765 452371184081
744109 185956368173
146759 17432535021
756497 286747488986
934131 609317265557
943683 371606845024
223408 26808524089
540582 203086658157
539477 139863616757
77607 5386742417
379875 89694979703
887437 740948213688
931854 578859668680
19014 53467990
466550 95780127535
871463 541863307360
58679 2097351030
497303 214854911574
491179 73892630486
723821 244649032596
428578 97383135349
905533 348934156005
871860 548564902010
539125 28918939023
600263 291790074882
445457 186255585740
962086 649740902304
537676 31819931656
339716 75124777238
73036 4552620098
592284 281388249218
412105 108813293277
300432 6427544004
287049 30190665064
588059 290699557664
749841 94441900084
415864 36863385483
597193 48501772032
721863 29583378748
972868 288702127682
120322 10901104123
262976 2226342942
498026 234817702021
790684 446518599461
945797 186053956907
303377 75262859534
917973 837844325465
234848 32425073232
820979 555161936793
475278 151648386976
756286 529613351643
700827 267364535660
643770 22739871039
318693 96161237003
141315 9765671914
943876 675326249299
48494 513511360
956563 351911738671
717181 455716003205
20344 210104709
293383 80706180387
222974 45671662539
478292 136599983726
134132 1599658173
427569 167784009956
780864 404594653865
769256 248905438456
384906 34779244238
277252 32292821415
891549 661881350185
181777 15598092008
279216 41880135398
822738 202024318245
449453 201149152679
731811 173454663349
389138 32212066358
691102 59203260574
559264 5022472968
154917 6181663354
165095 12438423063
595786 325811461553
836121 585967381214
886336 784684521933
499761 204940138633
109225 155089604
714881 251679926231
136009 6147992917
878435 537479588745
578395 140907812647
15996 110731592
448008 100198608117
901236 651881272100
311480 44569707937
529500 256395320389
213864 25783182107
960540 563221319788
465874 155287301065
635174 60848305816
77879 2534375693
637522 349217381767
781716 238598130123
990537 834359061857
420187 40603833176
173266 25101957342
195068 5834020114
835468 576457661561
413201 107791352231
793638 427623455120
727211 10548343102
425161 168950017282
938839 550991716606
111887 2220028311
668612 109545453626
890743 573488629330
485097 58648547371
517223 146430047938
157424 12239354737
525483 44220790479
477917 118686279247
583376 312218987332
214841 10935556831
969552 306590409879
279842 37727950363
813928 33148333471
354825 106346067905
286910 59704193412
384608 34119361048
209966 5997753194
817057 191146636309
159007 11193158602
598142 2206043070
253638 34856768922
952025 893744063460
453607 180123829378
142904 14946645398
896090 139878165113
590564 71341760725
797449 37176150322
393087 46641861055
184700 19983935569
583816 38393899429
82216 2676619798
812726 161938339761
269491 20087575854
859157 233493854310
261352 12847538459
426964 113101418426
654036 212884468
101121 9302277450
634751 323008424543
830583 530137002359
409349 105493780481
537239 223404143470
190696 15191613935
646561 376227422535
897961 556600673552
641604 106273356846
832573 449246094425
684650 330685811044
146607 10846613368
497886 112259887773
788583 98534343512
437076 175342026186
490846 153203125697
252355 35751679691
86077 4273986868
6035 23108978
309216 53311857452
466547 156182152839
360496 10228468344
724110 358731809026
601870 232977297875
16072 117509512
646562 13993108258
342956 81616956221
769592 140992625596
674317 54379552716
851415 61190720668
296266 76856206120
73562 1179913569
938860 316886606577
32766 357680994
86161 4037674968
816895 109435176474
571209 109030028553
592093 176905037425
189587 6595354310
967219 842877829351
920613 444453447945
838115 300313201098
422517 88704360222
123123 8469834137
932941 472941991414
340625 4451184629
639062 237640717885
133511 8483172760
658199 352262291822
563308 61653013347
198825 25290293942
209331 26099304968
914433 505482366743
291055 4011153385
546086 129223288111
124239 8764689337
951982 27713762351
685844 351206029194
932052 401526042136
278914 42067124147
214890 39058145585
456405 111066261314
956852 73664650378
180806 30369151454
564197 29247259170
869224 295016590133
245988 41125220669
618694 44129798052
815529 438482991545
846717 685233244712
514297 230293403159
889754 544537770180
137390 1646088495
283878 3725814510
735507 345792542843
351893 33563492236
178449 21032128319
706648 338692175133
360103 110504806650
350743 40761447700
460237 30701447550
777402 15232985185
723123 34822574568
419098 54773415489
12566 156590037
986809 650332767179
307200 48165691361
504710 15512909974
906392 160331694832
175570 11252523246
837989 635349801038
827294 14652461505
809555 647554575560
364106 28012741574
356887 53499737348
972965 755480708988
324042 32733304504
924910 355523837116
436816 187669823132
332789 45767714923
664094 124063006349
347144 116951318806
408684 103417884828
250560 61486169967
263560 58942227737
53908 1240604624
352056 106630065357
667333 61135295004
469823 195288564870
341656 80570746471
277177 36152042842
419624 116754789263
479606 107195506860
890689 136934562251
445203 175115077328
479704 136926313827
770544 198697540592
507820 151236686908
603729 172313564430
577255 203162886398
125410 12945943399
442609 31845437260
166722 5737000393
669918 65349922366
832047 3276024213
485710 147648295076
758360 191773283833
318590 17161190712
407568 67737396482
228927 13710990930
846318 291090327367
663819 51508508823
335943 93072235183
684245 104535854904
819224 89149098771
880464 149799336073
723482 396322363093
345888 102056933998
186040 33077695157
330316 58580918003
751250 252639379135
842323 376641109028
139804 8682070391
990046 702535153325
606524 157023347793
455228 59898103086
727656 79966519659
253533 48259669948
804750 507186085541
289234 50186108451
948458 386009328818
418612 48915512982
946022 383799893659
197848 1210687060
863902 340286662813
230661 19986707719
196924 19588941060
282831 35441064985
464169 86313048138
597713 353980162425
404001 161287462887
483333 127433421985
888950 569254015935
119309 13329893047
697255 356496887241
454282 56594706389
821311 83887437971
259438 42974959719
341602 43565716493
54048 1563467873
613698 36561746473
225868 22275722620
831307 52244194431
847701 29642874063
316392 42780841874
946842 274287492866
3696 5114794
859398 7864764915
752976 321608089949
759152 211200470224
495325 184522644866
340134 75140151567
892295 442747001271
462495 176774369619
90745 7015617663
938184 367426282388
692372 442017174592
859131 196986916324
29243 775904329
752602 376978873754
787691 520383187620
543289 203395152537
332401 101246893159
787535 33362329762
778748 68201787421
651192 310522094674
621646 76229485825
597932 179554858871
817678 393336486871
704036 96998781831
571495 242534073570
487130 175307212298
668956 128655922756
72698 3470215058
950105 398418360374
299383 26444498740
259759 18505311692
70042 2278620532
162907 1414799885
398120 151065318085
826264 673665303691
464484 108099717262
621764 321389689447
815953 155666783625
707812 301334862322
792711 364954233740
574973 29263347509
434521 101079989673
479053 165352875028
576152 44171151342
40551 814706019
617963 371960282329
95978 1673887412
8555 18544471
55747 1420911623
679480 389098051268
713639 491505966573
545543 112761214191
577942 265035312375
358090 87102667194
994280 596343468076
393797 36854757487
903372 800209144544
967717 753122148026
725363 302693649904
893875 235309987378
423259 84348617143
116670 1487935755
679952 279709673208
61839 1408692386
493845 210469697794
679568 392209252997
745482 211287142954
803301 294346325239
309490 24864490468
454402 24349968873
77872 5495930248
631527 137311638826
453101 168390292548
59450 3201693699
98079 6034208538
358047 90499648587
528309 44144922288
695824 377132602662
524534 175778150077
26312 94161837
311375 42287163011
714407 179841665573
875200 203894389600
415023 63055581459
923571 685954732171
823896 651465147823
635852 141048202403
442554 61601878018
674000 128440361136
706185 414321362714
151916 21826319427
250154 14804953262
141077 16596672988
731994 145926035310
347939 6218622878
714664 420135465982
689870 6352412297
114156 8086390815
568598 276942467048
863072 219909158323
966743 437775567208
697633 361854414126
407416 111928344375
653135 414024261011
680876 461626734155
531528 193756789455
603770 306543776900
818968 623501224598
307592 25529158026
651395 367365303928
488090 172533909803
176694 2993511967
761404 77217846584
228474 687324253
50002 951270438
677308 315435182502
886807 436620263861
543170 224996698609
32883 787028786
430405 182428400453
905262 26809843434
129308 12944823282
393357 76076203954
857453 100638195581
673881 310098141868
633909 214079153662
498767 79823839707
946485 225171450161
81867 1672044002
974522 623842046674
590564 121322641572
214937 17517479599
74269 3639297977
675369 190608038424
471374 102874834424
899289 529553116484
585884 91148972272
320420 32052785816
859264 672816664481
472261 98285120239
292549 75137638685
490830 231325220304
718862 392239351442
187836 11443762833
356302 107136800142
776253 267517162091
691917 157410652903
558205 55476497819
93719 1292601106
811847 172377551251
909027 225745419548
498368 136252726301
563470 71532105525
933699 109769985199
785043 111918875307
499426 97775671878
901854 68481784175
808380 307528047926
317810 98564888222
416526 80547915842
300709 16712425531
141661 4927672619
266361 10368425470
134314 10414595062
975604 176358478594
490135 89825144497
356856 7376814020
842920 16307775615
527409 49810530888
128608 10614964621
108126 11583456420
617498 344777985843
840180 399734506918
685511 383924585879
204966 16499783984
881504 406181403776
681235 114522409512
96376 3417159513
446190 172860147727
807583 575861652164
293979 71548093712
338162 81104456826
806675 432760981652
234659 33823308938
981738 677569253990
908937 649554537387
784877 60333830470
787280 216727423068
689583 378278312949
25062 318432712
28318 191194261
37423 1133991455
532412 188498931619
88166 6230449212
552700 224094707784
207595 38529862066
461108 194067194983
463775 91653013071
269216 13590201372
276943 46712600266
740330 77968448374
799639 568229082147
519845 37513198709
42759 1396773336
114186 6663086658
750705 423883899101
696095 352730927184
301256 27337842331
553024 56891646978
768529 343668933830
985113 692710735451
950079 677469042575
963574 340188049648
556923 213452049236
171156 27316723739
484708 62835338642
983043 829380859777
198520 27475140240
866930 497652355181
346508 97414814867
990312 101054691599
406974 97496890949
257019 14818883772
531800 206866800182
536738 156170389947
634684 226446312650
94833 1027076070
971746 261205786156
758957 138529290071
714805 480640602857
97380 7716850209
518008 71815450602
530378 271793761103
166819 25597063531
824605 507851326643
299203 46550451201
526797 137990468060
220912 24231802164
465716 99465373936
442237 136063207236
683727 52107842164
500000 131850318530
273112 51139410072
240252 51642208180
945684 291523533924
88185 6349073367
12707 56638863
171417 1964047284
448257 85145540892
740267 19381995753
562712 15547103821
851166 98759336231
150429 2950665647
422403 70714881311
730300 306505908660
629239 6989180682
717280 149306228972
533249 29709751113
684305 1240891245
937738 118633689726
930796 3892591582
808094 216565034087
631804 217331287469
950816 499014667455
752862 190017445051
139061 8090222942
565719 44629252322
182701 16141013831
641319 287577728135
511684 163449321670
803101 318565543581
939372 142678306052
76804 4719615826
512180 51503909465
291830 15750184672
558142 10120300090
218317 24130112516
431999 125522249744
916827 635478742156
552248 304753982441
867578 336688116987
691699 296991158004
263773 15816017535
843448 689495995994
526341 34536939733
725654 128596354059
189793 32111203098
32168 110465680
92397 1361987113
540171 133263750147
486374 49962221050
455213 41507257054
132076 15033185421
507755 217539502265
939677 593678469728
177508 24065541977
961672 250175834983
589255 54436646706
795084 253259535423
18659 58763195
883237 685188370852
671138 153914039352
402463 135078545104
60572 1069414051
662662 414842965389
342713 52013889625
789572 6396305944
482182 72437459177
479689 26464790509
129396 15123231811
309737 43078613793
175835 11873933350
223818 22538387528
382696 69217997346
600313 110489440980
360129 61267213898
473155 45668592444
140975 7775780401
98522 6155846213
579783 158765465000
331409 57462402132
947292 315932267185
461139 59767468862
203761 17411555528
176552 23996580536
771533 383040432297
361982 67057450864
291939 72220264891
73530 3456388514
781855 553352267676
558973 266730321973
828582 387638750417
62806 2208951802
250724 58350346595
268861 18602722586
722206 217972390264
268059 45885281742
673903 333842944685
942504 720495601471
286241 35727731012
633 310409
709738 479723021373
888508 164208400317
18145 269883184
875675 171500510782
254175 4779206818
636082 246887758669
334101 68976439297
675173 43880024718
824959 28373275086
303840 43475106545
218409 11790433804
837970 268963019275
826542 558836976401
664780 352189173542
902390 259253428717
152652 3009318661
530160 166647600732
86053 1662947694
12679 78212974
318265 73715637105
121699 13520816174
951454 260498883182
455151 174495194902
701716 191392361298
625050 24094397714
377072 55567898626
825777 513641031016
321256 12061519139
766726 428230639689
183193 24052664459
697872 315235649567
213941 18736765484
471582 18420735207
540566 211798352715
979873 664997304147
51342 2181307242
