1000
458523 40590087567
33120 41207378
49789 425022504
825652 454551125661
814650 235592893656
735203 76117990432
932458 445470840429
641785 34140155798
47335 1417001719
381908 94990048153
79643 4599913404
275474 57164971895
445012 168221781463
908273 88767427693
676183 173366922531
468516 144754316074
247077 26551375522
899624 19575579467
699689 412503962520
895915 291963090243
174093 15879667678
820096 134935700240
640715 399986424240
239776 43511511851
837898 477946088760
340251 47191256897
539725 209443759315
632183 356804553638
982715 692808114130
517678 160384575508
37206 1202429768
404636 80946004697
690887 199431464750
166550 7512621014
501415 99502723730
843787 241648768552
558888 251660429914
243438 21139588105
173254 11972161425
612703 351493991235
527934 84027810680
712865 104662140167
677127 77215794960
723112 12846516012
273959 57978036053
161416 10685302048
551602 145565212171
381845 122083631198
824013 541475157431
592637 90861583934
305511 25616333489
472513 192251481919
504645 228910780180
351593 65647148501
69433 3092114602
232355 886323702
71906 3707786145
844282 141888728335
810769 616354771537
702111 49858851657
919518 475623812577
853355 59440859112
340924 8343323451
662470 870765618
452669 19036004187
284353 74812147296
269120 33561905682
407172 127529312392
145553 7332100870
434183 86250784413
551828 297316029403
2638 4961115
81823 1696536009
533706 232625030888
598069 34547738623
825643 511226278959
185256 7157487791
601489 302519473346
524488 72443870031
559851 60528582591
938203 719826467087
574759 311183560472
991228 961948303243
610782 363849655899
827522 556188669139
537807 268526471631
168040 2399413844
720999 410053948164
864537 625982528174
376382 140586930646
32238 786551189
770979 152026106777
904037 802673775765
28999 47323086
286217 54852447744
416852 162793629258
404365 60075250905
778354 34347362392
514201 241916803747
670091 12065442906
394219 16546683622
151612 15591513909
894297 341952269153
745177 63670246185
714716 408940483421
882994 347521985496
629082 203203802946
535808 232844276880
34960 495511161
707674 475340691064
554568 298849269031
686737 350841628267
732527 342005553256
70477 1788923804
105798 10278854880
339181 102191655325
403086 104284025670
885276 348908678985
761977 553737189277
99751 6815961890
428900 69872260976
472123 115165564165
283850 36180706958
685759 67953827975
292955 63913330676
487066 20573420536
269913 30778811021
618955 244344750247
420966 39953175451
743190 80574556832
371235 85608103779
572550 193794707618
483107 232875177883
994098 731631221827
409360 75317192407
775099 151769785758
274876 54526751843
788695 598826246457
275741 8504517048
213323 3669595731
214689 25877304006
971717 100494227996
715463 498796672911
860451 85485968728
38209 827878151
346836 119891402085
464835 30818337320
238656 31983059631
74370 2179517734
578081 49441539217
336792 44693777729
766824 406442495043
630372 324479062592
269208 29545343915
465600 72593822993
899847 117157705457
48203 1573777147
149286 15983318633
153401 19542309656
101563 2186994891
637063 44568175006
777303 541127043590
151264 9754022200
470443 109285756099
683222 145573889219
654235 184008965850
71531 3428269191
958506 915372662026
967921 764705617190
914869 576939291152
104945 1719553410
602270 161752300384
43889 1025704038
725574 503917289828
767514 295727990215
595852 17096052834
73160 3451691331
4688 14101085
619621 307237330056
836527 49067869621
634223 364320823580
516800 43588780097
335783 78628099177
3367 9507350
339638 29153134330
310122 15328342861
920391 537447871813
294533 31052812370
106090 1946245590
927285 734311660430
637995 339653781150
652404 136361666847
508310 60788930713
706006 68323559727
156855 23940496169
606836 83420167308
93121 257279968
909095 608888410511
281445 127013126
839372 648288342018
661425 370126053775
438002 44983252184
658909 112086754390
411687 122994107414
322590 63475802356
756393 104693251572
758041 296080302904
662375 107696841197
172041 22728478397
940411 52920147484
638357 248737328014
668622 434787054393
308719 11119171633
379832 122048697427
226047 23028027891
859561 311167169768
367743 116047894220
924220 159526883200
760848 543144317412
62156 3133387816
385643 86028881002
595994 152653890382
938038 425512101497
713144 486468669413
414492 39873045476
350241 114167820848
626188 212489069500
835196 311920975946
42517 1156154233
739049 106048622321
289640 50600345258
888465 25839091381
745498 440595383396
273161 36829278147
327833 7048963014
516410 158627109779
769419 304191297718
256031 1628747423
49826 342088078
482638 53176448777
485132 213872236435
288454 69809571779
93699 3108341550
286833 31347136835
320038 36099048364
379648 119247168371
967342 80923391600
710410 253027058566
655199 144187604526
369983 122645047864
474412 33470475365
574444 2231141555
831940 189154481841
596040 133258072507
322014 60789882494
768601 153135018742
702652 157360697952
95097 8583080506
614168 309912506474
126428 423200363
655255 25053353486
441011 26980940791
7310 7365117
199693 8729937286
892850 534150727225
954568 571880083993
170943 23412979960
5950 5885951
390735 65472860778
191976 32224516617
168191 26079886505
421789 105917210203
957604 348872090213
932036 218340344741
739721 394212350615
108133 68898141
110431 5142464052
272888 55513483644
866159 309555250214
39884 157121316
811643 175187302966
493340 240201180989
470804 14717465644
239143 1073859052
208291 16796955353
904299 294291067568
609880 334354597992
750977 169376064707
51031 1054315632
316193 83373769696
113389 9764968257
778843 227826961543
922734 639133886591
364611 92490662012
993543 402396516726
389127 14790416760
545032 95229093160
499006 23916064960
53858 751341028
685001 208360726692
337173 63142872665
265252 23261756610
382672 85532873652
864495 528103215786
356439 53146836558
307450 52618522647
20552 126522396
886890 176801602024
905615 454424513999
971922 368519987737
397139 45388819550
835773 693465993238
203271 11180645068
471743 54928935013
356929 124281148408
746229 244572112339
146499 17666732346
721463 205074384330
572803 107925298058
140847 289804616
832176 332367185781
248591 37752783855
320310 81639859318
188407 7181189556
875270 536131047551
915812 742241998960
59707 1003595009
370797 93240546038
412888 37722298247
280039 10274329177
336742 58200583054
357871 19020278590
874065 86998399112
519624 269329090960
444467 71176545001
185766 6215184970
939369 745125073381
172666 28227265551
629977 173047290819
572496 93048357643
307556 92526120944
143068 17800793196
656452 87376726803
398774 21610422559
435231 144203172001
6537 7361487
309408 61445659871
129863 5041136480
211400 20472748690
988611 694740899764
928004 618257044906
866606 254106831964
118829 6062069065
807539 297598423532
152192 4711355232
75568 5043403054
440159 13432609782
432072 91472547765
275669 28592051403
600893 120053596367
863722 233425853591
960138 217983349480
115807 7120753743
939287 609217823598
496033 165911554079
708513 137900393663
577225 264826527343
779912 38475529286
384366 103307325889
2441 5899395
537479 45753194684
988573 736684240344
190501 8870251777
999134 950465139245
299837 38819366459
772369 294061443544
637022 297695393248
428141 82204475371
573468 131598202789
73992 1523681731
822257 216672804001
886850 696960047968
512658 21904613799
858909 583496916651
213316 26691533480
275677 41220687062
888495 287509037215
994934 508409074799
864037 563445695570
962828 879894414311
479906 146625474775
984603 18670708426
511906 165003020071
728531 243711331372
417233 34673341605
89568 2211786463
848936 160892423878
142333 10389729254
730020 237565969412
185690 6527392255
306318 28573313177
160995 4843170725
608338 168399152925
434191 86891957194
831955 411313181233
680188 167508296133
639275 63187969713
958869 565689305088
387546 49014635061
695592 340543255596
440671 78635032755
660503 410876764619
736331 37666964256
585470 99814498464
487554 216203473781
100935 6358496809
913175 596002908226
917477 15027076932
740998 437838645160
6612 30812389
241008 44388579840
179505 13201830698
509407 114654268778
997851 465115731413
53473 865178667
153196 21848444746
144140 18202016418
479306 48565901809
438299 169543555468
146055 5298305963
353269 17800172585
173997 23571116936
272835 38789641215
777905 488802333427
740708 297744114804
140985 13873078474
162405 21145901013
133433 3848643789
48466 1087925819
238040 44288891741
701833 336368806485
154650 14557069759
624003 257042274575
56338 2688440072
43915 1052838356
222287 19809800201
849265 231747384026
608622 57950140731
673047 251915680487
335487 66431215361
729535 248839624446
867901 196241308297
489339 135976282184
19475 35631613
114778 1760497256
106390 1804511751
460436 201114831704
662623 331449964121
510084 38853860493
350777 24457460770
492351 68337756692
90576 4115788525
315512 73804483392
150920 18444909540
965877 792198604172
54005 500502317
486046 156272011873
740144 60951605688
2187 493744
480099 18263872126
364542 31280674793
523775 264395413549
942025 288203242721
128816 118738515
190588 320401926
434415 188024754761
864796 584854553161
236589 20203591489
658962 40456281724
119445 12544508581
637545 214974882155
536216 264133955650
646845 388831535591
424396 124171076629
485219 229227729272
503499 182091279096
109270 8128788513
471142 72076776946
776370 270647042657
859329 539420745831
737258 299644730586
93611 3301251797
207157 22323934353
38013 146336613
947213 595652388163
201313 28512090810
479074 83927612298
541495 206198413989
583817 286811220772
769351 156936705016
652415 139721930515
161599 23925056512
543244 279546156268
400674 33463190121
902046 531592792908
555147 257918359292
368619 108927246526
833194 422119040564
721884 368847462018
722742 118286638526
49633 1505165466
84846 3490103192
66503 3752803290
732396 151421451367
480050 222387942633
246887 26212054397
923996 100385221711
533271 278916594359
422773 9753920055
344996 36891174342
692656 308959856369
825465 393334030065
450519 143024660901
725117 500983635537
433794 125970469814
948595 788771447814
34105 641638920
827855 53470344654
82768 244951466
600132 321147882972
780504 562228469344
766106 296200811191
53535 1757598301
571339 299698029872
873218 437357504725
593950 170368151531
579582 102653517669
250225 15073163482
615638 329540438040
102195 5109004031
213366 9715045252
5853 34133916
734010 106764709767
630870 335410594920
738402 330093005223
227933 18149631575
824048 133591328449
248724 46767741419
498402 101096665079
836243 93014119383
287120 9716529694
547419 185231569154
366341 17834765220
125270 14466946680
486459 98559892923
395130 25162682159
108933 10756645617
32221 68961052
979889 939611476172
669838 332686193797
52409 175102053
587855 76535161724
502825 105880210033
262045 8401812469
959965 544280019246
163553 16670185035
955387 513232996630
662931 71664875305
600333 220239437771
688134 286396645491
627170 326051570037
130768 771643534
924069 432803865995
105110 460438317
794743 408810575505
292238 34860148206
426080 4441681796
845563 494732441208
269194 43351708823
78741 6048400562
476586 24658571921
12854 5860409
144449 926811210
23654 301593646
912636 516514419235
822103 108354469983
456299 145045191645
423811 173954087351
735078 368852956072
170276 28190700354
94936 6447163751
485424 212815480397
955613 653656125768
359587 58002737800
813598 50371817678
703515 324402744629
433826 95962133364
615987 320470839536
559486 203004185484
950184 504378665980
325849 25539422234
577270 134273632259
708803 310680100125
33172 666728695
800892 458206092298
808979 579267686050
721397 325204643415
710712 208470595818
255035 50929716473
202952 40352766824
994777 781933431892
201933 40375708311
255184 40390412390
186347 15681555977
388007 73131858659
170456 24470200424
475335 42033811000
89630 3194334376
101192 7627953872
947856 542844645543
420112 88537064299
152647 2527632168
634538 19214858967
702224 227127898593
486319 114408516591
744367 462116445280
911207 120696196360
788441 111469868350
827937 124809268558
375282 90649706578
192804 209058978
568357 288228388621
739332 365523275600
470184 130083640094
722648 148435220533
58376 38144421
375090 66217401873
108037 354251932
948859 130844878733
277737 34967193754
805677 125471804993
204372 35296382313
904294 579173712599
310477 86098164981
533132 37831127998
426139 73794214539
510954 231088729430
316181 97937469689
763950 79335966664
529322 107537072410
13740 158422349
431370 58699593924
543426 74183411956
374880 41478815414
514372 136891676865
885958 408421957452
13978 12470433
143763 7404230441
383299 6580924051
983559 93434242143
880536 323462618061
180076 18168291042
574742 223407333157
388338 20423798441
429338 181775698301
869801 460254337070
245704 24156644258
575668 44768749066
363569 67235853025
54048 2812635505
180838 24122289925
793203 206316128707
521822 134586663548
856404 186597347901
358797 109480974136
528878 154705079830
552825 166841551459
411427 51152712295
214702 43406698592
32403 79725386
72161 3087918580
161694 19480381662
145381 15098791820
322022 64658659127
523016 51671895076
53323 2131217709
705190 263705483385
780880 550705770224
168054 21456678330
452036 57909571869
887754 143846285519
614600 191810725688
716550 43897201999
533211 165967365018
877742 103186708451
171864 28426854392
445112 123071520694
331183 28000290644
652215 215258362634
121596 1040512576
784332 381090581301
893334 199975311267
195286 36854404353
733401 206566903436
623532 164407752468
572667 121256541025
782462 342113732454
182302 19575582875
750173 377867277582
975716 733436740423
109325 538300566
252760 8862510275
107773 7315401135
148618 19769225957
583469 72920486500
73350 825763066
710552 427067889880
386924 72343367139
283928 22115081722
452817 187889986623
446953 146693500675
97060 3403632119
369241 41319745223
570695 113934403081
121744 4172847783
8020 31582345
789347 203334820077
430191 107606774153
312017 81145763431
827684 377460725209
68736 1955371962
930902 526984356818
768007 456171928224
671842 79855797833
822508 503979071660
426887 57104809040
557688 263305885848
609374 224645463482
333596 74327927715
69504 2303691541
683486 254709986678
180866 17129837295
455861 25428886172
696469 40779875260
791571 328044699152
326840 86934698117
354222 37432721332
893119 173702186690
105333 5195647946
444837 66923370257
888615 136318930847
630687 55351615628
312151 13651814872
423848 98548575332
322728 75796841895
912894 60462625805
33738 1028556360
131487 3169233727
333971 90869759823
299226 78681405555
850832 81114063280
220378 30615252915
519654 190738390588
832787 199338165899
13213 62727677
594677 178121875744
731753 115583757550
833176 190411713904
975804 670876913903
582433 307990308640
961581 267652562717
446492 94829750316
27970 487451090
637658 363336085841
418133 168139709949
93738 61450318
704616 326124764263
976493 106283397327
162195 19676783710
432131 48646730218
955485 424160935086
45421 732266036
109744 7475214855
810021 587693069564
945594 566642039621
876288 450522115719
670384 316457279380
401548 88256527704
728919 353919867198
122434 10097871831
217187 37922382873
67588 2582372824
524624 181509100297
982926 388869267818
204803 11539348243
968716 728479791356
487129 101202659067
421352 108996722454
700455 482320639557
789519 599103225868
889134 277545374888
427842 154457721095
8308 52245719
10922 46483760
95302 6749657333
182658 32354291633
472460 139936057436
922330 537953805901
102648 6423665154
560504 9483193274
486549 173283393864
154782 10015113499
396671 68321254807
237275 34848838329
358712 16903433172
58758 897196910
202222 1594143084
984348 502936891976
883744 759965399978
262376 23881248273
253761 30922207024
806701 129203177658
813543 596116773931
59039 2210261596
825328 589567855405
252212 54089818645
17575 165141224
867506 195849050056
942567 294841096483
323895 56297180614
270244 30266950782
153057 10543103931
897395 352187975128
61792 239844017
480021 59211912702
498610 207207842291
456826 144323757324
175280 382865484
653431 167738328177
593405 195279208555
49514 423968189
509206 101475249760
206729 7179216883
92365 985867074
844886 126461047432
312285 69577427203
450043 118418276780
466026 53462221580
930437 15967717827
62494 1796912261
117808 6312681912
62117 3110171740
737800 314240327578
841710 282934786410
768917 135149399886
630527 192572306222
708040 346179499234
951508 22291005676
156720 7827752327
604000 83509566301
35587 592638236
900969 150970119912
741952 303567719840
959291 633045462889
5074 11595853
362562 26368406460
675606 445905384924
382291 98102144970
498659 182186106659
541628 111974506269
852997 706748286037
584508 250528532275
381136 93210310443
685553 122332877239
795455 362339744528
868550 424464411323
411133 163645622407
827165 50663164026
682925 198831657306
348156 90253101668
690089 72734689616
768944 429979837025
17010 258257230
513512 154217488277
930098 362329942140
990007 592192011795
14524 48136243
813694 287748890311
422259 98196794696
6102 32465936
253241 17640475563
630917 79270873314
546101 72446560431
358498 127831419990
6809 39791117
915928 159051398968
307763 9722484423
551724 174481452937
376381 38629531174
922045 25574738276
415245 20930766992
332961 75256674517
192097 32429927561
214569 19151372235
90331 375422771
738569 42110800388
237578 41585909293
848316 367095704278
767288 398187562974
526964 105093005945
106079 10182094205
969630 563490278440
241382 18534637300
726906 361520355784
398147 38420794018
915599 98811136580
747229 321658912336
167325 16652209054
794756 215776795349
510196 200457449795
7873 26541689
489643 91839769976
202518 37018946020
276414 60584750547
172444 2597888115
864635 486873941811
864981 508695586647
909243 446427551388
707694 421506338079
352069 47825669332
868310 190630229374
218362 21332094072
154450 19737251431
825746 260059329957
355039 61868841644
914339 707440386465
185385 17564363722
248662 41877103563
277656 8921859839
750316 336283807709
663859 301900025394
68898 2653277796
476564 166739513868
252548 47173874561
307874 10021725281
743924 114002498886
460172 12175628909
32858 93432339
787478 344581349265
590302 337187547950
980304 380421550294
195827 33458838976
899913 569761017928
408710 77515363775
183383 10985585728
356618 52657747363
620845 161956928542
938035 8444991371
680199 236765095904
410942 9874881888
769194 413439738395
120790 716787751
521989 164448724625
226521 14055751542
988022 956508729221
660542 321363111565
531430 688830580
866138 377123520384
437732 10304368788
306511 88758297338
586219 55327586090
462246 200407196985
952879 742366096723
698200 341583330945
696653 162118272019
415135 63098175571
244904 33400294892
611695 266426907243
580977 54252877028
162916 3714533805
505066 173017914124
755161 455563522392
326809 15266806378
780126 162145218847
948885 860687098485
353572 33707756216
835010 249512420920
901525 367277240506
620241 135754353348
559186 51418249997
60883 1429891203
620528 295916485801
301412 13664946156
3713 7160156
14005 130118478
859411 481473222459
788451 428591005776
761597 266866910130
158459 11368288521
447708 101064469059
