1000
725391 260307984135
820714 536345951354
139329 303235186
567812 134578786916
804524 421856956047
354130 18493279540
96304 6421773854
232252 49315237237
898934 164036963748
698243 330093617880
524482 245766121515
299003 10044037167
257639 4937774031
756792 331676897374
130627 8184476320
25045 598851779
234799 13675528965
786847 265485411660
849369 574506316325
733138 202779342928
847715 340297619988
99825 8066746119
834032 117666769359
198297 13529014083
529870 18069656932
531816 9109721830
491215 63664944632
837559 256808969681
568985 219434796069
337234 28999789
185949 33686013362
932832 558602501737
59495 1535054713
973748 482585138071
564450 108000762903
581536 309530962235
15674 236432082
896900 270520276549
89013 7140274476
225111 10927758078
603892 198329361046
664531 74451339652
900620 236729584515
461948 103391892959
616467 147494105920
116685 11541222139
516257 188877623243
875365 391484012653
748249 407633026155
378985 134905190676
896384 79582616160
526261 190277569058
645553 30652357759
335153 106971991700
644967 196239327540
854588 518622040085
964487 268782031699
844814 667577155486
766603 229068569472
390366 113689361530
23131 78328924
976990 790309494304
808059 638088402883
152986 23064937573
303701 70665801135
508576 150701260963
145114 16364885672
607632 163502070857
945470 451600816230
914248 553894794410
278489 45092624184
560577 56959257859
253241 53678028081
410789 157380876496
508615 99865564535
681671 320234827509
578859 191274501548
696097 307355373147
966285 281837806567
680415 396667009868
273693 69083547293
422610 43963481662
11827 45697629
973570 399712289868
680836 405516870414
382192 66715693000
632521 213931721855
634054 295047837535
669015 349053572978
219037 8482621014
593635 314976606561
538827 192804315313
100668 3350210945
516171 81448543274
783936 524380387109
838347 377826611342
49998 2163577893
842405 205316398315
292262 44347393335
80296 5910779588
954965 875398722177
686806 390637390062
464385 209062834755
560185 46442408167
651148 147168456448
484050 117332832017
989397 854081772523
73344 3114946476
763830 466675245953
219594 2616782623
522232 163826052934
76106 4404732787
559509 143055035752
56316 1496602197
73078 930091878
329872 16008555260
34942 1072951419
289358 17196905760
466078 57245372205
821996 231303141764
205690 17584129100
140692 14888729686
842039 704169030217
425452 63814891173
942268 41467716626
850544 178549081756
497964 242222108304
206362 5237486425
884874 450323730219
333974 75208156456
331766 66435965752
372387 43254945283
427537 37258812767
141548 15733308220
15824 228989399
299299 71612339500
739037 121056143014
625130 1352286371
177425 18843816165
520884 236887095091
227001 24012289974
64790 2774821091
626654 129174317753
967485 59542488889
661071 218528340783
328261 82663598256
213418 12152987328
964415 881371191865
824656 428791422694
196440 33241137554
944857 351021755221
559964 245580184615
854721 564556394422
596128 242444572360
564715 98084872800
169729 14962255294
572407 112736317643
687827 18870402779
806678 239291912063
567151 232750713954
825903 509188596584
712282 121797034541
94360 5515712525
259795 64966536850
259591 61461570815
288696 12166087635
720593 274051188154
737282 15997736697
633757 374417750319
25721 484096300
425060 144755531792
529431 84001197700
374891 12032565468
921243 787652564578
587849 57491977815
357078 100939862372
594485 253954626272
542779 129471911865
552393 291740859287
273740 29036829538
870608 404532473079
871418 177966922364
580337 316807365261
960180 808758238959
893674 421920610221
368355 64124058562
263969 24620621743
161305 13970801858
167848 9053989076
529352 133456736262
717672 303823646624
947387 241108136152
693189 175545639128
869873 450181565659
142913 13714748028
882604 219867905003
21005 296856904
309496 87753463778
357991 126035618449
477969 191064152004
994651 280026785685
651603 318996620025
266147 26384209315
504467 1358134264
64098 1043214421
860572 573062078354
573249 23371758824
982946 633175856051
54341 2510441725
756004 481116063726
228481 31524188240
953573 903573533973
885113 549961577410
755985 546468051649
350251 79742342003
50467 856030499
880395 714290191685
874837 361547775197
21188 272621719
352321 74152712822
874595 710212506741
596766 119617014844
379927 47052300834
335553 35264456009
706722 488895612095
376360 17340655067
426852 73568872098
490180 64017736596
226468 38035346108
879186 197803054587
731316 8562057463
608338 223546378641
191916 2608415009
173642 17168592776
130640 12880249093
413957 22024095486
277075 35972435217
428870 31802765249
486499 203940694617
350773 54368518590
936524 788127027182
19323 324730562
45565 663056296
584335 294775712642
17920 24025757
442647 153324933752
120094 3601302538
366544 123461787625
846510 490326668906
697358 261698716262
275150 11849979789
894261 698856921058
247898 57382794703
577583 268271531064
342198 43214732179
460454 15028409290
986856 293310569421
768938 370861576446
428599 67177773640
9536 78324893
479377 221950911006
313090 27737288893
831726 120731855613
995167 505030546638
771609 507895007264
852481 13624527787
968921 525890966863
536366 127574452199
246017 22822733640
770523 240728948352
744260 465163181072
596180 283111107894
655195 238876968612
176689 22920284321
929640 394508956255
186319 5123331207
779320 196526295994
276832 33952689907
634787 149316830561
163677 20078242163
563605 16498855325
178184 5337370409
748815 215577619300
750597 440488420595
826209 677485473331
817010 384455719463
368889 10885381496
176072 9185416942
481930 172666073875
538109 90642048767
567497 97193127679
189791 760186154
628212 82930186859
856723 100146617367
128629 125256246
827312 342459098242
99609 5563136369
927754 329923946892
333207 10616391152
637134 57574729850
131066 15862272460
120417 1479727339
326939 13015322422
915180 59535173086
843554 44366498152
788330 8561365901
608584 120649978710
794848 577310757585
45074 1111981823
927485 243084370409
452937 174816713241
679680 450094680264
822553 200543393814
346176 50221957611
968983 527801088899
370151 52094859230
531710 211099076274
664779 416119871243
594627 59731215229
279839 37153006021
524130 43979720724
883065 309433624213
620174 150761557005
406723 15728641617
964844 797377504257
50521 2340394461
315310 87474363283
391901 39108661153
630131 165867749432
808016 507113036364
812670 306628488264
32021 271464689
481703 92073079515
289391 7837165756
433261 124274866957
386356 19641519751
677830 428546959283
434351 154324267701
47177 797127376
186891 23483820074
792924 346885011142
102541 5243904057
549617 194778425698
69015 3571935736
335686 55774167238
935263 302255143947
21191 295283810
900458 27840569421
697532 46026769689
113503 12102126264
29369 504084619
448698 35167375920
921266 555643228273
177607 14292948164
507032 246997418154
99169 4767220126
406464 42254273038
635927 253861234949
163426 26355930785
642895 67842493585
68650 1016184739
577929 10484671176
535046 150247237332
633661 371965713792
802953 287765275945
67267 1172657453
400102 46765067484
921967 583656379615
304025 41426541861
904261 81713993093
983883 758662723754
584672 103033426853
526038 141902993538
389138 129110214289
904161 146572029115
857381 486916908441
417791 106807408919
708678 300729031564
159738 21020455174
719610 24695092315
249240 14523452189
750108 27491503996
434651 72580565833
483943 234088692976
442206 79482686186
155636 22991862856
17962 189384372
128013 12647074658
448388 41588065871
493015 96427351814
896546 636173712228
384495 34937902710
356961 83709785307
209116 19729383806
783819 464526492351
581800 37112303550
904282 298226292467
767759 166539653928
745877 168395035335
564826 68581645138
31372 660942710
992174 11785727289
620089 272976777581
691421 275753726920
369703 77917323020
968729 29804614832
469427 117727198960
588440 108298778381
998926 974449766701
357699 19990189419
66715 2061244111
711575 405980905520
922965 153351293689
63122 221865863
187915 6606378534
465936 44496424064
640260 258808623113
691712 218011102211
227333 18402772744
42234 1227621751
584673 241561590416
264560 43882546435
724714 327291404787
657663 302053888076
801239 598215064186
516304 56864037441
96163 1676875430
177634 21449606154
477908 176212305100
495867 152861301443
561260 183553211644
126429 12298751024
771524 348825079664
661285 27806507750
326619 5064180673
263175 50435085912
478759 87992808434
168029 1839666956
165394 8569191105
972838 439327812423
337690 74289295247
60206 2808711050
886473 497987301446
311139 59252253843
363987 16836608424
364228 130075262591
615160 26756234488
675920 344820430125
304593 59512100674
291371 30541168535
522019 104841005998
687145 72305532883
181532 19370524787
657098 101128975015
461403 79780494234
398574 68798025656
417735 103598567062
508097 166718171912
829254 424377257186
153692 12930973058
525708 187394341518
50101 632753044
801297 435883173471
630384 390485559392
786685 169157653616
549643 236415746340
197166 6422836400
863456 427625254164
401679 56989113306
451553 42269604812
983104 158124203908
32321 421395792
792727 202945867880
612450 326517900751
861040 15714501648
325399 3675129969
438138 149910272079
849105 272676754223
659763 333641669853
71922 2993888863
706008 47001141743
649228 323219450094
420408 153354653506
677056 56650217722
39661 766690864
622471 199878140208
771654 467487045737
65528 391589182
342857 22569629287
466982 203415700838
577904 269530576278
863955 311461794959
314195 29828909751
948529 725592422724
383225 56084275939
187049 11915228277
503592 33260248074
375795 32636370623
71587 3778340619
513549 163454899513
162119 9561992192
271800 47596388400
928665 430352004125
639657 211750255089
347001 98567764418
733862 209373670894
635517 22209368985
258075 37730050952
107967 10610353262
434203 140525849934
958696 422540031757
246494 39570166362
337731 106840895470
349905 59698093580
385444 112909425989
537259 12032599906
627691 12207390535
748199 329701547209
122711 11074214892
796148 378513721241
874225 124030621251
342228 10403599427
196980 36310306318
236651 4412790352
858984 727128789892
301519 43881356753
316487 50046283525
853218 17839139128
112731 1787155667
338217 79904064869
557372 299125045073
442084 91757584680
707021 155312030357
87219 7589793336
205277 8491429849
152674 15542664462
1076 238360
718531 69863692751
78864 16898444
176212 23738510279
433613 125946250205
898691 419838646154
153614 17667351019
969633 302722080142
241636 56433963263
749640 264382944681
315363 38628869079
357700 22286739363
721682 451941495853
125473 4791290077
742028 279958766559
574801 269573514877
432144 104776283035
739036 48392103727
883957 741811138505
587165 227453425054
830096 396298373760
516983 161771925835
917895 392691911243
603216 138938318081
934214 429788400065
462524 181521909055
155727 5300701299
564291 182823801704
113814 1222688291
198416 36468512568
981845 295684771749
929324 588643662575
833477 159163017347
537781 251947232762
958303 297803941226
115457 12387557131
978112 925587478746
772318 573411578146
676752 7471854647
565731 297461225856
337719 18303179041
934492 786400582202
947166 372597707201
366452 134108294321
603874 311985999616
819125 49932311247
291828 61762718424
799086 583570430406
96308 3536745438
325507 77215347983
198675 573694579
938360 153998823244
726758 82546027036
545691 153496142579
217316 21383720727
848828 540889321564
731655 294656139379
79852 3343134489
602402 24819999942
94038 2282134112
334853 81557255438
360571 43293735748
274509 68473395226
405277 163290061716
306541 75965373282
784731 80164449000
307978 6704738480
732024 231003799694
778931 170560157484
609640 100831815702
531935 11934766443
59101 3107723205
715069 97752735030
993024 503833898364
121763 9617323255
733871 24080637861
833040 41272579833
876272 30629435178
677190 151336887513
640648 164088320420
949892 898449642744
356755 123896012236
752048 270282802253
463933 4434540530
456792 29453710369
610805 72631502648
259579 48046416413
669619 140202192026
652858 27875680629
686240 351731353381
659250 19635829339
934672 585951913549
515487 201094285549
290552 38662377624
156025 14871583552
833068 139175520087
618325 4291834329
638220 243580113716
208990 6749454231
228364 39885093484
654375 298252585683
534099 258928021162
711993 192910338381
863504 203371127104
782513 434383454473
743258 101935648205
344066 101464997744
726018 44295635708
40293 910671748
884720 218730591885
118768 6171907140
931048 186912660761
888252 380824742416
293024 17223724109
672146 407223648444
273996 74179377897
67999 1910896047
690161 157163917212
786650 253514678737
494786 7009843392
654445 4584039873
708908 412929497276
68552 4576283136
59177 2324259890
979858 207742933801
134399 7228798954
407444 63250063472
838797 390233808966
200092 14573845693
532402 113426330532
309555 21771341990
780038 311939285680
329798 10031514612
516758 49164540670
267383 59430391222
378233 128714474652
894285 546492200759
19267 151486200
282096 62420615160
788265 17858258278
965398 550421183741
899762 41003945854
383805 75744858483
733201 312751712491
712028 249005682272
177451 28210546429
111716 4077209902
934979 368340735858
386833 110971019469
291995 73222216723
53482 1719152104
12116 6106390
780508 406442606896
161978 4892532540
823529 186493176008
146421 16668116805
391341 78002255211
253421 2651203784
846211 353339329964
642308 128807275731
193170 21307769593
50911 453220209
65361 640467474
787343 275906187334
261203 52462128193
379074 54789449480
66028 4063584056
167242 5608889630
683306 148865351261
401472 158329946976
217039 11395374007
923330 230092643025
203924 27788702603
177774 19209207007
888607 280324805407
146210 15398184528
140017 5429590181
96577 7407941518
567682 148242942797
739990 489737429503
461546 163772986454
623501 247234600684
635922 359376761528
133610 11017325740
138406 14723833191
521651 40115466026
544764 181818872513
987872 91952387098
33682 119184859
35292 335773452
901972 469942334682
863315 700092643921
260912 42564157260
783315 359196689440
713453 149457833383
30524 266590795
91405 3526724538
441155 32575037216
569214 280873661106
322791 54853442409
50356 1003870280
679402 310358380058
929386 429662973474
154202 15065244548
845748 353361955863
993780 186469870364
523837 62053819802
745581 238362523960
119004 9145560284
520696 199797776757
641530 392599488068
519718 242498141604
383828 68016888434
866866 712268407715
192958 3373500854
707926 51133667414
512024 70018342049
957859 252466625821
752138 482900523354
501861 18316222765
728501 480066285231
108486 8741061383
424950 21849288597
618121 182988826722
45033 1702173911
20436 296783479
984947 840822296428
303717 71333095833
719067 232957001199
770639 348790122893
487243 48149144016
452631 149700538587
993240 622210671528
648627 303811504007
346353 113907545923
731306 348369101180
320480 45831163193
746723 80871695104
938208 767841510411
417588 2965833397
524160 110745735525
898930 558059991894
63886 3288027584
47416 76659681
595154 226616998586
942305 647532579648
49590 2369229000
847037 87009327344
853965 73906750969
620494 258776760646
673796 250910034984
568137 242915859174
735673 94921370064
744227 418241069047
273477 54885445232
954504 737680393539
676550 132431031290
648074 367778462633
83319 3952611393
204758 22701624045
700178 56298740012
709818 112112858940
180314 2309868788
507104 150078802148
277389 70642068071
217238 8657124218
988602 38313218460
131909 951704573
488071 136794287747
741187 18565722698
321561 12776715632
989140 274206128250
812559 240639669036
500107 73609539145
630640 304030357941
490218 182720843068
953989 832049924470
393594 42250521107
87671 6097413262
365162 68593968784
372026 103738126673
355950 38617796130
360815 4848313102
531290 47644464215
900404 626278854737
313050 14085057501
563691 188652200049
133090 10610747472
18358 150873489
239622 27533654032
127059 10066337601
231366 19643380227
289999 33611277475
673177 88615356982
510352 78405686105
442922 68687203353
755723 61387422782
335229 69960434027
19293 248819739
49935 231404432
838452 657601237665
969384 189301225959
618688 75900344351
595744 133573916699
344383 84925974784
393377 142814085508
449937 106479500079
926516 260766109328
204783 22309413163
147835 980000873
166901 14905229232
967347 723157971232
249272 37520493966
565557 253258473615
73375 279276957
910418 222798397793
906468 69873565795
220706 10693300838
600908 324482261791
936002 591102181327
610867 28729286747
700026 268908809012
907493 587429810816
69895 1328569620
227058 47621950330
207130 12934995349
977492 849477136509
950712 322920926295
658125 350835147528
872033 593103451866
225931 7589066544
91760 1271805362
877410 525637258487
106878 7562310619
680845 311662998821
162534 4902276707
401237 159773800535
410919 137429533574
575787 73424591743
912014 297984181095
950433 297368713708
337055 12266604237
796631 120839450407
448759 191767983568
920891 357727772073
405765 146288796753
59428 2824197490
169609 24073647741
356418 25224381210
697294 126320612399
415351 32467950303
814172 349440632676
426301 731127403
252515 30070428185
585827 245445148653
303556 2947231753
228345 18177876898
684292 7686190607
323676 79257540317
883884 176379196219
478802 219026801356
199764 666199073
729487 118203091846
677216 287198868438
788459 443449048082
809490 17544322777
32925 371899449
284411 5019737620
267205 64080657242
559322 306125198177
587884 88438804430
601937 352536571281
234647 26269081817
369500 2407247417
500654 31273713218
658214 188087530711
989969 947751816698
825385 507136656659
329945 42193845467
688993 119231163226
248661 8157866943
125269 998865817
608830 321158959623
753735 105280530760
497939 114297766143
301761 23615766520
136159 7665411575
704349 140426236209
708460 301338279263
640870 242112035071
84924 4210542647
262670 62887019900
7169 38324375
82206 1319403901
993191 192945936894
845743 287287024996
47056 541938029
960663 125560192292
676828 192744784554
236068 49049835745
785522 266540366909
863313 707846658856
900154 492834387301
809692 481140620297
197302 32133022212
583283 101359133542
727498 292981636602
23468 148952972
931390 745504321249
663744 377660246487
867003 490717775705
872090 58374966947
591372 251445820396
207219 5502883300
876719 312750986757
406252 160785286328
477431 107712939913
160429 25558648508
288194 22130797609
943696 776317769784
662463 195764597094
887809 508664355599
173175 26739516887
863696 388325498689
288885 62217430858
102433 10417690983
149397 2473486240
226710 468565284
304053 73798574071
712659 410598001689
193689 18964228126
332022 71108621691
619304 38480940126
846330 281026846481
693131 415897139944
541225 249926145990
526355 96896582919
494404 233211407509
165068 3365058631
908183 345910010614
129175 3156953122
121950 6716162756
366048 24036528256
775643 169993505900
895106 133333840452
99677 254472856
97539 3612165326
530220 267980023840
482628 225356008913
363709 52697358625
135613 5457656448
397262 33262076287
110595 4174613677
306873 67301360865
171613 12247864054
94702 347345171
916360 377215715973
278230 1481516780
301210 33227186032
146898 9119110562
548823 253782943614
439020 106158500875
759220 567772885150
435486 53780222918
