1000
293473 4729718394
914313 559667599126
585640 194441106197
380107 74172292179
989137 89171469989
477133 64273174814
376857 9610079127
252564 13407955231
667102 198431516246
917883 202183516537
47956 1524634324
997384 238664711243
194177 11799807396
353034 103302137976
487737 115600089756
737510 400422314153
442616 131547267167
691244 262373422286
316795 3770780846
974754 438835108385
553208 146800933971
924259 409120318155
488846 184197738546
844401 335195648827
830464 88697003368
671492 130829651241
647843 290499594459
845981 467421417313
927678 649701629306
569034 129740210746
722595 378929867196
647755 33642776202
525080 109925703645
935598 67808544675
421365 171258437428
787150 322759926416
683467 379755681485
260448 60165755898
357486 38652262522
958131 327851319137
844754 166762509842
869116 732228902805
444107 168337458610
331878 108298919020
42092 1731868904
688852 196087471998
295999 78590965765
278006 44030767267
898148 686218535788
415641 84862264475
337034 101603418995
201849 22500924127
548994 94259435094
769248 571433575607
368350 77376081919
600448 254767207396
430323 91439484800
961108 797365507974
880613 581093748343
418273 54890728548
839632 259012073285
227811 39198252008
224151 18937947948
794229 147661347911
908701 68927595607
376900 38003322036
280566 53988155738
280489 71211037481
856598 344985538649
305148 29519172626
507894 186714279275
971885 368289164318
983485 461443744428
410066 46724471505
141599 14827930680
417375 160384088393
146146 8379174488
14757 154340621
771961 468051654648
446302 191209090185
84067 3399112793
171352 4719240549
937813 277123222717
611620 214830881035
186392 32795103349
37001 51239136
674657 123219166176
380717 123847967683
956711 840456223285
877748 115110821819
935201 869335853679
365681 63383833314
559196 207604202467
483062 146714017698
104188 5451744370
104182 8002549335
251933 17154468508
547135 221653594227
811563 49202371592
972860 601510005451
790808 415184282760
208054 22115552895
448456 29745275005
299379 53279129016
45165 1500504081
338107 97106896603
600115 181762054940
156630 17243611518
310489 60086402148
752969 79048611956
590209 273150567394
955230 385063437647
615477 142134122879
323473 53949794467
49785 985668127
434796 185127722745
89747 1086941888
719918 166048593281
639887 327697754982
150197 10038933084
301408 21431693528
930496 694025953225
127289 3140041785
376001 24130944029
354117 56695766222
230386 51762081009
907368 151633985547
559605 287296567698
771785 312886313526
573245 214358032517
435362 19221447844
682926 94947582224
486946 98936800597
364360 92583071767
47436 875241219
783988 579981641309
275783 7891926973
458124 101360444346
55238 966107943
278610 69674088439
104546 5001932120
920794 800335121966
223911 38671214527
454318 106639740502
327631 11968166353
155158 1026806844
364118 80584904990
347097 2327081008
759598 359691217544
86766 4014361854
100304 9012193587
397548 118774748131
975942 384992214621
979349 663664285798
274235 19658971857
826018 630990651984
221309 9503294901
56040 1119150450
327274 13912151352
643950 372548832306
471856 59639263721
161067 19306785694
428945 12009638959
873890 510251296183
408212 109527140614
18864 238198887
291643 25553496146
533573 44904767712
929866 250472354958
687 297526
52342 2433931213
309974 39536379975
286770 13680158841
604298 316677782164
535458 2223195194
763600 191341092777
240087 56774665210
259582 62546925518
467217 24381130035
107406 2123130548
798583 294434267450
451387 180201271930
635502 281658476984
415287 11804340168
507515 103973496615
550279 1013176095
955320 180692990515
448259 152807027242
599338 59013823118
442872 612117722
769097 271894531683
253652 13426801188
972672 341401786404
969277 331620065708
325889 84807942531
410845 131439547648
97977 4190152710
896608 465427344532
573468 161924106708
28339 195156327
532918 168349386600
810787 256860888779
647810 366265491211
847800 29938690377
590073 43295182607
79904 3515212384
991667 626116624128
739896 519702152520
41810 718959129
758612 291950544833
361835 129585230118
20723 129197685
554344 177659416335
719342 242970624285
287377 62708777664
387701 65830455680
301880 50693716354
323175 30130303102
613280 344640677293
568409 36008146030
758957 189579417884
880741 460916122853
818849 196483534570
350292 80049942515
469279 78507128098
946918 382647501399
763332 352168444591
167832 27782324524
621074 173144241878
52923 2800065598
364862 73455670191
192758 25250480497
814296 631598206398
913231 250444022070
986495 698450116856
441387 147376231201
286925 48070460241
119207 13630929508
227239 39992432053
354721 61514803135
845625 144893682428
165275 23151333719
852479 393800890180
606797 161967914879
413547 2214667651
934166 380811922632
159788 16038977877
616541 289438385629
477546 86100148870
509707 44296300464
278724 14418054349
444277 48021087391
960915 442328236381
233700 43821863217
517025 155078644899
490741 63185825746
336052 72195319382
630206 63945426284
258036 37716867603
21625 102611371
399562 86168467178
57155 2001815349
414306 117553705259
221254 42360401095
942727 688659273715
199511 33502033933
440157 188137542108
670250 242290138447
205738 18984362115
322190 32673768827
732686 129027712382
781375 332549588425
791119 433917607572
445178 29784592525
829590 642775494027
69696 1537921686
678248 3837982234
147931 20130932621
510438 72664331861
657503 48886314810
18902 74662883
523205 192329137676
158506 25027859715
717843 421281948901
814134 254956112607
640964 237792750707
183109 9340995188
432286 75754977690
37554 756772869
82488 771744402
711730 338570790804
968759 298364375888
933049 246929424944
305412 68893783323
476659 51599884689
694046 349270556969
303783 41376548436
832336 333975564545
169768 12993164746
391004 93648849145
319057 78638283127
611406 314293454678
196207 34994855764
300095 86191863250
671063 132244868364
34578 753210576
95713 4736139743
877820 225396450836
679331 71688713743
735809 511829395104
603283 212953792291
141878 13678896174
647609 63863537561
798574 62030141841
384069 82473541318
497764 224509915027
942740 651850646255
816204 315439334273
49330 812837820
352636 27346634292
607327 23093053181
351918 90291719989
784898 560074654055
714394 218263563911
74318 2658874546
886534 90869213094
897868 658121609297
911684 504186243794
172462 18238482747
662712 260312195626
153870 4271443820
987991 766392230251
808817 250575943585
135903 4274529417
718763 207378439098
715309 511360571607
934048 727752443384
983792 54205447535
712904 328843128960
10730 94531644
526629 208212442495
301239 65317902921
59838 1500324235
30852 196328536
826169 232040902146
307616 57034891237
187353 19940633120
941705 165112009807
701086 464784836742
731806 145807168689
588026 310745390366
529804 146924767077
912505 669745513104
628784 364493208686
239572 53762046753
467959 1586389569
978664 911152460256
203151 18975415272
342294 10160287503
58265 957986439
724535 257437843864
584571 27629533087
903918 564747938400
531513 174336364518
613934 16144304639
313229 24344580080
993597 657908857240
843166 106698581316
220417 40976276253
35575 2656881
395975 150538198897
587490 317198587228
540048 288003724939
674338 326208592402
133721 13851752350
669628 445215972655
569578 108399862359
67145 3278552961
735084 483816279084
111503 5674783208
108485 8569164514
165553 16117260498
505338 10070859117
901304 511635453368
336952 9257099725
934280 434212739534
180914 9409820865
285968 21159132227
740993 279570193297
359753 60455309661
319617 1281955884
128986 13283671477
764721 21270602819
493368 79740238271
858746 696867166598
127920 5621928723
195135 24212118194
343771 113143576641
311630 55748147273
88472 2463691841
656649 110256193201
786460 142794878352
474350 182038509493
455937 96934698752
363524 8501369581
336728 30207161926
685901 139757795417
107022 412502322
683157 361886104929
497772 144775273712
532181 161029211983
316540 30598246744
598808 137923096553
453794 34844380756
9251 70300010
901213 671207441529
69987 3421952257
398655 71597563348
986924 790731568318
405590 111083722433
93644 3748361646
965153 171605781043
954957 890099409465
864048 91269286128
866962 14436805036
403494 138563459579
512364 248559083286
112389 7426847018
710456 148829165253
96176 1470304597
706498 285783415141
337164 72091532403
297181 77319483479
825781 59285700373
117315 3530448229
876932 131551533418
523366 53451183320
986553 638888497068
753831 339490213933
922155 783438703655
627560 268104676773
106485 4494109034
263640 57447357237
793918 435990802479
560644 265036148019
917118 504500232300
575955 326825339614
736071 460070090827
428091 25178574210
479737 133766763251
430713 119848833024
474116 79531191825
426223 28559795831
76228 5153597108
256616 7683068202
168151 11069313780
322441 87040822412
248029 56368766699
515584 31560028703
661160 80928048806
598550 153024024169
863049 312985396930
936159 872827471590
483056 128463077093
948325 671660506760
521429 138481995333
601740 304812774114
9448 32196307
394968 14673475032
502335 54829771874
360874 1676904367
382102 142102260239
939280 68074758033
42555 413658278
475790 149933058820
607529 225511396079
311642 1982011506
882022 527672895467
235525 49820069618
305585 50852205537
357334 66079692553
888755 595594820391
473637 223514330469
606518 53073693362
216194 11000158282
464140 112944261058
703603 71794180671
641375 76327681745
738327 356783824941
328833 65271985987
794157 31587230566
498303 245120088912
390361 59885267429
747591 434851975692
212016 212440977
704219 90004965940
812195 409235467616
710242 164386376142
416673 145333969725
328529 35243064012
25085 73439219
438775 81551154751
566067 260847737881
623837 279604152036
672846 264166561949
136701 5078355585
21889 317586845
539617 226679883280
427105 129195265876
896032 298942570787
214410 35320543908
530532 220950331500
165879 16153096325
706096 216808609029
259224 10199624159
379704 34026006899
678944 128056631741
375173 87891621025
291869 35317981194
843798 607977150874
764472 478069352980
365420 55583991347
924293 714385821176
268310 8825848750
892093 392145636846
220401 19823963604
269020 57742411913
156893 9766455684
349020 113264098944
951966 781632291127
331102 41233497753
901943 799482978167
893318 367600452321
171252 12337771537
757924 195701957849
665212 174148482167
633030 391103572168
617917 360290798954
956251 407262797398
119188 9369005342
5850 26211665
468420 144271132334
870677 15402039562
527560 59048489520
449843 23409400193
713888 268192170113
229273 48038338794
399599 97240907309
732099 231522307615
223428 16848066791
104458 4740140173
851493 210064385885
732154 499941902061
485585 230989610276
403887 33719668548
242882 39632893924
836578 285874799084
184808 12875774338
131505 2421313215
975366 107405116719
92609 291959047
547560 6127788433
882438 531885474271
247345 50409020838
334350 63706068791
211076 33350023758
49224 2264250318
574541 318200545574
761363 180072067808
225770 19384453262
876884 442018181802
8455 52349849
276234 57743141896
549175 95910651983
17120 225498347
53781 533204057
208688 13756171193
421714 19720529111
743375 14608983932
803783 249553853877
732020 187871760773
28940 120199954
502137 88309667219
252770 14826823232
324678 9848216624
511240 22821308182
771918 380096812379
156621 2077148012
774626 115479209897
476316 183960911433
566334 264547144947
942000 254513790499
228529 10757558191
953206 456236251800
518104 64136214444
976798 699409491947
368050 83339463467
377149 125718369146
388696 102955349819
957943 163486222956
540096 243808616771
708298 242172012485
807362 206933902076
744828 266395932595
987789 696636944922
332992 32611777214
849719 604995015728
391096 18854681485
621211 314921088286
191471 32763987198
986550 323823813459
354401 10623326728
951929 768907226752
402884 134202772075
819720 652362568549
157058 18845491303
893791 300234617136
462294 1868584907
692099 382478141949
316384 95383931027
76315 4369096716
648221 414312708985
433934 103830081347
673510 52307760008
228471 40691003398
281613 17688051406
636531 314483236608
794619 400299024432
582646 212299939473
127763 6001384064
509851 30688485011
53807 774337953
690579 318343223051
368954 10026195743
51200 1657880314
54785 961636061
848296 140427402224
81136 4076963664
152821 2304165959
267618 42980496820
817320 434461995936
88711 3088898323
823450 317388942416
773700 192553770030
579083 185746526570
122241 13134575360
223966 9483690338
880440 492316137842
214556 35522100169
777413 514314725405
978666 682627142089
892925 566242515290
130328 11148722463
819773 475102001857
300352 12429952375
242090 32574747489
87584 7651300637
609163 152640023424
617734 359512948309
441933 25211593469
235088 54550116104
16066 195264198
688926 272130694544
865694 309331483500
709650 472692295698
803669 150056832311
41806 1159417277
90603 7546523213
922208 531506578779
264721 69997474993
627553 108437839039
426191 5931955814
207665 7774305763
23856 294911419
259560 46022205655
113072 4138788846
642988 232390310668
584155 259515864728
436117 149146417128
92867 3761787470
281836 55806619272
881627 392327035935
521812 262691904330
145286 9486638198
640944 380331840512
122832 7065309086
474320 170523789969
732536 280312750519
139498 3215093311
141626 10746632897
232179 29982508143
997200 295852402445
840717 493863029013
497013 17372531364
287643 74848428508
357494 82709152663
935513 34391688689
127063 2772207408
906930 379959006510
566617 212702785260
458841 4533854412
992728 697748608422
169107 4672231803
26797 16871531
149547 2941893411
944224 722116587093
903307 524105186646
66515 3939301419
99998 1933316808
425968 72876335148
307815 77902911977
557421 222070165298
260945 40468849173
440004 126224794987
866125 421725852761
589024 130304255472
810868 174664054505
421778 120313775425
295984 18015234335
936580 830042771410
968898 336571999876
419413 17524194106
313447 41864367108
320181 39820287658
431562 121729184650
957243 178006063580
584164 183822073114
696049 225296532097
576331 103148848839
361003 53118622408
703652 69027335281
663658 146338611254
884560 713001370871
489080 95518937726
495191 47608723716
453444 1482012416
372380 62253185156
129468 12900246405
641666 122223501894
556063 306491313867
796755 64268208426
713114 51748947331
350071 119934693936
886483 72240551878
693483 233332617361
711735 174350711144
342269 7912289327
537389 117284334082
266044 15369018357
724549 295212466451
233011 13340701243
203810 711868932
937454 150384188691
855850 682833990894
667475 378346608829
793260 223705113564
852234 107497003444
616582 88956117729
151502 12969398038
827595 302833942915
779200 268111261857
214912 797936196
635244 395865854242
742835 147696928947
484503 111347041136
780991 334733532792
849715 489404666065
618404 219338715715
108386 2980872328
724118 430122523665
13854 9138648
405145 161655674090
319523 4561078523
930936 57376160298
69399 4311619882
913202 795486783838
498553 114343648390
391937 143467758750
674280 150078080934
398393 154430456717
133755 10976255102
787669 119346991285
90232 4439363388
576006 274185731653
926159 12598402481
758031 418490505158
928500 801445257412
518261 29420935656
276297 47138939099
169671 15892453823
649376 354098588796
680124 273720917799
713801 77656102957
436062 173163749712
949658 256120072384
239366 3836909725
543426 244531049374
605748 180359190610
433222 103393217702
640516 114186383627
361254 10799760205
735795 211072786582
91011 1904126527
612036 258601587220
310747 87405931496
128527 14760753083
502366 158067593311
638139 161146584110
241464 46313901099
882827 526708518242
872987 552674905320
854657 92582927675
909643 687708599496
546357 218313549790
979692 796792098939
215956 8609765734
942173 618152687614
714928 269372803844
252618 6575581966
592501 280566979322
81168 50470274
782983 568008866289
221516 24852214967
714196 464899609663
699912 185096718852
868173 690779818524
664096 180512459531
253494 14569495637
458601 11179758139
827266 651943220616
112391 6661779072
151746 2695755907
497925 79602780550
869784 195483225117
741961 284813241239
297493 12008091297
340577 48556464280
728750 32941186466
641976 59100692090
853956 252000626017
178674 2532460732
22621 30847312
54783 2864646796
936055 111073419501
826325 199837240710
129512 12367700321
250331 6354192964
16578 214569626
218130 38538798472
171366 13926670618
47225 1148562795
120588 10632610923
509094 23582302958
648001 54343530415
301358 72470540324
824018 23962887835
37857 13726578
873032 351906824984
622536 52440985667
268922 20641256262
331558 40797651914
147166 9866736978
894831 147091787065
566462 67859221184
864840 647915947258
569570 130669922943
778244 255870455840
242973 42592399059
78840 5227301205
150767 22367325317
719067 123708251506
538403 8884738224
66840 1202502750
205751 12204913890
330532 68537321025
121019 3476757407
974738 810220945716
137904 13639268784
173062 17020574538
445196 72364579254
391605 111156318707
539737 154551629530
918403 748723224813
440809 67808859492
924984 417632011016
38331 450439784
912282 377785236765
9051 33303695
934502 759558171583
382676 127637691451
76006 482027294
524934 225838258885
167359 5478012642
37315 954888527
101324 119006439
13970 155228893
889143 502147309780
899827 657612103306
89386 570221493
474978 38805206618
271940 8047395934
216708 25897086418
56665 2281614817
648320 197924277714
897895 506700109268
700725 489658888227
654126 54448925216
514781 248634640077
112181 9593125350
408576 146774060808
882783 212341779816
843838 15475989670
568665 241448985420
739309 310978578125
248229 7691948555
526706 243079623319
981113 882527040812
837733 458297003548
531380 126568623497
527996 7133139160
347480 39247452796
336675 69691748066
706687 455636025426
681335 330301303211
516532 113489942928
397047 68880825571
865014 511733854909
66762 3274734358
353471 43761088978
103644 4680835018
409851 43326842785
839823 340462202238
457432 6794995686
967196 200042294355
754430 397516861693
495120 161672348408
381130 67919214881
482647 228667632928
111954 113894867
454578 141467809948
108291 844116949
270491 27986708619
610450 234204309428
181775 31830698003
470357 181242947090
867831 534219627889
437724 99696775905
657990 213687352936
141119 4816127758
323857 18245295250
907338 730474007434
793062 320318842282
819784 503018226493
106306 3494561830
826212 226909679815
613954 216102743568
671486 82483295756
537043 118247818299
396837 16373310544
547852 49263274073
142843 19752109439
614564 176374943831
751602 560986438220
764538 525748644701
74124 2438723158
945347 828320178529
744837 366027963830
290971 30987243903
79056 1705608748
15483 98629162
106042 5750184498
979704 967035279
222037 41549247357
360223 73250449611
552955 20758426676
723830 301203022538
24295 186933626
619006 85902682328
208136 28501545860
738427 7545091002
33823 263186862
340264 18010016930
312733 50346318275
350867 40051403203
113565 1176798932
520218 95914832860
472567 84049132453
500918 97641199281
410717 162941159274
807916 342102439513
253435 44802436940
332726 29804796238
195781 16727020911
621444 298837836447
745600 215109601890
596947 237569143813
855673 652300941176
649023 196658816218
446568 98269138462
472307 119002107036
