1000
230869 19115210319
844032 652328723781
700855 166080396831
96181 5272267440
289304 39818500316
179656 4713289373
668708 47496552346
306561 66137537177
37045 257630549
374791 63448872007
928593 495353050765
365187 109161225368
712222 434997313911
236629 53335476251
364503 124279277523
450388 114126832609
920039 281348416963
444728 151332774416
855354 553297529991
549098 61670267316
304179 6936139503
857828 302217377955
484327 146817461502
866859 57758078279
773268 125383123870
297897 53757704166
35389 679586936
166204 23118523871
448307 54856007934
771263 300071590869
629374 69779337318
710432 57283294227
470709 128935936521
911625 283341548852
156506 18115251589
41327 1048587064
222770 45042824606
255286 63152960832
252666 7692820870
622130 69765182460
612623 328829414312
911461 553167020663
124508 6746317716
241020 3642355250
131034 11427886015
803505 295250756290
562958 90519066373
539068 237583976826
160419 9758322746
802364 5833456987
948920 568226359492
648095 242623135920
29659 822815146
633651 74581597146
681828 240314007600
617412 36989770517
176955 92830685
593794 320376923226
208624 22729267799
16518 225939164
90085 4833042600
922696 92285103878
725529 336454392762
787644 618744773201
723993 289202060777
81758 1295836001
873250 225620954770
912895 766937026470
938937 320784941840
666333 73909758437
173790 5718966191
601911 132931196708
392750 31487345228
76937 4960892145
402322 19648576239
418603 81116240337
275075 23319405654
30608 783610326
74623 1970589866
247895 8523792673
880252 277098682483
656309 112671917680
672395 70449654754
107034 5983872254
886022 429942922373
515305 93805349690
487324 150500411838
799113 619595190915
843700 591570220828
284066 18838607053
815745 111070966402
932102 90476652495
976996 924902170403
428327 113777628360
120435 5228550689
306844 12671245674
891810 84244084733
275985 38218095683
872582 583828611221
32166 1024699097
145731 11606099310
280264 37161619031
20801 240608561
951751 660193204437
502863 6615528172
985471 441619683136
431694 46922455405
175318 8168586601
571849 223178634638
411263 761046822
195135 13659035148
640864 71614943441
887185 85686505792
50720 955554817
907493 635409611073
226331 34921152619
214683 15126360168
279698 60935366439
179991 6361844612
23592 516788245
993235 657163876831
599518 190697010212
968517 50468101678
170207 9748114994
483604 129636260889
662544 211461944866
589276 122262118065
115047 8059372647
162130 19189034212
515325 161779809577
56798 735101048
451900 58215552982
182311 17865887405
203105 37809305920
883825 369432811322
614753 215184860653
179235 31673324865
566602 301466542482
897042 174734351369
171703 23382483763
254471 32442806016
396285 107602812300
863048 549352100290
480108 171658240123
714831 501509723334
292979 81530811836
813662 58789100149
339171 73293288896
635781 334495711125
728908 396393853791
507383 138112878076
41183 698204442
233925 15277642033
369372 16648272671
424359 11681254250
726214 493269433247
861614 324884343114
225836 49121770382
193071 6608763714
253432 58065591261
506077 128485553086
453007 182273222740
811130 602667270642
242707 15758016537
726780 130028316105
904591 373627991493
498755 31810761529
818281 154643150585
484493 934701313
888014 75735948928
226318 19913837437
693198 405650532150
767899 4586077759
159251 24838032408
196876 34507841361
944429 818668675197
46105 1326830389
936899 224281321511
27900 712453262
574070 63269110474
228616 13512980412
736720 121858998929
160907 7610793616
165545 20482505844
519635 175677148495
738236 461623908623
946186 85439584391
916434 541778755098
565486 144872120714
650946 349107703880
492285 139498441330
842272 482004747615
680076 58812273730
488915 159433713056
451906 145127188185
964744 740140254487
555250 211579441380
51452 2609140503
572261 270862102739
484137 13349549715
994963 809545072683
214547 28440675135
120126 11463448476
297852 63880049991
249448 41258809618
887794 556536643328
782267 530661097905
518128 91647695087
427538 138531914597
224637 35467684293
351405 14300985682
667827 336390076958
87133 5568810358
248061 8701174317
773832 530605745006
123787 6822889650
358372 89556081079
936636 34020063623
237151 2402945845
42243 1495786772
38056 423712587
707920 443575429530
759812 416062007000
15695 143900483
396929 16772108812
815196 593438094225
863476 389210759981
242949 19154359102
40290 19717634
568910 7995313663
718947 9402673517
310867 5184199090
538160 92242932707
758903 312762834403
503208 20369774865
800812 13706180595
284412 80164677051
107354 6751006613
298000 15694728776
529620 272551508913
811503 552949609647
620876 42039065491
925108 692008723526
506252 212975105307
934049 245888106765
698687 85920644127
609691 115557964242
634444 105046050010
730992 510575376824
863429 644710802906
605029 43806249534
262247 26284086592
248487 43873892398
263312 59865987386
341192 98819520426
130677 10831502995
577410 228393279258
748743 475323958523
824377 229839672572
253893 49985901408
693632 226399178986
713650 159780961937
787257 220758407302
136001 1049807398
975504 258460915632
160454 9643898082
572697 292206148713
131637 13925759501
613018 270711081485
936510 156022231534
885722 870172648
935518 424743986326
502641 110655383994
550608 47226136608
904239 519220975670
891901 573349528875
641972 50083183395
162172 4769628961
259433 36114075561
688020 429478911083
80277 5863165834
696727 467891045864
612022 199676256130
486580 76514112119
631616 213961879668
74943 2582052395
612115 79512292173
567884 308738161469
516884 82896919685
981193 47049190454
228120 30174663385
229198 45250398624
348584 93281457914
340480 85859569541
917126 664390718985
295844 29375771931
48045 1939008615
231651 45022587318
932198 208236204428
71074 3666521125
566441 181315163550
490721 165954084764
683444 120963304719
221309 16866720872
835897 60299806311
653264 5055004722
321407 81878241513
255668 57655710885
201525 33178830019
163390 16013826742
212553 16237110605
819426 635193501996
195085 797605087
364220 11699774097
86908 3768452396
705423 262350383493
782090 489443432725
907773 91853758705
787793 137927743786
811753 561409714021
429352 173106322786
38486 179826548
657435 309810210958
702989 360499304232
157952 9290153238
973669 427575905138
832565 248204467713
568444 211074913923
857068 149149801271
41755 292051332
278499 48104250801
259598 38621001082
343087 43730479465
910633 58662283730
251186 59341592813
987642 108118496332
359450 33449939602
985427 542728731149
617966 191796352726
148920 713812812
254960 58226779678
323080 22704530716
508936 103905404151
916807 519141900476
212743 8333178768
712431 4723700898
510443 189468785750
559049 302217679895
309350 75474820976
151590 22929219437
512370 53610427733
295479 21939486445
862419 603091826992
593083 31287032112
67316 3316061551
993097 178838997549
446278 43907981342
248602 1351356084
256884 1195762751
771051 351007868016
76703 4751866603
715443 195979408514
286240 37119852842
773130 77404806671
110479 5676473546
571868 188775766867
844742 2008226333
400690 1636943231
376848 109674331119
425407 2312565225
160908 11449237698
620287 343865459037
322348 10322327500
706149 213877248815
922847 718221035500
343670 109782902820
28087 656582862
83659 6765358645
530145 153631225920
389494 48047280111
77092 4889736639
903868 756429254887
422683 155288066451
494498 191610716192
835829 366660107069
247676 61214469073
679394 432372011434
671548 376259259935
772248 437043255749
761701 156058595755
387564 38776484499
541325 184930752212
306936 35270745267
279091 19800960080
336397 97524237316
466325 187697330316
32705 532354316
51834 1047954567
71660 138204063
29361 529136722
623299 304866597540
316299 23794586409
267108 61172403281
265324 68330103087
12930 99932150
333964 26401006817
321767 30214588113
373290 103307265708
473939 80776699995
954644 126834752714
507636 62801781166
303534 62584449904
246621 22470268933
929529 319434962782
848945 68350398951
775204 23555021212
176786 10733549280
45111 1015841521
915444 142531722700
427942 154594372778
498850 64134165337
623734 334871613575
54395 1009092878
784147 516311071591
222225 33156103928
589921 264310930205
865076 383541840880
958823 206425929950
186744 14028116911
493304 125547252592
327025 52210697715
647730 58622627400
804375 602361157300
763023 468808955340
420003 105778294471
310883 86014306792
185661 21522404003
764251 330038658816
242226 21571263634
388599 20473803350
779568 80195089556
523636 117796621575
862292 474414689161
709082 391884323283
531779 84082732945
353927 73029350866
879583 302225135239
794194 501955706587
68538 1210412914
615662 187334429432
292583 78466703256
821051 192790778849
130434 13947371670
657840 295625279227
603928 342593594206
800967 125754176120
345205 108113425838
284019 9466463497
731392 82629705623
981503 285129514263
422209 172878876806
29748 424807098
547928 207879860799
511744 42953830902
966062 222279601039
89069 3960277414
489670 57086661886
961332 850491806342
946183 395311785937
959670 829865926432
174549 1177562395
333939 87332666379
570839 145037704291
198367 21517875706
910589 368814495451
25373 193351748
177682 30827117539
203816 36499193261
982308 761939060924
108774 10680696448
875556 70733037892
413017 143569735603
503344 64856530847
657593 268499894609
295326 68186763693
76841 3082237339
77403 5776985097
247221 5833934112
838123 473823445917
496790 115035298386
742431 446799153069
763999 420392595801
131888 9794647355
845192 257709720522
650483 114085938366
252052 49586817428
116961 8186124627
781794 468980529425
742775 368515074969
429812 50517338014
593576 251170764949
695975 381446645185
199196 7818036959
181681 3419369353
614762 174536582886
614449 51518518758
600467 331123858219
969249 468305909070
353776 22652222546
688910 21559873599
859087 13239141723
502200 159634089609
304867 90392582565
558299 286721307501
125830 4288092915
379722 111069231538
969282 433495234277
59986 688798881
764778 32685744471
617608 39004363401
811633 304571909185
344954 41083123111
405195 105633376671
182746 21821142485
103058 1507303876
850624 447879092227
599706 99263674977
641345 67320566433
40545 433231799
185426 32651543437
934123 748833521161
579847 20983473777
530225 54812284873
963408 501511552773
761890 469903449811
679695 336378782602
714917 494312390123
943202 13794551759
419932 34953426943
281702 26075592732
665728 202381561756
409905 11433591979
914986 784122680879
477877 133234574723
26670 258464960
342998 74559925296
367929 30231640240
144655 13111735773
945209 240924872532
101301 2829751198
452597 48848031291
29873 185387321
77602 5569385687
756945 96322451847
128529 7423446737
405802 145774109938
869940 112897302009
361341 82130606415
632449 13260669683
108211 9713202903
791142 350773225752
352107 55422126075
153463 3413268367
30089 511093556
716074 329302615281
562361 48120664737
466036 40730569024
268716 42211839462
881340 313773503930
856231 137273347882
622087 158828960767
137966 8294922215
693112 239654206548
3507 6546441
542929 270948894271
427385 147664386718
24579 522209276
937807 621722785109
170861 2540988857
603342 272647807634
813911 314729895750
952746 6861342517
346092 95334873692
941315 794801746701
1946 2658644
442831 180727032762
951503 600348273578
629053 38564506659
480103 164016908169
503483 4633844096
958624 794326690647
516778 150655020588
687225 442115331309
257593 30229570977
169712 325872875
357445 66226640023
296781 49321400364
227908 42243895430
630454 116942409547
721354 23407567155
185472 16390729518
544808 116718550181
206575 10895627233
185408 13802339663
259593 51979898597
40946 877977523
601046 235305348806
926162 243493492326
824452 553922781066
815422 297409989795
83288 1826793344
39978 1218428286
93371 4355797364
272021 17725237634
277490 48809228754
715769 421298932129
953691 804077233263
136559 1026925464
463943 32597995647
878139 436529740275
348767 71767366960
189280 30834843005
201981 40540252235
522508 137071334885
140971 5496768908
729028 349833096187
754565 354117765054
485558 235475226780
719024 451475143864
36508 22296494
438563 14512494937
865056 636895864313
225848 7767624291
267064 71174945098
301229 65617577146
597653 54987502384
883386 628440005907
168088 369545991
236412 51499942687
348222 14787872422
661745 255624818769
711005 422410927777
968091 645869010578
862228 106110232130
80927 6415083021
439801 109043516963
691722 118912874214
818368 256659607274
547808 189189649163
554417 142403171655
125135 7270309913
662801 215033417831
577695 261763182133
391092 61478179673
767961 89235031617
327839 32764991397
546287 275060480372
599518 119989403501
957875 341940854071
163800 13424270588
846666 219125272101
129399 254546368
61017 763560907
154608 3584653057
503420 110266343704
145114 17913152345
125977 15738391200
650626 177307923052
828274 125743842346
324286 29175112062
209203 39650669580
152905 271685182
962245 365548892726
412194 167773466506
910333 463461933997
949947 556667527935
964430 10557592187
136639 15227812
23790 461143705
72144 4901009535
379582 41904891
952025 326458565967
390755 70882677545
148601 3318277768
962276 144158205663
885337 319005711261
687860 247636099859
568263 258700528832
121267 1844353424
408252 156726444603
442975 151224646262
119451 4162112158
406796 15638615996
708976 280346476310
67866 1690628425
504291 235517480085
420746 68602807642
845531 585217181502
625500 105432303423
409260 95551961903
374723 53056214645
153193 12297543156
866078 268668238040
671062 114736236637
284540 19979520005
800857 446986694339
778832 90848974894
687984 258985382959
121287 4231532341
640500 128747522109
298063 4195590122
32939 730656871
355366 45732587557
70074 4244039757
660066 177370843121
59570 2592247710
986522 153544175658
780345 416940848294
304871 57684123080
390920 94680468812
598639 285671450727
667032 338915100275
192363 21660517213
925294 360015287209
47072 1879555278
716821 381835218359
147550 836451021
527224 251308361300
702209 166173017935
636369 192797825120
596248 219379569881
448851 50077999063
599219 337762062371
423124 31478226836
492577 148709808977
326686 87150652457
367682 22375713025
4361 3872859
140894 14266474651
999406 697196277274
208943 43165651259
416502 161828453442
114032 12317365885
612261 126549112045
165356 11182803271
857630 243387121172
163696 6882779444
325233 16781599472
965063 740584340008
409323 32914365263
814808 632712174302
570875 192916467576
75765 211981448
882297 359149706077
516065 115141640807
503761 124308120674
447427 117442795917
865372 719108050685
225851 37977650674
281115 23807965666
474534 61750648428
899004 564697242995
296848 42394383399
753335 396646244840
140415 7330728245
520793 54633830588
468811 124585931810
26274 421710798
343555 76863782655
346996 60675716486
605288 142131786100
391840 77373622846
410378 40344548265
186759 6980725653
663860 95766363334
80038 5624941287
933885 496745675145
702203 426041201015
591228 223827994181
266734 37994125377
144198 9810227267
759402 141205267155
984372 209202055259
46383 519983712
755344 237665122018
409355 34398585392
250747 34288766947
993759 328841004065
356140 96956175058
718844 185385464760
952748 775068399896
709810 238070269414
651852 343311065985
591491 64960849143
57868 1973373689
35781 1230942504
705864 99271268092
835020 85766492582
588180 250063138906
484351 197978796446
541040 131758441033
905439 52305821184
510800 51146799596
390386 114434752890
224187 42931078456
229809 35599536980
899759 660662634099
242377 32749240751
764889 220262468984
724161 261441894260
687266 284543239711
657900 138908618610
498189 205345800511
382926 1677298823
703124 441207577353
916290 53813274341
723743 73545059142
879102 623243874368
940346 474895749248
753471 47934631994
774843 300254244583
178064 17775235055
216277 23827427615
741396 531263657228
962635 528157008504
819166 454671823118
591928 43847605996
470773 30490165636
946649 504082887547
560493 145663682346
730016 52325995992
249816 12472502145
145743 10745675526
667388 374681013834
892110 128850652506
903492 11200877500
529188 92033690569
217246 27418747628
694684 320128982994
784252 410484740680
449447 32336287256
599202 165542624207
69840 1676608827
51208 1545053034
401884 106003092436
551897 159331026951
381508 56855291828
360699 52096033805
158630 23226692372
574275 95133396458
132850 3537141211
910876 594175188752
576048 162307238800
187101 6217151936
204110 20248633724
410877 62818372007
273200 2442815577
536025 82341641730
104868 4874576918
624080 308467747117
802100 56053909172
987165 376101267713
686795 280065569735
381593 128287569611
880173 234762681405
677991 130043780756
646450 158435393138
254304 59285370715
308502 50650791962
493450 222032655692
262208 49866768526
334447 100148501146
323121 31630249906
744327 504969697018
711317 394644986230
244813 5329339591
6903 33617490
952310 812993424824
405918 140167002806
916651 343157066558
310184 8390202419
667344 199491868000
814694 359281980238
509966 12938347753
73039 3998562227
854698 141897847588
602964 90864537358
747124 276725220793
956934 867705536295
19599 110387872
493618 102391628810
227873 45226731627
28224 236929982
26756 376343517
9764 60890495
943904 258527445044
41404 1587262453
536979 220568841043
578043 95720273405
575579 168901550285
302110 2476203188
491717 142248105355
303858 3788675448
598066 231209515914
934312 750778775921
351305 43870439532
142997 2305107806
628747 64011282418
57433 83499842
324493 68156493928
797052 416071347114
314315 17145916890
357728 11483219645
220546 23109789741
251459 44257599361
756618 377191742094
419506 79813379314
7712 41793368
309630 57527509706
555446 18893022704
200473 12229645184
476266 1624066910
183556 11656383579
753566 288930642370
761567 495558099085
593150 70598305518
635805 270794443853
229721 3834474265
99992 9120620667
28774 697724370
390095 34396634396
307606 51979778852
236557 8822959612
783410 505943667676
48378 1672479433
176480 29251600189
232630 13199197570
767146 91073334732
931499 521980943939
167519 26599830323
179881 757331168
146132 18073956495
147773 4232039359
265545 37884293504
725409 460621112293
130255 2494433554
747096 453550003911
802344 462520263741
503586 5917886158
941926 853423701623
737412 198979834853
954030 363986562796
765272 343844100329
163054 2096811407
257537 19231139566
784317 519524635181
21506 216217488
49229 764036833
72151 1582239059
333924 54220878522
361555 97443950064
64425 1981465210
289103 54302898250
102416 6108971226
62533 1840884161
489465 232954631965
800910 370034186778
127857 14058379455
883180 308678618736
688945 250528355984
844629 671489448307
60888 1265950272
255147 56664647359
915773 703110735866
730326 263629003117
352928 41754163570
655471 121395926046
622513 342189510340
925555 660076238134
584069 162173023067
637121 91243589913
570849 144081123047
889331 306090155764
382485 54357518043
812639 245483039875
483545 6986516276
567463 231401288467
983272 231291923189
972518 672071495902
924807 729007389910
521408 30678397232
319117 33320435255
88980 7365251540
807984 123321212800
992069 325572214252
624205 359639492209
502992 236216464641
385710 38946354071
108044 9116923561
494691 14449780978
