1000
616065 298782546184
884227 674124681032
223061 25855633208
229914 6228567473
109248 10375943831
435885 69975597410
182806 30445405074
978401 854096386456
966648 425814347788
787749 290246399211
853776 679053647468
556801 99761020582
950992 366146569810
558079 225817501974
570400 52835524855
189691 28297736641
615920 33598868630
480919 67393658810
484116 157621643425
159291 5698929366
484916 143656097844
481645 8302178722
26789 578674722
399281 154498272848
921413 4581236483
628241 70441312278
269861 55616841515
6317 33549075
965960 585884328578
304542 13269924967
567960 113823373945
307343 66880846283
142883 5840407090
500463 174630232004
391102 64976477718
796871 249408778167
825965 540917177907
231022 45374392419
485322 4067415405
808768 145601378905
134371 15854417535
657533 238620420720
549342 106431849605
48392 2120455851
272870 43593465311
355589 116029219337
62704 990949693
690829 356712908314
274357 24718616488
55771 16918482
254080 36970616007
101773 81586790
272290 10492461189
732233 221591366452
259621 8619536556
315250 28469117595
265145 55665652834
546270 14348807510
485264 34305765009
149015 6665713371
663897 411544950052
792079 532462015017
912044 219597411693
135529 14465459095
406296 28300306383
744891 422825399377
709773 55086047649
108446 9670771109
835610 124127137196
186294 21709639956
680617 410285823455
866000 235265097674
52673 1325015287
963638 422264678483
551803 84331090584
707582 434134009943
429291 58552351051
788277 543697201050
425328 1134112807
684147 431873135329
701894 112542500119
228727 51882830353
229245 2325577960
573594 72346117657
711190 202716757485
334896 330349009
760802 38145317799
463964 134835472379
975015 21728498504
133475 10705161393
100591 1337180491
894649 631217317552
783222 169622458569
930492 478425874518
142742 2342925646
106507 488346168
473756 77624581888
771761 8193973227
196197 13460408898
172512 1347744041
617039 259188538220
331619 99505396590
407454 68474125054
86063 3495768319
587603 62164698815
455538 175944662566
929945 442525966122
292446 66919373461
531548 208566953379
82652 3323541876
883114 653534501498
593532 340466506945
515006 261398793233
264677 24810502035
235698 10207101809
296054 34767282359
109182 5799514705
344709 89322190299
251494 60664375478
448881 36967558266
159047 3894673053
887159 122892251409
855818 82019560007
159929 4390854018
467599 169357271456
760878 11620936438
950758 580374800215
350666 104841433869
323959 52842934002
111576 4134988283
324890 88915062880
206871 16133560827
528438 156540280489
271868 67592175971
321614 71584919023
849914 25930012903
816812 66131302949
29245 164536047
636030 28007067417
518540 182347934210
812914 513789235075
519177 32128558153
277232 35321215266
284046 72754012135
454787 126867439888
999680 66743185478
36748 1274882553
84690 6714944600
180619 23238152481
103373 10651247629
312097 30806562762
612749 77112876085
411830 154205144293
935017 349915420955
269822 31281025130
589461 213434015377
391459 32384519591
914688 649831680692
789656 595440183130
897380 786611158365
673222 147722215498
688310 267859389669
979810 477051649947
895189 304662037893
926835 339067093261
411338 61969394756
106583 11212929319
133121 2739033235
814767 184786268758
944633 489615114884
972863 465736132544
907733 69321676531
144168 13994400443
593678 204094718257
899221 83598088179
361818 48653491479
262363 38301030528
354977 19885470108
37944 948355275
333146 49423293096
178483 27837114346
410549 81195091596
361013 17806644100
759712 567597861635
793123 445427285183
287760 43968498543
832128 35262626464
842095 214733075849
36833 978261983
812334 580742587384
865931 81946025583
990236 367706386356
277271 47663252848
58917 2038995803
768413 132333793363
982884 952697073991
167061 1732685188
257461 51483603842
126478 6589220146
147072 19653106377
317361 40036901153
398494 53629255367
885409 591371563662
129672 10474501907
959931 449703230598
309340 90519343009
278593 31272963282
890841 790381022325
724274 1231462519
198667 1573382190
780364 308389490848
380624 59568976174
774107 117136697503
179160 10129207258
41291 398069803
41252 464185646
889015 85244714932
894918 263794631130
926975 456472712233
309917 90082956066
569077 5770169015
989649 301771239135
361152 27702729314
677658 137688977421
536991 113207021939
987148 139049454419
890002 341487422933
575448 227739558520
872676 705262972948
504009 109037647883
255459 11226618070
972451 384677662995
449440 151430232976
104653 10489554323
129414 15444838674
715686 365337174592
801570 236283803093
954853 749256309340
604853 140227962077
38892 786722255
928505 720570441904
926513 44515096227
653719 110485501353
968544 98862720771
874950 216068019800
345055 19427654543
512344 165442797759
991074 8505022114
35645 801952866
148421 3546225730
823922 438688224495
57000 1411707690
697413 18923435427
169516 4477017351
863449 737856350249
258625 51673739918
172352 5462973127
906263 341255695655
661199 206391672746
511957 110692791952
12224 112639058
367568 97095563829
700608 79316515116
667200 193746429035
287149 37803710695
110630 3179475960
631868 260889567897
897222 759661379142
300067 10156750469
170421 13303325831
335226 3839536585
572724 117986171748
782938 271906291707
548382 29083808790
479018 134172983737
807676 568298336280
369929 130225203564
283144 34324116160
963384 356588821434
221843 5335041731
301016 37357330956
376991 24086297451
52310 1722407282
144972 13746208998
327892 3442775777
266507 60076798003
212296 16338208307
776869 496328419635
306692 2140920951
349652 4109518875
153965 16401482466
162254 19852107364
179190 15702505793
330882 58327450168
138774 18354266599
185920 28355040290
669919 54360866002
995701 243596549559
352364 81020105222
683813 31479586750
560133 151448330381
450543 158461291673
583162 159677569072
685905 204209132773
579428 67518308266
136267 18176546005
590659 108929989246
498967 161666811758
602313 266945470016
529625 215008635275
725467 291753938371
915761 40333829795
603351 166969410050
542366 139903872271
508255 62926056429
111241 157752206
694201 22030021493
511254 225998543806
166449 13631643851
231426 9769441652
445223 145095647173
438045 35986419884
620151 117561605932
281685 28595167420
437935 96067363944
895983 494146494948
226220 14820555205
172135 22747110913
745885 146597552655
178402 21916660422
551066 170723111464
654426 130791081178
735235 200990489739
393817 33728345721
869873 618221312949
652240 335529213884
569920 241068490709
571047 197395752378
851424 510869796323
784190 387135504702
669092 10978438357
32074 50124888
484487 146843099385
794598 382054791192
827744 391400660931
346776 106176321448
429680 46624953546
61538 3206556997
624012 191308127109
298248 13114036893
395801 7090851108
498495 49288794012
756815 45357081262
245070 47377039827
488486 206500321901
898899 559965499070
12298 80259345
347667 70756091831
644223 82390886485
197252 8087689095
683944 224071870397
88241 4854783753
101900 2265941644
344583 31517815398
34704 1063071547
278171 75650233839
765807 535053301665
895718 626748489384
576342 133173015174
226853 34613029634
248156 11143149735
239352 11324323145
387042 111670551196
385616 58670387579
940404 268335297683
439422 50377299982
328352 29337241753
704510 117286939137
323859 75246234103
881959 132441633829
260047 44244503321
558368 275294806101
348182 25668744272
853235 53083733243
237034 50869190352
735574 24766617200
499313 174233800032
460005 186604102168
16347 46673704
449472 113228112883
346144 40964299730
412826 12996163538
287521 47592245733
410511 113395504830
826343 413964952050
270023 38328697690
64210 3631835205
128002 14565116209
765652 553554228498
76127 1184476223
313304 97619298224
573302 325930765275
358574 7999882194
40761 268285708
673274 406718333367
576644 139035747036
290666 26266672916
781902 182798864002
554577 15710969361
567716 241871231801
655782 194148945538
827357 266460670486
398210 120555638732
723461 260389030735
204190 38433300592
36355 469367576
187521 15646913814
409847 120153578200
448223 120949780794
702004 444709295882
767514 291871247072
340143 99538680287
318316 23916043765
681097 294754539349
382463 23771991439
885447 200522105113
843429 110958570761
27343 298175886
210823 5581319119
137423 15300324971
197587 987670595
291456 66921878250
377922 113583788115
538515 45329355432
375645 117123669279
12080 98604482
591556 174380903013
696602 193400291586
291947 71733404798
841475 362756377518
230466 3925364151
157175 6061326352
194012 1392025458
663495 336948011708
967506 563254040422
724652 26703181724
812519 380119911349
810305 546633465042
948886 465437546114
960928 338594671902
563124 202173134166
279624 47489607786
475947 100308274075
559731 218455798241
822011 347207606582
160685 18226324633
564377 162349687700
653078 236167407958
637486 69918715808
607780 221322620220
345262 75617459405
507188 149365796797
425050 75146393085
7738 57911545
908399 366871573994
385975 128355769618
124341 436657954
595480 108565055164
476060 179050509530
245039 21972511498
543449 19945426237
691290 67298108145
55691 2868592821
531154 142901348329
722732 449416051999
190942 30496923949
997851 404351632457
906988 197091080456
664964 304863015548
66956 1531138778
425240 17816729956
790585 332641071747
846302 251379111139
266564 49111132214
133881 6300762783
343418 62163445253
251432 40134442745
264332 6300624689
518458 107319917367
870134 89945570422
81613 4722460239
924704 42924846878
145846 5050419109
603062 119101445833
655538 417338368097
483363 231569828176
854789 109688265272
461415 31556637329
535926 61897044902
610813 317811137755
42260 1087344323
880187 240600248124
696494 472371880076
986841 847429686385
966525 487076707996
615746 115216481892
313864 63536528273
199636 30832640060
247291 41217762458
302060 1298423109
595451 327092550269
531352 175078767691
997369 672189605653
444787 90111692165
898507 651861650757
20183 406973863
593146 174961381526
387397 39417496442
299780 27936433140
542679 192128100093
384211 136470829355
726289 68334532983
299119 86642874506
119821 2255731540
419747 146906966079
638586 237252028541
381518 49700707956
912737 582751836650
836524 646847468419
933340 417863454677
699823 243793958814
347353 90012560378
107731 9199860371
669643 157135621797
476053 174284103041
128373 2747133827
856932 567883241462
763558 32078633579
9245 51629407
52857 1867024734
827896 323859706945
154282 19976941395
866462 22015138597
948007 465456797156
888380 490029856166
496155 227337307023
882495 350699678151
32465 849864170
869506 376433976776
533064 145737861763
587504 15463337526
145195 10144721851
524855 61054319311
417683 25765174939
848975 674955379041
980498 100564333859
692069 297924447941
578494 314042138136
393837 48621822098
876160 438338905971
833910 522255357923
20179 323139337
564615 137971602462
237615 42144606650
146383 8984644039
960375 381478770382
421116 70283037599
469167 198711857991
227341 33209117280
696986 19826254241
501601 191013094851
838307 558059187836
495333 183249695305
603262 295378265118
415752 163523044065
988495 340337753685
45633 1312375797
234633 24624563677
946605 689473318211
786218 586407872748
639833 374644994976
652497 240722922075
735595 152708426401
227538 18514321595
184640 21252843766
73940 49375379
691234 472668502163
610139 147772629253
488059 28910521533
666122 362884786325
59481 1640551287
498161 195496192783
345703 1544269038
501165 5221620015
482010 100392740651
283854 44546945689
385159 13455433377
755130 411433538856
187733 29212577544
867299 686053961246
536760 164144365549
921334 184893293295
40830 1417804383
100028 3523176426
404433 138895475299
391364 69927043670
542930 265469800206
745538 439819330143
581255 86203052758
521731 44087921130
634892 339343353633
779987 308528274991
649467 397148791452
708985 382550360426
874846 515289563217
66036 2477469537
730762 446238184795
557618 297947233037
943267 519290609673
74109 1446515664
950592 416671752833
326391 2605388567
707526 98490896135
812568 408862873148
251540 22818424793
60686 166985420
550940 247133684235
682647 306529106170
672220 426185425817
185794 26941051537
466054 110171520550
766022 68521651729
821412 667272978373
310752 87986012122
937077 808074023307
703532 298156180669
187175 19951795386
168329 17162052433
375001 23833569718
466825 158062736713
48018 95240287
769268 324540410353
246006 32826948531
691691 105918466354
719593 48518558508
175740 29159002403
253788 50141868586
521028 57435225379
341327 51583539697
456280 57004668203
154390 9176625604
270368 40474154598
337814 37957358966
518811 35036322380
882491 625240911406
257077 30386072031
665143 295419653279
743230 422098139025
431274 70992212288
891129 219522340155
180877 29700882305
686204 134463630660
36081 831662649
983047 715140214949
38537 234952823
365712 17945163175
508421 140021160243
723976 464571537791
526685 72579432042
343511 4799953449
355115 79194485962
60328 2144195485
428763 137173325108
449403 197485303372
948597 336166414532
137149 5845744174
186996 661413011
352895 6507450087
354122 76922067461
90257 6290978592
83182 6473414872
897171 804248112291
506703 246761487760
751282 299718385143
528932 152126797069
652518 368828379763
124981 14800428505
660437 271885338927
844199 473309544983
495562 190359610142
353545 79356721039
281259 67663387523
471582 38771032839
157852 23557382912
95377 1222683308
86304 1934590938
957849 668261518496
920012 190816768024
676323 41256971261
952144 283448208219
665175 388337175
630349 196193874111
286196 76579361523
511910 108667573058
329621 50404688097
141431 18251727546
249316 3285181095
791600 8600357950
139371 6316323856
993823 831923683775
100209 5425687324
212245 6131910606
512253 249275676810
368262 103596098226
746904 273366833480
411118 47753592575
40616 871979177
182919 8836031886
220358 42690241263
964302 84164414721
3005 7639966
467293 132644036350
282991 63708604567
262992 47746410150
113559 7076893844
877528 583485868866
103876 5243350777
711708 282950833384
273576 56786195829
21129 116033397
525132 102693510315
541645 149905234073
813236 79831089339
681772 341772640225
164638 1869031453
595310 326459705630
770263 505665668523
838949 566129345156
891186 220749114175
614428 179827452592
720684 373623348835
815579 401752955502
589486 292491379530
243090 44798936265
457287 180574072167
115593 9564156696
850685 381400574727
44653 619417149
177647 22606109530
537551 155582680928
522859 199596533899
989478 735749333927
424674 64512880377
282750 21449511492
513989 98547734299
548474 233230901796
423490 135739426728
27740 281629823
75776 1231980119
855510 67450597472
532177 237112386430
37393 274571860
625775 59479167738
128284 11068449798
526078 231146456828
693053 353509277373
208643 34444013277
175920 26265607856
574056 298623027266
861870 514229183615
191827 20910025401
490886 164637412825
164211 10715527647
153456 9508632970
438367 31247681473
497513 15653921644
391172 124708303621
262956 19151878197
364333 95414101130
943668 60069632590
587663 16084975905
326464 101047045182
237620 53339752643
193195 14560228919
495424 238830682941
651841 175249896265
771573 90149641759
223899 41202539608
341254 62478029161
695755 56199200327
801014 261959459701
814451 29968025999
321065 102045594781
14880 941756
559525 221355011877
381831 31403114983
434197 46535842935
982883 77415825558
668175 409065428019
536044 281085168546
310608 24942963624
630916 287892820694
656235 112733500166
20207 33008511
106576 6428844214
124179 9613302812
927632 330836186912
856417 80983342491
711073 417215247451
26808 352899397
378733 89721985464
369059 98902839214
957839 401102398553
77105 1581543977
125374 8954109665
387969 54612907047
794153 526677413158
161741 16287473571
809504 336385804217
410835 135251106606
639603 328462557881
541692 164267200206
372257 26275076071
512777 136874813824
706560 7881985570
60318 1609193454
78455 5674898118
445016 7718346282
611446 280854636415
469283 118302173541
118492 13317208871
39113 457389517
867802 135318153264
268603 26538823128
458715 32121281557
759174 559149103192
471356 32122885993
115223 2021356841
453180 58361571071
170931 10282955788
364759 14452118346
796194 215333272191
768289 173413648622
686159 19907171176
551388 283400871772
895693 44357963673
922007 305734275298
853705 305152541039
583895 25511208014
49114 666879307
168832 7113242775
673427 198224304099
376574 145316538
651740 3484899355
797720 764338789
528400 33722918904
725969 92400855721
595643 8191680661
215712 10601667550
614462 65193431587
136623 14346316106
975272 903865040169
266046 55113766304
347525 90565727939
503067 31445675558
71882 302960192
897676 76835576848
459288 131296673408
180092 29928508541
358145 20553326017
844416 302106480811
471391 121165254490
172546 8992124359
246085 1208714094
761707 578099845325
227721 5780976964
166528 6205163491
968136 40667442545
145490 5441015057
468847 2019169816
736307 352369925976
803612 443585768091
442215 46837661286
541040 218305596241
738251 58700468458
898022 569970743204
151555 4213504135
105924 6501168849
328863 51457372664
177322 14677945275
956690 343982102669
87170 1950945636
965986 135169695573
575371 200832945647
996562 542231431645
649156 330448665825
131096 2587894449
364170 35639414902
553359 237339261346
729464 528258879397
331899 67159960241
656347 207688762073
191816 30443734737
580524 226043349355
833143 398657631562
524121 57788345346
128859 11952428810
548155 110131704202
268621 43039852278
532073 147284856347
900311 690893789304
192766 34564507968
807331 472650678510
346478 85125309961
42455 1218051733
985321 480529876605
635541 401265898894
775197 24137012397
661691 19079030734
220513 11338970286
413407 145438567760
702710 392903500393
140355 8274554999
263474 66527118149
662543 58942855327
122508 2780956185
520808 172588843485
990858 573695389410
581544 5363342718
514592 101059599782
285202 33105154850
687913 415837459107
240709 14703817152
775168 294192429585
329588 4452557584
877798 588629301463
713128 300788833565
399348 47913785776
30186 271168357
830272 636375447865
711312 62783878101
163071 17942267769
166334 17563676280
255324 15450612821
486365 178865265028
346515 87197123368
147796 20651777862
669295 371185395093
235007 23251043762
806628 107724448234
145777 20695599662
754651 207404064629
120983 12428136439
319496 28986692866
351330 80226038774
273050 18115183559
193099 7555179230
896777 643630556459
70459 3111032511
480088 94888394647
528816 252134517264
464129 6864279327
11420 78511716
635602 13665862755
107794 3759552878
178853 11798589407
215021 3219275083
196432 33125926736
346763 97762390746
742263 134017424317
751886 227149870757
144025 15539824949
894015 193838046185
374994 16675187962
323169 27642257293
564694 302826669239
793558 381296610266
699710 113096935655
299931 64531438406
229757 3994742349
875163 326401889189
159018 8742631744
954928 508863686871
539089 11883445454
995546 840092006531
738306 420201205276
894245 403223077825
954421 446329506188
845025 648460006594
576545 324221384083
223207 49246237989
672888 412698578700
677718 263358341529
141238 10449011637
100318 5467289143
77126 16416982
940499 587718955724
656242 201183130156
328777 18657774090
673835 57043243317
