1000
243304 12595164726
868670 414676711545
561621 313863361247
855383 275017014783
657004 216809813855
901617 423921061318
567977 34540902790
506516 218667631049
366470 2399100281
844774 637393737074
533071 74939328844
953373 456026867332
953851 208825364348
286822 7309378516
925928 156875443232
325433 15493274188
282760 24883225562
133665 805716995
215614 35631214989
769978 138038706671
768738 373409912668
285764 50739431460
810388 52330922643
868341 43946174132
987649 29139481654
201831 7776906977
252277 20128570319
126406 2587856588
323882 43212260571
47284 285308466
297826 13320368988
575961 264627913035
558764 146525586011
396717 18179551876
977380 397428399104
712025 80475480904
12353 83957923
172777 5934148734
987879 261395264790
365977 58306488822
302991 57600360079
224861 8931971733
246302 3105133004
109312 1967019208
551588 290726466634
885977 157011245600
179924 11975258794
149820 19274585050
183553 3754673475
769952 283099927955
667212 133912666181
8661 17368322
463715 68017148818
198080 18135798109
650529 190432294147
992028 542314605627
910411 276167903265
555577 196362406258
795138 574406472030
812680 182375939097
809870 86837234728
507264 78943327654
978511 859471429632
583852 263372865188
11984 82738066
316473 63208477107
930242 95402045958
835208 368525433889
113063 3821868000
368563 13879222287
154584 16030927417
816045 279446710812
964166 829158799894
540864 152510430315
50663 58814558
8997 11903904
995505 351957070086
213972 37816729661
380686 60779624561
77647 2713201222
925268 4450006848
136681 17854415155
11617 59066112
337519 113366312118
53826 612804256
69296 3339463048
247646 33766919526
324591 78762537242
859356 591789443590
269918 17967249693
559167 134183924929
630928 217767184507
827327 72217609522
460720 78287112007
689928 194001358406
370333 70889412265
377587 43588435302
239729 12183546
31884 895720012
522462 40613978185
438751 48238561569
238455 42389874581
823709 238957569103
198012 35473779787
540603 72496739587
394842 54175221325
336632 100982151674
851493 318569529680
330132 10505082747
48961 2240437118
771835 536884361122
920499 116858656335
468919 194016533227
847266 695951570431
142402 10749543645
747179 62853639517
939423 484745523679
272033 54750250574
854047 50229007983
862139 715865914324
873810 547474822632
364691 55207710721
33573 169926344
250230 43913934044
211888 19549231162
980210 490236091291
229593 18144050432
739489 34763818686
78771 6036138140
432256 25254238010
142816 10939965323
332422 18840333064
751740 493592584807
318947 11148871398
668680 273351963775
592884 56932087003
448267 43861568656
865918 313332542823
450021 79793336478
760600 65555350987
80467 136850153
501313 249904915642
389681 16725174724
991216 876072464078
278800 37662465111
331465 35522895282
505670 130036541678
815205 660271615682
421818 149436242135
254283 22360760529
360328 58339815079
865821 519019504769
617827 237491158390
709846 393436207689
772784 188950811492
308644 77279271487
63855 1291786801
848769 288623004808
456359 130588940098
271233 1398861580
365739 9781965534
163249 19110524082
917621 342101295363
558321 7720103439
261164 60083745531
416440 94122520499
587887 11290831780
863995 318345663075
28092 737954314
937180 202997445109
843503 396349565346
382114 114690544169
817671 398989203287
132992 17643208449
798800 525814276608
704724 411003538158
493407 233824030344
267989 55487357084
287405 38980973757
166742 9765412439
581637 166875858285
566044 112490717815
990470 413612285896
73491 2882962103
744112 348832021546
314254 7087196229
492987 112332352074
516252 219594539088
392222 128272888194
721492 213697933505
196959 16218454456
817896 361229621979
28914 551936597
991848 164005327182
300299 81030989636
841868 322139535827
874483 299577978266
278015 72028504158
687111 202719485544
250047 37881748015
134938 14764664559
751153 513251558947
536433 180137841525
532820 103264714034
885584 636606588753
827148 190367071766
526872 176824610181
268570 71788233199
265164 54599864029
616235 188277898355
744684 144089128479
364212 100369253171
561272 201497798598
379067 25351113700
422416 169393972637
885591 224058990078
812238 546086236088
678651 183206180353
139521 19088582247
729391 287850036214
636451 286593151168
237130 29308240362
250450 57054247477
110818 3105506202
116349 679610728
944121 453939599294
276919 16214845946
140764 3010584182
66900 444854811
515499 56709553987
953627 897725270129
207902 21339859091
779030 235131317963
339258 41460404384
16606 75820793
5796 9730183
758700 344901570527
405814 132934697450
685202 310525956631
926992 431756022817
580638 193802503043
628866 377328941968
327545 97407992708
545310 154831818157
345097 92682880816
852511 699811817386
388563 60531230157
278935 50929022638
884055 198417248551
899334 564672550629
78979 1151193027
565003 91307338529
460596 210061966545
143856 1390898784
778590 32250813139
140314 5595644104
94018 2685145180
379094 123440865203
994518 302235046427
41367 970065116
166405 17794833468
346439 67804320311
30396 203776393
721395 99347108173
806059 613125249289
233412 22452153141
51603 1704057820
725228 271578620554
554259 247095067870
496740 64939066718
642898 216917216537
442982 146348232186
91761 2452763714
96725 458935447
910562 301562047209
66614 3406131535
663984 97952391958
846935 189539495471
511892 174852732017
138570 11888512561
972557 59133477304
78487 405365949
805630 366639379573
903619 699753227127
458969 32718615856
802235 7048229054
744611 147706133767
216417 37488331025
356139 97851570074
443884 66226147105
430826 47018632119
546291 93023400521
876596 723353321471
71805 1632034668
576852 323730834420
431769 184338849696
875622 668040024417
201551 23777896909
682254 452753869512
898100 374136067954
230381 37034570192
112074 4734273476
241591 56490420678
738938 48849252453
171453 21112383374
778490 324534342453
836945 495554931909
679483 182970054218
447564 132325271067
133411 8495361353
977563 397163087067
511708 137370641528
863534 659773374255
456487 191282241098
375173 41164369563
105226 7286765066
278200 69693895719
247636 8277935786
824876 132806968568
347933 14234831504
5019 18988191
855410 16387043440
239076 2153877421
447303 5298780854
520628 152553280909
898198 344169707694
403227 16030063660
385036 72298911337
543446 208924604909
400293 347571703
233524 17952347987
689817 236339425039
21137 271237934
363619 114164722449
115837 2023923136
435223 74931640559
787066 496050566086
156235 11435008222
985863 514875635947
453901 190579338025
427032 27453519455
229937 33548683334
864985 182509362251
463770 136906983618
451677 142709717143
646246 348487334138
460087 71093552099
53831 1719539885
533186 187768272682
607652 162127009856
923970 535374947135
586281 220334745697
274323 45322713925
973073 133585184302
605036 97470159916
197777 8635980681
214955 35817965691
59427 1156448939
475957 105703642051
934395 409132074126
972092 906158785992
581003 81172507440
892336 598985568
317713 60871038071
765263 330307866823
42978 971444527
218968 34956989176
583165 152222757403
208976 31184711462
785354 120859474064
590825 42283220345
229692 47985423231
201194 20508774168
267383 52764774914
859688 65141095305
408245 92814981257
824938 349027373973
690274 445933974379
394044 2334617610
451339 193504752035
473850 86506057199
742905 224159376961
469953 184606289197
387123 65460862430
962126 679782507415
108219 10591003994
472179 185782980727
176428 11233643411
339292 45719492282
392645 130194860665
496433 43352702219
609258 129253428024
160794 71174370
446130 39827687224
737624 266244410089
308835 63888322171
494863 240270764560
416876 72321131660
909303 789579316129
953192 349880050919
20635 176958790
956020 483568703408
324535 82165621729
122761 9101321254
137736 16484625733
745651 335639497010
518911 195723317978
827343 299016341683
488796 78161648569
16830 26803732
596245 166046656405
83529 6907824717
574236 216809318875
510819 90213795438
689877 414253017893
23788 186771459
370101 111914753802
95355 1420250034
766591 249620631188
650473 300939068957
401697 125288396182
27139 178393109
293137 5821369511
971311 933496177088
280921 59534394803
831573 587091399842
854829 694088677918
867687 13983011653
70730 1992789457
946964 594109242477
279377 11612198932
971641 319697693543
622472 237411800444
592312 119063431202
478241 81523037016
502577 183192330826
698575 335783989554
750477 392113514397
479374 200441349956
66962 1360321411
392491 78159146176
49287 1018965305
933969 566345987085
545923 216761186216
952421 669278752731
968078 899757959755
880800 768480362337
700300 235857065657
869532 300944677315
832339 210621572091
735314 116363025870
784833 22358927732
182484 12421428820
795679 492494244198
669873 78775282072
862882 452134108510
657844 387590317885
550561 173882217785
200340 22393185963
820656 194746890644
359759 19561207319
245991 52104110281
198996 39342575324
865235 366873879218
351666 97576457237
280788 34161461744
712359 383393417958
797382 101616869035
980316 918940554946
956541 146163518445
378037 69684539665
626176 375870071327
62908 2047199069
759811 233432070997
29837 255275660
453983 150167074827
176870 741930224
249582 27593657094
414432 42090993307
613425 35790118644
56623 234514903
130588 16303277427
47363 668212405
466645 100451195994
619682 325189245142
139025 8371614082
274499 63559862017
404756 142132643542
499677 107590288075
415199 102969176155
637608 219423462593
56822 2098353023
312566 78449949142
63954 2062759378
395206 129360053471
206049 28882876096
593189 251809027458
812269 282843688192
495870 155571581468
525123 106971438461
382043 60788059839
253494 43603228712
237921 53783182754
705477 223827647140
607350 264310485264
66260 669605763
227700 8537049746
960513 755049043846
333395 36519914296
158419 9368965415
449795 191888748737
70443 1825245467
177830 10523570910
502771 112297498027
373165 93144293308
979228 306810359974
741868 350790525592
150503 14547583652
901702 645491420458
442513 71031300
115889 11806128412
928965 598894753747
247019 52062338718
495172 202825959854
537887 22980231912
159272 23032236210
124078 5745090146
68839 4459324469
463260 191051133871
965661 413949821947
682222 315494982493
16291 110505349
637119 184562970279
585326 93378081284
62796 1840529525
601349 60274407895
494601 105753288100
907132 600899182686
100577 9495250276
783801 25732699023
151204 11316641458
258986 66718739378
886478 225403720553
170427 26657413320
44375 1627797590
208798 27502615129
916821 350449422052
756275 135906711838
950735 531679877201
684411 293277823703
435870 11986358773
4798 2108163
98657 3027997400
681210 376158999900
270716 20485692556
895132 566954277537
396822 15539352299
263242 1020245082
241012 29749998937
4448 11658315
274572 30977216540
159987 4848122834
900480 368942683024
822921 422894329614
807993 416346489549
42065 896693645
641595 90329078749
958539 142267663854
881871 662318758911
73703 753678617
672810 367824784979
785055 552796840323
725210 521270004089
703679 67806615013
250865 12074812451
164419 26493120940
740007 410126456734
195364 30928872293
842947 704306927552
386771 42607349319
388269 43988412066
194959 3844405309
537017 97710675207
886739 761136946130
741681 239237470702
997207 489868932918
610592 33539748166
343555 13356530226
669323 169605145340
873548 200762037796
160859 1907819616
923099 663108037449
237305 50463893506
188268 19816691302
309613 83047654032
17484 47027302
144200 625407635
657802 337809609250
88190 5721127145
566474 125925694419
216436 31831642659
303792 60475379446
858274 246047321165
981305 430279879074
309857 86041188768
61706 2569682088
68399 3689129942
258870 17544185117
176373 8354545358
576175 316089522640
986458 740736773774
791653 260518360708
524335 125943637885
664442 302112402389
696769 444142673052
575459 290516330607
626734 384270676650
983808 628127817893
366909 120573390855
445147 116177330703
991001 952235977952
986185 685309521981
862337 559671264988
777504 289869067661
66168 3181046008
76684 121196881
37123 122247420
666169 277881362016
468555 10001494789
70486 2401525352
153593 9964309250
109354 6904021265
486552 158587578031
223784 35396903341
727342 438226334551
69857 4104173434
449528 128081506579
868989 326964384154
993630 685087831927
801344 392977760680
739920 178073859829
367165 70131550388
52020 1608021372
84520 552355081
573785 258787930715
677294 420013394344
261949 15657115784
280947 55030898005
732887 15577061201
199826 26295971057
745328 114746802639
882776 335601067455
90840 8214801399
392762 134719159358
95862 6093831529
704981 120057672911
323583 93115822250
189679 7306624634
811691 411964214666
249914 18994828667
373644 134459836388
792976 322708897386
830159 486894952847
974803 562232321045
760786 75566314263
66157 3884173398
811397 217619528370
60755 2964238176
743292 117824410246
900039 78986054458
687607 402979027674
817185 259079251956
258429 57632238902
82806 1373789237
925424 361820439698
685466 281951515389
620082 358514202550
449352 6371150864
824323 280467195332
224680 14327084393
283031 62769177935
963075 548162693462
141363 6741866728
745094 128955814429
463340 13329205524
898811 437080237239
367201 84612576634
100454 8646856801
110190 6249883619
866907 130362383624
466547 142771778663
219467 2712621352
918698 107137546339
428524 167970213841
742578 43265081170
371686 29071483835
80510 2381701929
699032 104765728553
389615 77154439731
371946 293930764
134128 1049845944
579193 273581518678
457189 114033062292
142415 12431129574
399106 23984391453
985857 364691260561
147860 20621854299
858498 43669813883
67738 3724850298
873515 603549086682
272918 42804994034
277684 61227284578
188436 16521065166
268214 8245507734
220534 6331297239
230649 3178683547
118260 7599831479
814853 20191267434
405721 118514886184
602365 80763232161
477554 204749925923
800681 326328727561
398466 129861709961
675857 383502788618
583042 3026395478
628332 383331297408
657774 74715379716
415765 75898958942
378685 3239985901
749739 239811952952
346946 116628352024
258359 47631891963
639826 194022510427
478353 7021663879
714460 54954229906
386485 56495072985
29782 521056535
419264 175705361070
305410 5002262723
436034 162506670634
768852 252649753275
698137 211252267362
664129 368716650587
978085 291458889307
574631 137383939022
349464 94113622237
643011 228579701262
244994 55048674705
488462 102062359142
128945 9436530913
884126 195639215641
672838 448882204375
482113 46120401860
686544 267335250902
700873 243773686678
51555 1639770084
524691 21103481834
563367 53858662739
325241 36350989069
255515 4452525517
174630 3310117360
75708 5479550840
320213 17086878430
447949 158825428206
855428 48211579295
703326 199999242371
565020 8247097097
999944 854184107092
503021 185558121741
201099 5445653228
615869 180911574194
513999 50378938222
500651 213865157483
401777 144276381228
799022 300674346280
840389 224782777768
238838 35024695072
798183 66968006020
903053 127466450692
906088 249391030853
328349 14906876687
305545 27231314106
342205 31121463236
736290 226393720089
36650 357667323
610148 138898877802
97733 9231595034
952316 29328211399
443257 68668033107
820926 527698061835
896225 564392229118
217141 33724435365
965230 635787140012
693220 146075848367
919828 186659680151
699096 479327207995
785961 33497577722
25922 191769397
45634 1848530630
988059 638872893263
247238 31075527990
453908 150395341700
462470 135587980644
48658 2099204425
168940 1600018637
761529 458254048757
617713 120689166123
442050 109158999241
323622 92093414764
402840 7977762516
252464 28253407092
13997 103132624
921133 613798549480
588858 88308964212
830466 641145556284
435222 126396067009
904178 669601814649
446120 132379832243
795467 607594411480
502066 227008448103
105008 9856127884
811515 102389850908
841436 360654895451
454250 166096658307
752134 159162805985
441425 180210776447
73848 2611175351
387020 11833645666
81592 2405575807
23262 476347903
36189 104510935
427501 152379534311
131177 6933469074
214200 1067597115
600857 88522305966
441653 83715291902
562169 217855549797
996156 484914648392
846314 424990903293
73333 1299343124
6162 24977566
394051 36953932582
891049 253734828049
32485 647579051
417059 109972741510
295652 78419255748
39986 19478614
627470 278738393060
724823 509878705503
332225 61611622934
827063 680952221760
886669 456709322443
783480 571265607848
842688 698468056503
409236 73884200437
320215 36038949210
888180 435267528696
138970 11290968016
731222 517130561739
416498 39772413554
569823 37133517592
866643 87014319342
540272 189214637234
273138 68281665713
451223 165222921794
45972 1700921410
146351 20580512323
984868 193515082035
787574 406953061009
362417 9548614977
603567 320878080080
726140 131443464378
969075 777368406140
261267 49409559308
247221 14403846445
737458 156017922704
774444 576158295749
164778 17453515238
606845 158392722934
67273 1154196350
154210 18743946004
687945 388706394951
42509 1605511111
892222 406515266263
660833 54591798148
822344 564486841174
827934 576592802780
320887 91594141611
28969 422949063
120488 7874037190
406349 48029214993
839286 560943922763
409992 144572155405
240454 9963760519
148239 14322384984
942206 148001704254
651332 277705465483
458708 80761378717
549305 174257564090
484506 131293708940
498985 219304977372
950760 388992622911
317533 18354184324
426718 61183418358
824976 372716252043
771033 255863277527
272546 47462995186
65646 597266378
137345 66540362
595659 61534687333
654331 44023374407
843978 540531076071
443096 94148045924
678345 217295888104
744131 86384232263
429645 70954841471
847904 631760311410
214008 35904866023
866464 163784869092
822938 376060760256
861303 683568610663
611192 145234825648
532153 106282290945
130260 16102438861
755293 486143080131
356704 14231150919
882456 228033008919
612308 366992451795
490407 129307746008
10255 78085249
758000 562293639940
449668 65560864047
668046 310202085851
3358 6348945
325806 88748230530
275547 53256285622
88785 997084173
207108 3035701901
970193 598464583042
181120 19962366977
717049 500210401154
558020 10694346456
501280 72175075885
524292 271406226534
646972 2160741976
106700 1867832166
802041 206675492610
58129 1937237430
709712 410461761101
90288 4619378045
730842 332148580199
429077 99783708791
195529 25076553455
513101 42181267334
991887 81818589343
655938 3595927746
753885 437349471200
147164 914252589
203768 3036735170
936689 434993005851
76899 794559060
513119 228329899527
247807 19746444334
581934 229542012019
360242 72868063929
916456 641092846905
227456 4071511196
701485 80059750209
964188 607079363180
464371 183882251579
596318 8438867308
37592 352970725
568433 250501854926
343693 114544061426
533516 58415360262
685450 403353310961
886430 730659215097
884763 478138833601
786531 231677773571
938246 726028361024
970337 659941531950
269927 28331405838
207931 21463041604
643640 2252567915
454240 184001848086
497671 131100223551
506372 114896608216
103115 5842521534
958692 760603412623
164850 14704122726
697815 150700785743
179309 15651422599
208940 36083483055
588166 235899134707
475629 67160731789
627388 37740237741
149935 13260887713
910004 101675313434
677892 234710606454
624842 48704468759
