1000
446520 13693122968
332840 60964126796
515382 234358469121
39231 65036138
595337 177405076736
531293 19165957873
387992 119276493997
442490 91052109995
644624 159818464501
107036 9846650456
88748 7779471418
453069 183609410327
647788 278395954113
421907 96903799654
192458 29698643459
698064 363245366037
328739 83363997509
984036 392703893225
231187 34338390099
138383 10394973396
690313 377973838845
429520 20699112007
883769 229476551882
246491 60055465376
90512 1488371251
298025 85441136032
622162 234991596411
155902 10496659823
392211 116507556682
637177 319936506192
74943 5383619592
859236 647988987216
766845 13040915758
342515 55571022951
33953 345356593
154690 9461502069
45218 1717764275
858732 605044107950
780634 267861044926
721301 111171013902
511310 143301129191
435896 31981524137
197464 10710709774
687804 59117797878
806235 614131760860
985559 33521656987
560514 162403584032
519281 99352329914
323976 57412543208
850369 282715216343
319741 54906813489
946635 510599504032
758531 492503318468
231167 12481499751
953428 620454726672
486673 85526746289
392130 8745534020
804306 367272160173
373515 117765087765
4091 2759934
505782 170987510255
254309 18439549238
567741 283115585791
425555 36018352667
187946 15952048255
945453 407471579604
374412 31291318078
182267 16709531606
386417 33911507754
118425 8057881972
2303 1516160
297537 31091939490
125285 3086803687
753139 118751296993
667908 317046506439
120279 7061861732
921066 112708847275
343948 52836844792
231893 44636032368
998037 745535872427
542703 11116288035
939808 602223676603
358329 114560487446
115381 11081075811
149435 16514866813
495874 33964109524
159023 295611768
421315 38418143506
836078 54628860581
914763 623586708086
449857 24554657426
880987 139742698037
251010 1574509457
423856 160822583608
488887 119000024683
647177 23683652209
355896 120156486073
997703 634101497439
636044 368579206102
370820 112281290283
652849 59734237833
839476 22045985088
596587 311903922135
266594 5817566167
883451 29932559670
185496 23567523113
521118 249477369299
168258 27890109212
406893 87877265280
903492 640024067118
275241 71995223981
14607 47888888
754359 373571592203
44133 1507007960
168960 19793755975
886062 414782322285
263662 8117799054
345901 90754747917
37941 1087222116
618748 196483759341
880750 529629750559
808167 524218226367
480398 182850228344
996709 356505560291
614224 179890814581
398146 59498505505
405162 19867910452
3259 4182700
166186 1595472769
901107 120865653304
536878 127778517743
428481 173266329018
227888 12811320927
176556 30390395501
405244 124478646123
163180 8365166137
310046 46630502837
841114 542499136245
874936 515783429297
283796 12474264581
249881 22473672308
869297 165954267394
301575 73410052928
241852 37349099155
989438 322896823944
186336 19347351026
797665 378990969388
283072 24591313339
462965 61984905873
424592 23501307775
323944 100745553651
370943 59294641325
695096 166762036904
787148 9559891253
237508 9001419102
905289 75069357113
886332 403179074659
383733 18139736390
712813 284156261626
483860 151324006158
874903 204145348341
176516 14994018065
188660 18342434476
82088 624965488
318536 21878054889
179577 12219065643
402593 45933744821
897998 170704994687
618500 287593762979
130134 10655004084
780287 513894345320
192320 2923675141
163755 22216558999
33923 359512368
687935 281156757836
868142 123999234984
812323 566681573762
359605 40919567368
828841 652641297708
665789 341470472249
533772 155298704574
388860 18940987298
406047 91075787163
519723 251041070611
43828 1740838806
435349 50379704117
16522 268366582
662918 141387325047
682344 153463063129
993294 863816357814
339603 38983376091
327762 216535289
163370 23362353183
749880 14971372112
608108 359223862995
533619 284368418090
817891 431123374117
802124 69815175403
588480 175200858786
664034 59228522102
41667 1184910427
306373 38095137175
119576 12444508319
438601 173692676228
840496 398721469693
62282 2783742414
979547 197839764490
200749 37681861596
567725 317492814305
505103 234278204828
963476 106010203211
607865 316211886426
785189 298112498338
449837 143711990946
842983 651503124487
306205 65522169125
701249 202528828504
822924 204006558368
729441 179495145903
54073 2437979501
825143 406243112231
380004 51232896748
169981 28632488054
865791 136992155612
21973 467689246
959322 458078573440
191835 27194129410
500595 152870503392
169129 1462403149
521725 135631048678
570823 278082569441
234165 7320098257
356430 48757240171
620797 321943698218
381983 8440891790
195723 35445779885
488788 180997081381
537759 135230184559
381571 97962010337
722974 498611113878
665731 89000244494
923412 96632751929
668992 356092297806
8533 40600367
527822 251948088952
317456 15315233405
532618 226060604431
157071 12674918049
935677 247964726836
758783 331272205215
476982 176484099628
173413 12910868402
994672 631678492751
476724 218974176662
944808 810466613266
946250 598595737245
918162 635634209371
879672 216816928037
160091 20042493561
442421 64363933471
924585 822204075639
172372 16937803014
969541 44013888192
400181 39713258359
231697 42371060036
539871 238344570607
781954 187535044209
132602 2541294605
515312 87187840249
680329 21001000303
174570 28000343856
388284 90954582456
722525 482172392671
701412 138607841251
749934 290593909234
337168 99124785672
70993 4698390027
133396 13850197527
114680 3154080132
700979 208948476828
495955 180985496964
964060 536068894573
917804 683769492892
102997 3134586860
51956 1088046702
125866 8513363290
795370 265610965192
581637 242124023662
922387 84858366954
911690 403074666617
304258 51024180857
497378 232813242488
840633 169372879805
794797 127498711043
963330 268276482195
968084 34936839264
379241 57615614737
893260 1280318645
109807 853714497
205474 25934563424
407694 55777019222
867967 352153953969
141830 4408961194
985616 746300628627
421638 24599229652
283987 52302198918
429836 174594275208
5369 14181814
800412 629369463532
441519 31200615380
891582 139860056561
794141 30363466783
639705 79336570294
144189 2358204716
908832 32348042991
270214 41017077163
994046 699050964029
385302 101838392862
859940 143212342065
62888 3453006926
684579 434162906019
393289 105775893630
638074 56352620449
172895 9352295249
809793 240024970228
852880 33674703951
836821 586761835481
606890 191678901733
218747 6099380822
620189 84095100746
911948 273077876404
782324 170053009156
448263 114013396083
994555 833979468557
564963 233726202564
691457 342391529356
927992 733168181259
233518 49980836912
236100 41595648949
697517 451006602090
804500 387704211736
156090 7149520430
477751 115940201151
529624 234730601413
754833 563484031505
80696 2546954087
588310 300364221588
353010 28044584057
676006 279109148091
850260 256969914581
693130 291064496504
418097 143004207890
670735 58475287997
97042 5488418141
771819 262003905411
419534 131117241213
788206 296985730479
295870 45933348335
252968 12373832429
344023 53325503696
158894 10716237174
592009 149504469581
385874 46872092074
747366 921706288
587337 88559433542
753344 444787878516
759650 142558059126
764485 294684775129
46285 440327405
89178 3524015522
821906 67631297723
490539 115636502229
602141 38685462628
878939 599538201132
407643 148050743975
678804 55737418487
297627 2733066495
631696 284532476685
866378 179085602532
312989 34812080839
55767 3035943749
942454 298575993077
44516 781219638
984685 365443657995
675995 24914027794
530432 5756464536
342147 84495256903
493538 116572548327
557441 222510175917
612776 182880656130
686239 114041363197
81295 3345071904
733048 384881135833
111023 2210579768
876375 35631354618
211131 18910648654
535578 106606041631
799183 133822556283
151800 16993009843
807941 612626321461
492274 10567097915
750828 325610165988
527032 76019491149
843804 56868143157
875197 84936791559
363333 34162857234
587417 11884071877
632060 152490680976
782433 351051447382
431773 151658317908
190492 9743768214
900486 15207805071
246641 57061697082
513885 21167520292
571742 131591207586
513574 58679286009
581712 298547025601
638597 258872318343
511211 193478712062
154101 15616967604
605538 249470278809
426419 112387299528
22677 6790012
444318 55649938743
111884 9865913568
710291 421203721180
783366 372486514640
851167 629691830651
678287 361002009812
864186 392180065370
420908 56547625430
34507 46338672
368200 110252827118
92053 615204554
971030 507871298709
170602 13619165263
222369 28748740843
94957 8435203652
307984 28858847758
857820 281032675829
91268 6463820439
204047 33235007196
390337 113043543629
438915 162178756887
830687 191089274737
824578 93560723480
602797 253675460380
84410 2331996573
72723 155246110
6978 32251577
767244 159502724354
139803 8099471098
187985 1418495225
253250 9991493848
954031 331293854025
436894 100566018334
454772 159860392693
818192 116461044171
386947 1670159938
768108 106175335134
18328 178136359
813380 622572857584
690427 277183320063
779209 414946706449
959885 656821715623
994606 733054446228
200314 24693780413
640374 61779977829
281756 18200988546
137234 14611678067
975248 123260555981
190127 13409751238
126970 10282505055
430773 130630845356
604362 6810770157
6775 39841635
831925 440093216849
821715 466872279229
342420 53311743494
821421 279737852386
726102 5096293272
388664 88417873186
948482 651748463436
269790 44840057912
93579 1075540833
266680 60249925222
307823 79527819295
561404 146437342410
388560 62914468011
991392 344843921445
376374 109291332504
644141 82375387080
632333 374461541282
473824 18579566702
37444 422678616
80075 3634040259
615926 141984610992
705488 45737209420
911018 602204305908
502153 223561109911
224530 43793239969
139658 10914463724
955257 4260740522
524358 192025588740
383908 57421483698
231378 42757528286
333674 40801074708
586583 273936396650
60152 2901993605
662860 57002656093
589890 148319138468
992325 680961174808
965811 27687943049
131470 12757748581
652528 114344924731
260446 67423447365
886392 360273986962
594539 290582657491
952678 307669788065
142295 3635272800
805868 448599337581
781488 72653299329
803996 529918440340
278301 3789487344
84495 2838775592
216230 40842628368
248099 1590298025
31268 684130941
852735 176874301153
943980 733813975341
404300 135030712426
620432 323901086125
853847 213443924596
374913 34102423070
616849 162629218921
139167 8249499159
123408 1778763894
93693 1170884183
893147 746887566757
242096 39269269228
24314 81245426
511866 137651627341
374349 95499050387
367275 11748790673
337692 67615811412
752175 443623890316
973355 721157103715
946697 286553395858
915284 172226967013
911517 536681352041
568349 289326351445
718696 280425857652
324406 68297120869
599863 211222927404
643216 212267521414
990184 260129372721
37383 1384186577
94678 6798292010
533455 24329350509
544648 194714973332
761945 398347012566
137208 3033293873
926615 790137740063
319607 3268589035
16722 43129846
677839 237260684307
286238 36557637950
900272 208203397345
801201 250463558706
273348 51377122791
105752 1020182364
150361 4460634916
330149 96623384765
411389 5539406767
724771 413894367051
623893 183532058250
568555 172607783065
152058 3084992767
575540 285778826234
971777 817248483542
323867 53043556948
71925 1581086988
869047 38513529657
310192 49191125236
706564 399087941808
954698 600509865383
329571 25568823136
170555 7824172925
779643 496062646901
700655 31456876974
607973 269215815699
418211 150424187171
118822 5152360851
358290 118820957936
177001 15015843643
719232 306717714445
729147 71388700524
23840 401583813
31326 744017041
147290 20620806
311739 212206369
55965 544847414
985004 819745873730
345708 67321803291
906476 117783621122
523071 60863232261
94532 3321511438
589620 123890500499
548771 110792555471
248271 1419944446
741320 345571294529
29555 753490118
650197 202730166137
248379 11311159071
460727 198434490927
317830 64534345846
260041 7597263386
340847 80121674442
327842 67728699606
562801 200776634101
930803 617012824651
227187 22946725902
636536 369629536716
332342 52445866954
228517 3820610180
139279 15020908857
746833 96062844671
644713 181722638955
29147 726335765
632396 139749743996
95268 2087505536
327304 64018377197
315674 26764325033
596630 24202365420
484862 46039362226
890274 511058657236
165046 21685839688
149824 17100532010
177588 12927235765
967741 232358385230
965040 156162828894
285646 14687056069
506726 181734887121
252056 8571297368
27642 436577277
545742 248342747642
392870 113245743466
48218 1734072462
537776 73414043729
292027 39739635663
412402 19512186496
396363 29885162734
740984 283551533092
351564 73801718905
101700 3078780775
656113 32825029744
806378 576774276085
17595 91542901
862343 664689865047
776629 283282868497
654360 195729718464
247426 7595151848
746252 261778901933
302025 87974035453
268423 3412039602
93806 6840927365
141076 6530179672
845040 82153054954
719697 414102694874
288094 33577076633
447543 76318724726
88771 464200619
481878 90705678543
168906 9474459855
982177 241678410974
300478 86169342812
84052 2056197227
500834 157227059646
873020 745038449220
94615 8435065398
426798 159839712793
763832 66861401708
544239 86567522986
984161 578583362557
207857 34945688335
445146 76232634009
111205 6908531406
112281 3375747351
74086 2297606400
809212 67263509173
4559 19633642
893164 16540978741
978592 129656591128
843104 540613760659
819477 665745544001
572193 75978807699
5240 7082577
2424 580439
826947 59393735752
567146 156804076862
113648 12627571812
69132 1856315561
839425 172047884218
422423 116805713077
523279 218028523137
74257 4945385419
860549 578725113061
22321 418908043
571733 233366989204
100290 560399
104767 6957402726
800343 542043823914
733947 61932708867
720441 336459503430
775685 502228768852
918955 647364371949
776566 174144583936
810133 495317157664
910270 223557136655
369025 47707253480
590131 193452669010
486391 197604936345
606464 227724820966
473690 48373760639
26885 588656949
291546 20476601512
602584 43582757207
925254 712091470024
226455 17866363583
143820 11286014210
16415 92632413
142252 19911171761
942302 313271607057
215046 16489082447
720117 477788707530
68588 2996576724
766585 203972875605
973269 286506496366
964514 750918635722
353323 1137223511
150300 16491941340
237801 55775649348
738463 34809268942
785803 526136855362
308926 67800346694
360047 124968264421
410001 161290591439
840022 61758609315
994606 321718012215
6950 26297914
835368 301166099654
248091 29377967531
693212 173869886074
556481 48860078309
432313 135130376847
929174 483313996936
653734 253015440174
656092 234598225536
17311 79850993
376779 32098658360
538443 132531852801
845471 345480925760
436460 5916965226
303182 37854612777
900848 370459456239
943029 771349607850
269488 32804770487
358651 55726971212
622517 121535988655
334860 18031349254
329079 104501097949
375856 21419478029
690013 240840681611
367138 98610089938
929201 10264122261
61701 2657702857
548596 125705929574
406812 16389892347
879953 371428217236
18146 291427132
193676 5153290489
292960 5342193527
339275 59060911824
368446 10340877707
540899 181467585320
849980 401115605886
856083 112946675770
220571 46122498284
109613 9265700352
838225 287798584770
764551 293654511050
33755 622504649
175848 21198578228
199494 1457901580
840722 329326216437
2226 1063724
940750 16024923440
996445 903485843624
908303 814298565450
637639 231064882382
501806 136951242528
637372 127312741685
387110 62334599532
93368 4790872836
269311 46180489264
361719 20647806568
560698 301087386184
79943 31851020
106499 4307838714
946063 414296717625
726742 87492358360
18648 276300428
439392 26831512601
31274 572193646
207414 30935014494
454590 73197784227
451058 3556512395
425141 6869021943
378646 38415053410
635776 239538726365
372162 105041107815
249858 29610867123
338462 52066444047
537460 129312911332
103458 1185033946
55192 808863530
505736 96396003380
852924 598371849079
301896 10649171337
976790 378721603146
770563 47628588328
191081 3912849707
437478 155995336184
273857 47175069322
164691 18625857233
168483 6850673470
818883 360697339420
158212 21618255761
374077 50594148688
198589 9817888923
53315 2730378022
486945 81707002553
493813 237615905298
773296 589845302327
681431 51510730033
812604 288245203382
50227 2485103341
918971 311634661940
129325 374447880
885846 241250366131
653603 161461036218
395307 60691926736
981678 143374666078
907013 312171224364
514334 20134768115
69287 3428560771
477586 71610293287
374423 93914388341
948190 218505158634
678068 445746588004
384547 135417706680
996999 546435598625
307719 93258612637
101359 5767413221
118182 13308097772
612142 247998831193
109443 4939524894
226680 42837761956
359506 123107507626
603356 40047636520
980451 609432359936
177649 25575241632
677306 419906706110
117190 11395697823
562758 64559469699
750730 204708819659
787602 507563121877
887638 81258570283
613023 205992972866
540848 155965611289
503190 212029397217
650595 40952571093
614203 53461452157
526004 186372938889
652189 327232302930
867998 651790959690
900497 777943469302
271948 2184539936
559222 32402566423
346264 43218404159
955715 824148394962
463196 33949723451
240090 10466487982
533734 50490836898
174941 30587737252
340470 36016575943
978090 834416315533
961016 691007751373
124149 14195750673
13208 169253192
875796 722937793573
133496 6780178152
526692 150188321875
684015 199226757615
976422 251467236767
205591 13144974567
359966 52211823561
566615 278114656866
152465 12194913701
273586 65773647753
745032 404327299336
586317 183757947446
49622 499563475
246235 52018942691
856440 362420802464
708329 314985591652
634001 355786844469
371626 19978013501
116026 2909598206
825684 562656782345
264554 44783570171
966791 192318219508
515454 159795839495
196577 5866571689
537504 234206197627
589229 22438933389
583936 149336383611
338544 53844544487
488637 165355731650
419700 66411217044
29309 477353451
151573 3594736466
384871 94704979652
313233 48563348037
499337 29706049826
451120 185047333628
83087 686202270
806557 541438530182
227709 29034622471
105905 9011382748
754230 50490872544
36381 15880605
566412 247482353856
59021 283774029
194390 2130419046
519284 53399144143
731294 469442399935
945525 261328314450
309452 23673454462
114216 6107582292
973986 334738520186
227881 26804931207
915010 623556562357
193848 18932815995
499158 130230330530
552978 252775350003
520745 83510124948
230754 1928595527
841044 530749454041
829002 666528371798
582480 241748972078
212402 36006440956
369304 39441148773
611596 84591175233
800101 610573598214
174967 30193914401
554761 2126335406
906475 386571776455
723025 4613957593
502580 81370861661
746552 213379620523
648470 323551055118
645534 120432765431
644183 87245106154
238251 32511280901
590020 42621408745
583181 263548194572
408056 84236870256
681683 90761983360
876889 519095376080
420141 115677723457
78882 1575072064
430307 116850779116
406647 5286652515
972938 378605873716
79172 3392179356
426622 107301426938
662512 381357000722
719612 244339827478
58109 1015400093
198820 16360377362
751249 545940482213
814939 273475993517
800357 574084315541
282606 131732584
859958 24862378201
955208 88269450175
783770 450401395457
210891 6368828288
449181 164385326945
