1000
591221 287288885558
192060 8331140059
81906 4753931221
269731 14573904015
305097 79592998343
555181 78315493072
937894 439103619631
47393 1924479030
44255 1006550896
854846 501636128997
596240 167557257958
543385 126178616652
52020 1203670345
227732 5942957236
599210 273831748894
830559 79959798971
209030 39934844236
715616 442797539788
443840 138224332819
965090 360285537179
286321 33317310466
143333 8545142
566341 265445459026
395774 74224554984
52993 2298057183
96723 3197235404
166275 9779519023
595458 48969936611
644368 302511297152
574780 311789189941
606956 36187527498
639101 296952013738
166253 18703712554
903898 141341835743
623735 291487036402
9010 58042952
833831 259936985468
495874 120749411903
82935 2668582562
514454 136663273298
917466 77961599571
104879 7325285419
435088 76856216806
568192 137199410965
35786 1097807142
280960 69547197338
760653 352805366202
241665 50353356787
19988 398054427
503381 149182188101
543059 237737395193
78227 2823285991
995548 304995639161
45059 393862091
844038 357148769792
953186 349568271788
903629 247983850556
177816 4185616085
489058 167450821000
721170 114894345157
459468 197155767763
436972 160859799171
455376 58874943552
555512 300969272760
52744 1541877247
334715 47293418447
226556 34977356544
592966 1348250011
280742 18945284522
756390 41615139784
670598 76928066687
588531 151465574044
56706 1177210111
87977 1988998036
588132 136899676678
236399 53418054859
430967 38310165347
260558 28021898358
867717 340392265858
964364 256050163178
976940 87530530829
554066 156843104251
399666 119918827068
508810 219338741116
933297 466281172335
857808 222931493464
697850 286108914526
824689 411034456669
447335 28217874807
743146 344132346028
323701 27176707290
72651 1384418753
102653 2776122176
362284 70772109963
515834 79079900447
299632 48045433886
116287 1308428492
15076 22872865
812396 218579284103
354734 88258795342
138666 7663461855
305571 59299919931
612074 126239212635
93433 6700504150
449293 6504416592
349385 39469263760
869339 415026803680
413966 81172732960
845808 386034712731
449479 147137869895
426993 98082530641
547738 268423659075
86929 2868452993
64595 1176582440
72813 1683665099
945513 678408371864
425704 164706221324
120927 9523874078
912589 170276783971
285120 523737179
465019 47263924972
860142 414181524694
973929 270395826155
924893 369847090586
254128 57151168188
498453 246397745957
642107 203657431703
727624 385423356070
46990 141402639
135141 8064421203
645002 359075728644
953229 393816440347
759176 564018982307
664780 418385965423
985130 87298327838
23873 373511598
126881 4941650741
205253 8311477532
316264 39777093237
396281 48702742114
135213 775972500
188288 4064450386
941078 728159308502
346933 20017346792
596022 175709442205
847593 339899203126
225862 29744208703
437194 116915514134
72252 5032917816
469160 9111793082
725329 149583628657
312497 36248711046
627088 349805831250
14467 51810336
755828 546598583325
744686 332323542612
743629 298303723902
921106 753606480051
946886 842264809877
809498 15629802942
162974 9712269659
744938 42393974093
878578 178283625285
340962 26031645228
19308 338061508
742040 476724357224
691878 212253813964
856463 301457160202
592199 40236070901
362343 130639190742
520543 168691075566
482056 130187134248
663922 204540096479
509865 217539708329
32565 386386730
949612 440177009361
466241 203402489895
849808 171894366653
782994 217087402716
653357 198312836972
769250 285092581592
231087 39818075487
756800 120539398314
357458 1946999877
33630 720145930
479778 150709734932
176928 3543732371
682039 162715228202
672639 5492853951
833934 529721024363
208063 4913315940
557242 26703295603
4397 2374880
113013 7585589007
233669 17000661541
841569 132965729578
684466 134576674139
359083 76138147571
76980 2094931915
368419 18189924100
571578 36097233756
921022 114883876620
989595 836531966363
827975 567944542569
144392 3893781283
283602 50067841927
345431 7859791397
279052 34231245243
122263 2988375495
983140 582079800387
311183 88143622313
385375 32125857655
123485 4238190492
337060 69552930192
86021 5753131603
147582 14554026635
793860 12299549678
847880 165296203714
199783 28232835623
777052 582759491000
729174 116975689279
414727 35835411941
589285 47826847339
802563 122694413173
226006 43549122151
738003 155278313047
267173 30093896964
429236 110592293018
336797 31025392389
468319 148186639570
693500 423072933487
859358 514625263614
786968 357530149651
232007 9352902498
646345 98265338131
625463 19058568876
361206 32465280327
816482 330395334660
199480 7700563211
921713 279977664618
113186 8498721025
998947 827963401241
237564 37091183661
736357 444695485229
147322 3010855722
192156 34305241671
371937 11740188888
916311 402603195180
435522 173628317613
817913 223894146369
628092 323974665879
548976 148027778365
811592 653143500336
813467 415137672249
28649 719456969
589522 274067116244
923777 823578855557
372399 85571313327
4974 17314611
759925 174049931660
410951 95054869791
71783 4990345715
213919 387730165
977100 818784680883
203367 15745450077
692552 328949083627
811279 349798770627
547961 99566108598
14965 85061144
306721 18450173642
748182 49817138738
505686 119134162046
110797 9543401339
852694 86139174490
24974 515638896
143301 13676471823
581841 236019171488
207808 3181132698
836135 560482324946
229245 29999960683
962478 417047665875
959222 434705242415
421893 25724079492
485884 22868262197
313734 76261393195
198621 8435881114
502059 222401179621
783040 484951044732
318161 31059286131
288228 25192040027
416833 107701477417
857328 92468936615
425000 120059591176
856131 170803262474
444654 169505463416
486971 191009648878
686066 91200398817
75669 281696547
519820 268526939089
5498 1559798
300448 71974483657
236093 24176490818
959186 128375849617
761796 216522310505
8309 50431406
988978 466508476570
180320 10046095134
672618 279240209093
705984 172307929237
230751 32522979166
37000 846479976
880306 676663872357
602348 44858136794
812753 209842564043
158468 10010190867
702845 297740551877
165014 15414441155
876359 640875755684
61283 262495241
160434 25260187130
467724 173890261656
163653 4424742058
67672 3912553208
255520 42679895530
633359 203141649469
274368 7747698550
359795 45668591100
110128 1509758951
234916 37352339193
939151 534807842651
990025 973412052663
588803 196757806358
744577 186740548100
982356 510564190948
368688 110315930946
812636 621205372459
809011 129264966026
850410 29675603118
616502 58994917183
457669 61719694943
927088 123587892752
433839 63201807661
836238 160793931603
807377 154525176849
956248 112831656175
34357 1105594830
167969 23467819306
281004 46139916540
337860 78138812125
530148 113819208828
227455 35007086454
994579 609904066421
937063 237564267737
86272 5225298206
237497 52879996101
409837 49926586404
962502 18875711560
575945 264363712073
852203 124651995690
69323 2428163246
313139 7471904228
355634 20249925686
825340 14886966830
84743 6528144209
175680 18223588914
863207 216779753408
354628 70262175179
115237 4143498321
453512 113585262595
567604 89795898214
511542 218263284119
584046 263978040129
631581 330699282842
845755 358650702174
196646 18225752306
159451 5829513317
114130 359250616
403177 60048778464
251150 29564934374
850295 201953360115
5759 29853613
578189 665978286
753987 275388802848
329065 84893062930
855187 198670658240
652969 410477801172
739132 34667717376
758894 250534183417
416904 63953637462
750386 308583979226
198516 17701768652
759252 468576040601
402710 121785768670
897907 655119701760
724666 244912935646
149707 18247065417
170004 2288041390
738682 80886493198
637199 214308067442
676363 292117902617
603329 158492009188
19134 57933290
32984 50426031
155707 13079762306
548693 218388452462
2247 4401886
293445 47636067610
994324 725418879094
173134 27092541771
306662 56734433412
579030 233148322751
433529 80938603471
588251 5459109872
36798 750734879
328844 54181592193
568546 315059233355
212342 32751140194
371662 15104425353
152225 8982534168
90542 68748026
259991 15340301984
545383 142391813988
117827 11807735111
975566 883772368592
479127 226351959567
442291 8537228922
489434 198073800645
683241 308764805108
567089 106807665147
353112 106324277620
191239 27804291884
638869 251533896883
649898 241765137660
134673 4459464538
239914 41182662711
697302 346945468138
710190 106991069288
963334 315995114845
735363 125291577621
206715 40764541578
687157 22270402173
950278 188937090525
226828 42283330398
16609 138319526
118724 3925553157
173943 20006021239
859600 633633296318
861881 290729132379
589351 172929190592
854250 401791706932
865245 52842593049
809000 462383354717
263424 17203417170
694789 382011634524
959300 132193876326
785733 221977188209
274776 3314484783
3419 2819505
806395 421135393412
764185 78616790935
11276 67379227
81147 5288582515
915322 452197918729
442559 16983951699
310734 18531413496
877374 680300921810
576479 317444205778
122274 11354279461
557597 206766723934
37971 1352145215
128290 14237526537
162771 16617035834
679177 185924697445
77258 4241788892
641738 223839769362
570101 290609624974
418211 90219474692
108744 6041143323
261342 6172296898
426628 68179982142
345082 14551390726
632730 294617968276
613323 322736795509
974412 142241515654
707430 324835107765
219412 11726097603
390684 4355844396
778981 189413981527
414910 53975575279
365204 47566646008
167671 24816579050
488635 120766127715
3530 6247526
894648 777605262501
740930 406462586179
915870 353361941492
909779 384254538132
738378 133476460571
490180 102365237153
141390 7597264562
817847 639456424165
220165 8992968708
193993 37129915477
439814 18120145171
377704 112890208046
499652 180800035090
216088 275154959
505654 55592809597
393644 48611454392
441518 151086130758
927015 561604749536
250756 38466920331
581801 147403006700
891247 411170707973
633121 353048208997
604762 157041459001
946145 61175463326
270389 67468308884
663808 100827814699
706979 273445557536
106449 4871955853
134876 18077644863
601618 29052795655
91619 7155062793
553739 8915055341
575996 165949337790
613585 147773531957
220618 16068964555
3421 6308104
193864 19675377543
133195 11041294471
579502 176989572700
783203 130256936313
688148 197646183370
776346 108679449973
742987 517915363150
618789 218227730815
508564 217748788726
671356 148407508765
181715 26594352764
315222 93935138348
110107 8673444017
699635 281750583008
466386 6572776556
848015 602673054880
332467 48973530566
663971 199497798941
987484 471976734621
145105 17674268871
182654 26153286570
30721 882160233
661950 22211272025
529675 95399052331
954784 562587675441
837505 369399354961
328093 51013623457
741737 267413809517
493984 114910356913
583269 41886402110
735857 61863415944
248088 55721689921
879226 329997143678
825710 36572163348
509072 94979939645
178914 27826567000
662963 385785656885
883369 97286053131
291400 29321056660
870760 235819665134
557223 67488749871
501256 41698749112
338197 66120664571
788577 474791206995
7445 25529807
663933 159040299926
158893 6420681070
979557 224149172519
852965 458934662330
87123 5238386003
297722 7614813253
786078 601745215014
396569 108639198614
254162 49755339703
718116 328713051172
522380 42273377312
974798 34655413699
466377 200197138941
70395 54461545
877726 383713849270
108064 7711928290
621186 161345688712
45334 1959289242
273365 7339862497
543325 257052036258
876543 552022906652
112262 8101173516
722399 489226157436
435987 151714480073
726864 439956296119
497960 230647741392
463396 152049989543
331411 72334230817
185746 2225103367
153082 6142944158
263655 63647017963
201800 7944337295
307869 22222602329
216071 13477656022
705459 225102273128
33982 659553134
684710 194506767284
273441 23535023692
104041 7841396135
702939 472258585695
192464 34240780697
793857 546930169875
991905 676061280841
151636 15449029494
291147 913967847
50169 350466589
466317 54780942881
61596 3773355600
799437 471609966787
911106 794141461219
74044 4213493019
510316 179063279476
592267 340868622800
395162 122827500346
411855 99529261872
458946 130978785963
91404 6127187829
554450 232608667750
817878 272390640915
553199 224367927592
754743 94672064588
332591 13898824001
665581 250754354509
409090 20377626007
35839 387635499
515215 121906467909
928922 815916243194
951174 376347687335
910709 437094359380
94438 4618303778
308317 6046783323
111305 11985173451
422201 55315010133
317984 5464868547
179821 19535826787
996568 301698313285
484563 67192435215
852419 678109722259
477557 102121470146
891185 355095271210
133313 15256882191
184608 20104935093
806579 276156030994
596427 209607307598
132867 16992925033
498155 234812914957
912910 550754480460
130347 7490017329
798810 623904307660
314363 37747947837
52513 2262907572
899402 494335310088
389025 37822745216
59228 2883060755
765868 396426151450
829646 175938332011
483869 210615805821
377290 107737121282
735023 334058731993
43605 539225205
294355 72077200533
914236 1141857535
256709 37773340897
574988 13121923612
49020 2003206328
264434 6569572224
697463 2100900693
216043 15236212889
612256 348263658611
898661 8812914460
851173 420842321466
61814 3339095689
266813 15926843091
660225 332928605696
354323 83053832376
721541 513770230509
480611 135303092711
340880 40338269277
771505 422565259962
473124 61753437389
62103 1413378940
833105 193646300815
500389 232467533962
736675 491868553813
813072 434161272216
528006 159380473502
768338 82960566040
937331 376478136896
741736 117789361921
781999 257171831839
561040 169480294969
233146 51918537140
353266 2403496121
643516 124123912204
159053 21029082951
179929 13784229336
929096 448473470839
222766 48031394852
281595 66222502895
588722 203661410359
355987 124639951788
732605 267389548463
500324 94572960917
548910 238591843392
649077 304310187877
782804 591609866831
421222 21318812134
198274 33496967174
353547 1514474201
104173 10133544451
682016 95143430519
688022 26751598662
238278 41550154171
500497 13007885311
916570 289047613927
178195 1810918891
102102 4828880924
690432 464337659231
465631 80589682914
257186 22373534738
692880 132371250088
372690 74363007816
438590 67378722624
369404 101339750015
232360 23306923332
555067 79596674548
332949 70212521897
493989 53003370051
605612 296964243698
861837 672978987988
768431 197507652809
473702 149522982565
147079 7722462594
263064 62183976007
378554 74537150912
870738 181352751112
569631 112872416615
117035 5530135492
378167 81514363810
379035 8673860431
598437 302371595825
870730 377311129647
400606 26801257475
278671 30718522418
944283 720329582629
742675 31131922674
723873 17295001192
316732 4139091798
748252 101812559394
753517 413888576774
558113 296643820089
205931 15900632227
536575 197693765566
504822 14196120185
754409 84154518780
588424 32716019650
217768 41404556611
101238 1214848624
630360 282805838246
107539 685237684
430497 62907163089
176222 2012259939
963063 436449910917
784572 195172703037
504250 46546331725
143119 576806305
26190 286386728
341904 78568998709
47958 2150177719
633868 278342896653
588272 148252928950
82126 6231581598
852804 333792665322
259024 31108292623
295132 85617685062
210790 17837124681
591493 3023124050
301974 20763872720
933365 463378293687
39379 534595500
192321 22656316368
697254 259214404286
553508 202738244539
226234 15910771862
66945 2043916460
55444 2089765841
219265 44971180771
924348 840629106301
369364 89912409715
458840 158309380735
886094 570884587454
820694 53337799181
363433 49607336273
793070 576196497481
171604 6950980657
381669 93778405665
175427 16399638904
967677 685711603605
109982 10244256897
183493 31533223583
994411 93139176633
849027 27885034310
89686 5713257453
505530 22641381668
905122 778385487007
923959 653408281376
528065 4357635035
342769 94255792591
549785 236124545035
465780 204882361109
370236 82312002109
45757 1466446888
851762 158412328746
648108 337370071799
990939 277875416706
880122 36199093059
465858 47792653110
366952 1743970715
733033 190057477187
284318 66149876542
811802 160119524227
997160 650677324376
351954 36626846070
144039 19560218785
936654 146039750230
547315 216257299588
964438 809062556735
966632 917831026345
747675 475681676881
838180 331516361008
337742 76692028527
651009 171148730093
269629 66430285947
855493 2292433665
227537 613430302
939606 876532437631
473205 75217871273
627459 145627426108
444783 137024591631
426235 64431718391
975803 790980986319
123789 8715180070
511251 131592561717
982967 3699244897
404275 32909141845
59716 1827098928
302322 46976101926
236227 43535757726
239387 43155732490
483976 133338843448
404998 83058483224
136044 6515366613
684740 138296015919
275073 42212372371
332235 31459493930
926438 274197929929
841316 346527145469
121174 6946815411
542632 107502551771
767354 493087768460
838910 529660162115
902563 258504381320
304765 6703595453
891316 335118253744
519176 249172971526
851495 88302141722
172990 20210628844
742029 408875373671
730333 226731659278
186422 26489769888
892007 84229735167
722711 90768170079
444227 136067280621
906607 580636850849
233871 24523998560
839581 53178965053
919917 828001971486
914085 497214350198
27656 245018370
102351 2760764927
721419 109850486493
706837 426655091748
221940 44150337978
561390 11296649038
13691 70807077
275869 23407402985
844548 265692788993
233086 4815405616
83209 3288752953
728340 63233335139
745319 53702419609
287309 61715831028
495278 219570847738
78411 3894150410
202185 15359421345
346707 27306530121
253021 27156790851
182753 27627451911
122330 5452825916
861985 256528116128
303728 39424451676
99458 4229155015
569521 172472438045
275396 13058082749
678989 423796725846
229959 5614613235
506772 64826580836
510888 254539664155
947038 727402708296
237270 42520860076
481209 128470889618
525178 147924615702
455589 96172330770
128213 12835973306
27646 264577987
913264 6260515784
965550 761871297405
477678 1836787261
682516 229289559626
379117 143566980883
226204 16744371873
201628 7401232512
853967 299175464511
459878 42439986345
545396 244508467163
183335 8967887699
404177 71280783032
891317 374958831267
854639 610984693907
915399 376298820020
807171 87497509121
590648 39881237186
310064 87232131845
3789 13897239
820602 142877564176
590675 84114261060
334542 95144627061
745497 513846250832
761676 127293755820
62791 1860398591
931528 308734953829
751533 42826986944
965046 744281468840
20116 143139611
482870 217262246457
102057 4753957803
629756 26598644563
915883 95561690721
604448 239095579811
545058 112316734323
238204 29457818474
749086 374966257479
460580 96582667940
861699 197797558690
945629 268267177587
427113 120657911886
601526 166445898100
789006 296194408626
786170 207736020837
539395 273128719828
873317 674097980978
116579 3013559702
638664 280307566048
138030 5876734813
219472 17887316268
725482 130822547000
128079 11583520923
499189 18870339981
765774 230765033425
370353 47027925171
719176 484911407727
630060 63298712944
181971 29729012305
116098 299875576
111930 5467799077
352001 7052305579
271231 67569753133
991012 664534233424
590353 341116064344
913123 759382031943
311577 63122549308
999472 40799730843
392280 151332699155
524087 167240854976
26526 278503442
285666 38323407892
