1000
546422 256253382644
155069 3199368181
783801 530567756384
919060 454802198012
537400 252819418567
236767 1702358781
349794 62971794983
574861 18917365680
675585 170028977448
68633 3641093271
388765 150249430499
305242 30395170617
575166 158487453319
745016 60060876906
72691 347473019
997079 650505953820
586505 3864015463
514735 16018148655
16726 172473084
112067 7501043555
254463 9023193900
810933 54223110380
1573 1503542
302889 5497019838
844046 143695426722
394368 153171332771
719186 320224950021
117460 11798526333
403251 36179349868
283277 57105740836
373354 29376398079
636211 250249474832
688394 471091412914
618941 40407299495
263843 25775776302
890878 153284096179
516287 265231942694
541309 69565341163
237280 54481741558
588267 185369768489
160477 24703885747
998029 568148061320
602556 29241469497
378331 42857845945
475734 208642279952
414754 7334079708
490943 176983991021
98386 3137640359
526395 131011393361
125697 12261571513
147001 19661524180
118220 752034410
502273 122955829020
776619 273084020350
148293 14537773372
603537 80752414642
25673 116464477
380236 67359255572
272072 64424880114
246472 32535516111
915564 516371428895
408370 9921606856
645008 336844549535
805207 580034546382
804815 314686162013
851468 312065941796
440198 123403347477
964499 393159817925
909429 10091602952
405975 21458577703
152052 13167354452
264899 19680863624
235825 8703041121
215472 3145701339
521498 212236887888
271373 60602716109
548004 115855352292
743859 86148607085
326443 36791430621
817537 277603438364
572388 81878342918
676024 249756138504
267427 44715815942
160477 3904327584
892700 601624616555
317906 56605267453
901861 294030295470
482375 8777842293
946636 6749604248
747820 495008578736
519766 132752575868
113721 9796532693
847226 713358301539
418692 115431292615
721780 303480803500
61355 1375787153
779172 14079939206
109534 11769161129
778612 406724328835
242376 55778447229
938696 798014459737
412360 36308568785
930555 13249069487
228464 19209004941
727789 177289107410
761938 283619675689
658231 63037765837
92555 4317518388
727263 396216740231
904409 100671288169
97910 6350537547
774775 447277403186
870475 108804573233
770743 415143049581
590998 272181182675
488069 49810229172
752408 251289626255
175560 6213164903
886128 177661053905
530670 149414161750
767921 348765208451
827363 443272825405
504356 229920859238
887945 604198336030
665606 392660355343
416055 9707319451
717450 348421106933
101297 702687742
411202 17148468869
498822 129403305446
908051 153292033457
108169 6635159310
984069 865720517879
295573 19315795510
709010 397514011496
569125 41836362970
238384 28367302676
247818 52023565826
10837 3700446
967714 544689594771
780840 141613731321
681628 397406659783
290939 48364730008
482115 161321499456
794381 440911523049
392475 149944361412
534481 88703398801
588799 250876800936
216708 45186694713
995174 646983278130
562505 140304399275
489333 172477226227
498038 68715094023
969213 686972727911
510586 121714239999
284627 24449394604
126617 9642418807
101535 3346714050
769665 110565292806
632741 398523400390
356548 71814684070
725339 459975107061
328621 50940051610
727660 153314641608
458987 37105644412
261824 13527038801
662564 215243430248
728167 187783778412
157352 4747345525
590979 309695439577
120228 11894491720
234874 3989126873
921026 684992905559
756152 461843369544
143391 3389935325
285404 23712070927
113012 3352233545
46741 235297128
412503 135767043051
568900 244387771882
20543 343408010
147997 15260300825
84318 3297090260
511904 62467707450
256899 11162406814
443651 180692627946
16585 1487774
583253 109176706726
813442 27066027310
962236 876233177018
261884 48771553715
278689 14500525159
437241 162490618898
854710 299492210990
147163 5979877881
442043 113015332735
264026 11367188359
391632 34947348914
655200 68912419487
144497 13012984570
288197 79205732143
926933 812923937572
183174 30671297209
521174 229823016723
294717 73671193316
728254 496807527410
702535 187923406198
582981 113776007974
191421 18175245911
161463 21047682558
433489 22915488993
365551 23597140103
76973 1634172608
237630 48974204987
49757 53739240
29101 416565477
271139 40122361014
754814 502609769019
835655 428044181578
381342 17376551033
458665 193914520614
395758 27985614831
292875 46356827676
200488 4669806178
415527 76380644776
766079 509491514928
133077 447773932
33291 860067892
90471 7688030973
242243 50942594945
513834 120430397679
853082 707187346851
715177 129737056571
43205 633238771
884374 30389140832
436509 89597640029
111660 2362098849
660901 89507955653
109927 11236963333
99654 6634464490
866360 676751976053
39700 1305724982
69526 1879873461
634150 201829318829
525725 266598694692
122205 10395236579
431422 153508642261
564905 301297018726
156205 16323647009
665971 126582677951
586017 235995212573
857500 646086833833
224558 45580146464
329631 23564492228
765115 291685876815
804421 614036858069
316760 20809638311
244567 24943568135
498946 154623191020
855259 311084252218
246036 45165260204
280633 34180583850
841255 243635630454
520497 253671188274
394647 130249768248
816208 577358552043
46242 691911801
298330 24034353634
421664 70526002536
724181 452260783931
833734 112973508727
436052 111815223944
370496 21711383822
358945 114365023515
894445 767097164537
224447 27699368409
849568 53918461336
926070 809448883312
976412 649644343072
318618 12984637335
962446 360015837686
48360 660215693
445893 188578154313
318791 53845707829
471014 188435031136
888827 589308378186
848643 224800657849
766369 168175696966
739475 184938945050
180711 9337957969
723407 278004486462
633955 88554269604
10002 34808309
40559 902662106
855247 268339511852
992148 566653457148
409171 20613878392
148204 11197294817
620560 92506806893
453133 10964104368
463009 102938773529
627738 189394950100
839021 549299146808
537702 109174870493
593703 78914481172
426238 100141205721
565995 59092928925
84655 4338730116
491467 149494291027
908120 203281674105
705062 288179415698
622194 344068190735
929876 666936210517
768299 143883275175
399681 14666487650
52824 1883557600
437680 87564756167
74533 3890046181
364735 114764624712
219015 5195082855
297634 28751950611
610297 85709031769
477373 108070499448
53977 2713132387
97643 5684394803
9931 35429714
628609 346587242121
374327 11502826589
674476 159145496071
805890 584436062923
560604 84807210016
933407 470225503603
485910 171270357075
986251 706237514841
73095 200436717
479524 81506600602
829303 632101427553
717255 23215368862
916925 816987173941
173317 11973054791
276435 26174368652
898526 119433996391
590505 7562035647
585063 105777422104
948418 619341652403
154788 16456112631
941805 476389926120
754235 483376980609
509445 239727141560
153677 23419053665
192503 32509935191
713680 251021220572
363552 78409533542
169620 11846237594
619686 331442734501
668973 9409403224
390611 84327346194
692072 325077760904
859808 263140707620
986131 371753836753
926404 451544381543
285687 45654205118
285922 1118983440
827029 398169171099
219082 14081988853
869041 371708359665
800529 197908692974
570388 75458856106
186005 760251773
753195 3164857969
404433 64292156213
297143 22231517940
332494 41690774738
15814 86427700
439394 76650556933
880279 335346876381
901829 61566269971
589625 203190216949
332031 17262753755
903544 593646902370
259738 38458956038
90089 2954455415
868746 431630954516
961595 910452095441
841299 54447187442
403140 49070468654
768498 367589040498
2139 4070226
995974 139753877211
519497 94029136341
974772 620830986156
391487 19701410500
391305 151312894309
797496 492191973882
810838 203137228592
736127 56690750072
83420 358714925
267157 64414945103
900640 622804349647
116950 5716571360
717873 217257918321
147132 8988573478
898618 695882852667
958918 691810270524
2991 806394
206789 38515839147
187823 27920477050
470403 63777059218
433937 78938164801
861068 272198361878
783689 66227847806
970854 658179216106
290082 1207119231
251623 54126046509
649709 336512138856
806801 329309774670
588457 154254762012
603800 358050329269
891863 442888002034
327390 52640910410
473888 155627665818
157067 7256846740
885751 547704238131
233555 7983660340
322749 26742472707
646552 252795634592
291786 11819618407
262568 15868730538
435633 92473345034
281385 66806708729
457998 121267649447
832024 640392703269
880365 66639977428
699348 428949893725
45987 1010558592
140907 10418913446
337629 65748987557
183463 18591519413
146750 18100924124
808325 171498580081
363333 27631525522
422575 175030333583
655804 325533732600
674898 218224098493
853044 444777761225
549697 88944998735
585013 193294882333
15381 221560172
92281 8173887326
329514 47615972377
130952 14521286638
849147 259126627121
933284 839325715482
665974 230122551534
600233 343360275030
11529 48283829
641919 169076740765
841691 47811320188
818734 658140255535
411454 148496450212
266687 54842713954
348787 38927336714
601966 208575735407
39696 493162228
162475 13759631794
296863 71651910714
938196 366750712897
660464 376118952240
75257 2374573028
894880 286846557457
857724 407249557223
127945 4250631868
415980 75505552300
468471 132449138726
189515 23757232991
619826 629100287
253550 48868096849
410774 97786092862
283132 6588424371
634620 104446691213
387778 43559831563
297040 39897795298
587328 198395515194
573477 46966462215
566287 16234576529
767643 562470475481
489568 180863581223
967731 451715301602
112959 10720746559
239068 38377563609
212324 27787362985
290098 18632270779
322943 41139817045
959843 432924846133
473393 51746456525
936225 690605646376
467791 199486969494
772252 185158351954
486434 109095271084
649467 52136390169
285884 3957765717
615296 9520313788
403794 56903739548
514790 220394947237
555450 33473399441
164169 22844808801
365021 4230991729
410388 38674482974
878163 46585140928
259320 34794430234
162834 13158930720
929198 697610448165
329730 76777497965
965998 33815493099
960871 381921450070
235156 16436255144
661082 209679509338
838547 149521096075
458844 157996953985
394541 28931594795
527451 110797684534
309855 6219451271
868634 402691038184
775061 95626862378
554600 22680130744
657389 369690012189
488477 222918106105
662717 295463874632
623417 199719035099
998410 361784579044
870963 719353254208
338349 76080472052
235662 190304335
244488 42652830706
408538 29275636784
988948 103673418958
57894 1732383728
580555 86169078458
137662 4006044166
79093 4868426375
734499 121830443556
220168 11211486474
35652 716907335
974303 310741627585
926981 269844448625
896871 555344481192
650371 22472344212
764559 227862341381
849909 164308062429
639024 172965988041
382423 119690368621
96025 2230859186
422058 86192456324
375148 91583946714
555280 246415014730
906641 51111475482
867612 234992089298
3961 7932857
38662 926991869
121901 727604635
141054 17035863546
313150 534905702
101165 5659295389
813928 234286657009
65292 2772268405
194819 18374792326
541443 190796932664
104680 9207735823
606501 64163508181
938160 611438308520
264302 21482668261
520236 70693159351
933761 721987516098
897957 354806205249
609991 71903441812
556865 79144206316
991278 116179830790
738893 168764431223
350065 25075415767
981117 256306942751
257612 60309482512
286290 21385652917
428789 144395398130
578930 55908174380
244138 49629705281
616396 359839999704
787058 92810850675
319806 10318526583
968346 504830067264
150775 5618111780
474791 103264387372
579180 298071759537
996739 991380721239
838284 8490460114
555807 147068063027
538527 138500339597
655471 46346777338
563455 19379884109
981909 567369332821
356231 69009410976
112682 2806460161
435534 33967508697
183751 8974213757
711436 315568710030
712091 22946263731
797290 478549972870
445520 101370875901
837974 616433193806
795313 68607261933
690541 28646203844
53069 2714497303
703202 76750448717
205105 6412604844
22109 274391489
389620 34519146897
895342 264249800687
811680 175016375191
926518 603950428807
372261 136060533238
197677 25086166827
655779 324492969587
782432 281196241280
254451 22410834953
523841 71911035417
874978 715985073663
484711 228274908224
180823 9330740563
437971 79367840165
303441 5023064919
631914 297046155694
435130 174012482318
704034 130520369324
791060 467356249596
222095 30180957399
946258 511402016401
82492 3277668530
731530 260826936699
692691 357885342843
239175 45507639072
940074 96078543660
327665 9118497839
995939 839223725655
468927 56139836138
258811 26896771116
453692 60316218508
280702 4479766324
491968 19945902715
689992 115407465410
963829 457681381998
672647 419657703289
213880 12382421405
449048 62411778986
752861 446599750402
314230 43284340496
805840 147511444956
413554 163660694449
276316 2145482399
895488 665571235125
293936 72392091643
548848 49049618028
41135 199159649
306353 72638508346
425154 57320830273
949280 381702322535
129280 390968166
838176 1710913827
241699 39895691322
8199 28501718
396673 12923571225
444863 36746278016
53820 2210213135
790147 22596963416
582925 120669768801
361342 60832132604
289363 79770668871
591485 120489127804
306741 82515597261
267328 34279006768
525425 69930949409
709561 12785712373
330212 1017789127
482164 127746540867
380747 106696073066
129672 9891991132
591308 169935713299
99806 6880150668
101734 9902181600
463642 17813725342
131773 4517278289
652608 401394293992
321454 66989906346
750947 309087624053
103240 6968399622
515060 86774616953
135312 9463024517
401286 152672942215
515377 136599848552
641775 91367412818
65661 437164094
2994 7412499
198768 2902307223
851935 36783000765
527222 266953624271
297542 10530090129
966460 171249023030
821570 9006879605
609194 207949740533
998320 389857732692
460402 49460696071
498781 200646469053
975085 261464992146
299622 37319988327
664199 172689323536
484460 26643319566
768598 155562686739
962286 279478727823
585074 114042631671
406728 10502954433
817369 638795183873
271483 63353047769
259576 33731713335
423115 13917802053
474479 112123715023
619378 10019667362
980352 620502854963
165950 600886447
890891 396728422529
303739 91547322594
161391 19581640642
496264 156648102795
33349 83974264
439850 4020127430
675242 335162231465
93282 5258392023
52502 780447406
204936 15573760156
385350 34351187574
238386 43553271472
981325 265918601572
926800 221616320887
259694 30751380490
759802 325733379755
898859 610930858258
263847 6204640936
916706 233740107343
912576 821844746704
265640 51019623415
52238 2261680887
59112 2195729596
239580 9640380847
401303 117416128938
113745 9608388978
794390 132239346524
763359 264258356875
655901 379701606675
164148 17961560950
317218 57947307751
341754 115716450394
903236 563574834115
614403 42266165213
216484 32460374754
360542 120163519291
902166 312646068002
85347 7150287480
412187 106449522488
844127 501712058512
599362 229031447318
372432 99582837792
120767 4391492575
230619 20357819988
8635 36428630
920888 622019843344
29723 204582082
699480 336753505640
600707 312932537863
763908 456430549518
418207 61426689960
968313 815835729742
850409 424826264144
591046 21830449861
983805 715774856723
173852 12892744781
125981 5276197873
282633 67365752050
576971 290377605588
597274 334870355796
787766 230802717432
983052 149023262943
814505 257215907841
453112 62330685574
601920 30567987450
913043 599701383701
935113 456300288545
732870 131685823462
483793 97246868942
571070 318071358453
529548 149332924382
939346 91717143744
16639 249627292
600912 299552303680
303081 63191259095
541324 265928451876
223 736
165737 162451215
757827 306284144340
987443 584726901105
605039 45295229543
937742 792179337454
560422 262940963255
484178 190318434235
791985 413146026994
69908 538903020
97700 4916524287
211277 32231993979
748983 18109449210
654227 420601252322
89603 3941963912
592486 181185401356
418396 105936329913
421858 144096918638
534404 212521002837
651247 219345222101
769107 234154409478
704404 209807414467
148321 16815521022
9106 63441468
167618 20091806555
101051 7022697701
746548 193889358922
170549 157482766
670459 157960541767
750668 386398518776
85343 2495497725
741776 13115766762
98775 5108093414
149015 9930259770
756205 334874404485
238542 36249106082
598055 63554054280
768247 313272028176
165594 25413952034
851351 91527946008
4707 12745771
952106 705800459114
41018 989193229
310285 63645722381
697553 58207359661
624671 47340539739
103810 7349040251
380742 39263657813
358993 101111549156
823069 414593011237
528182 207510611979
711822 410710183528
587069 203547440571
915527 487954105612
374061 78243013953
286954 62288835109
781924 430248070372
660766 345225259149
914900 325656327868
531052 211732486792
523292 134601171586
264249 36505078130
50714 929220429
558150 125351033655
36860 1172732509
491035 106437305888
976812 609376558610
641947 345300255745
876763 310615063550
78530 1210045292
538218 277433818245
633579 119215429527
314235 15549844924
463927 2898228705
726449 252715829143
69736 2119055531
20961 301277956
957976 362808140239
554192 152296324487
952890 160132241706
118898 9753311328
279022 55670787569
748793 131970529899
46084 1721191048
337859 66452787393
14678 34567243
105344 6632189283
551369 246493270742
635719 377646998139
440050 175663651273
639392 193070709707
437598 188265917619
361310 124984086649
966353 337094435519
458688 123117738718
426306 177293944519
669257 61120554974
866561 607132557907
565387 223220125070
981903 194029796287
263695 21134284990
216454 7655015150
861625 295445554444
205039 16913466067
544738 212960670518
555089 237297228232
798668 557483271546
797052 373039381150
93409 2265471182
637608 58246306110
812218 647228647247
998976 536740368592
63702 1059925230
695974 375209928864
778537 601065882117
64909 3023657570
442302 195477950053
539884 239566412461
496743 182809321330
612071 335335087075
709248 42436023995
92778 2023206424
831182 362982832242
534119 97073347768
129416 9865281222
897845 516658467296
937823 54254258841
119687 8974604147
230681 33967702878
331000 75256809255
736798 452877463627
698095 38531602707
596912 26072117346
195159 30110179327
210855 13255393290
550832 110209203219
211811 11820304075
772882 24171385871
405759 45480593321
116395 7389503820
319758 16940615787
395058 12198128665
681079 56382723160
691371 266692280459
26014 386793060
666650 308872919370
359107 3395603641
617561 5086886703
21568 59989770
73094 1005780419
225669 39872046631
242554 29634342275
38780 1410433741
963192 627360844822
121726 12052253488
639763 312966642710
344751 13169936066
731682 495223620170
202723 34475068699
574740 43765232965
811000 406187842716
646410 208904591876
574883 121370841347
560812 132225448611
784041 206299669310
961319 720914571630
814361 137803424208
504390 244988265504
775346 161259517541
654107 307331414401
496596 195562086716
995803 578423142308
244598 32826347371
843062 673518414357
928597 496014199785
146829 9355198902
757694 7076880177
36235 750326493
486488 48591713805
302237 45735785742
468318 146344950057
83307 1962906619
593558 197946603440
697663 478033727535
197542 27652908146
417095 153718688209
161321 3274800091
57320 1601250969
752024 263674192787
257882 26921075542
892708 319693249330
214594 15611389533
527063 1116097958
250869 16746911084
753682 181502233226
417832 85912465850
650518 204386887895
268228 64669847661
