1000
149081 19040309859
42173 1700796274
907344 612567211965
991937 737916207150
140749 6830037010
799626 339374080596
102658 1370167216
871146 31904907200
333480 1338263574
568151 151406755290
605191 221621598262
644527 216233944171
10044 45165295
763753 312353959293
106793 6874266468
808940 554672089153
351300 103964450258
647369 252797404598
379911 76573863283
790709 523075493461
705977 392820536867
673911 360485682890
508638 112886878312
626128 165810904988
661702 87862251503
764699 462079413013
391417 53601110307
812983 460372320040
506067 3364022704
913712 684850468069
584037 243810332195
117508 12640787824
750814 429683377619
693624 307360733179
483291 86001406808
732159 357383985705
894915 482673224663
802175 315218637938
347887 2351400626
987952 354536495874
854941 371240695619
294891 39576145192
398888 113481949841
518452 189704619218
346248 67745866776
418200 153758764957
393332 122075619685
559964 52949720140
402743 126699003473
741243 512584616934
5750 29852586
170915 9527222319
298465 41981531697
423302 106454684352
71658 3986352882
984932 591566768927
505814 243041797096
666095 17661576114
115684 12069608364
193219 14085276082
107432 7134895222
435998 6904559081
716917 450434079534
128070 2822675904
492649 164725963041
921315 391198590328
504449 47727029010
517559 143887419337
512126 260248231275
529645 46457597778
172479 2478752026
816220 285463590948
917118 16517101778
895194 84999231528
424061 152157964491
692620 449624129228
108360 8745076359
268786 48391700395
389894 53010291004
65954 1540041240
467588 216284230092
384585 144837349299
168994 16765677606
503854 253249358585
284525 73869916155
601178 201716375262
414359 103050333327
308202 24475159987
564287 152440398213
576319 248846848763
861012 121998996698
502495 200777503800
286926 57965053043
579692 324525850150
146918 9081379870
295315 81918382591
757397 108420473648
399097 102909027180
415444 76219926632
116065 3475636889
896536 282255733186
310363 36359743394
124816 558367036
17252 73343774
745777 120420015373
223594 8233640523
53822 1608616215
691180 99969648243
724595 249552476987
413138 34927923685
164421 7823920073
571066 221522181487
766409 156711455734
67661 275268313
737739 477383441606
136457 11569431674
239996 38244260916
696114 177346119142
502123 125556462171
291877 26361670841
760752 322973994748
529525 189011990338
115298 6341170791
457333 157681504678
454223 73502131320
423539 149797383235
862701 543414832744
673842 82250484046
558205 242725432811
213570 1958751122
338655 93427544551
885606 98411080489
547160 101667710978
10665 67582230
719055 509039072101
449472 13490312240
58096 2282141740
688438 37388788046
868440 738503172810
736665 256098972946
957619 858993468348
740077 67508303218
835752 209840834086
272165 6786486352
298867 28307889861
947280 210297815272
803345 354318439444
429645 155257818558
260107 47813289837
696476 466237498859
280237 42942855403
395695 73400125258
50229 2081422768
47771 723824087
514740 157935520794
646486 160695791704
213299 19872577917
600053 294972305936
808562 593247452099
646039 45852537221
140665 13517790942
559301 6839252806
533795 133835332395
527307 19820197390
215794 9227011115
772772 265781085520
472420 52109616536
850004 22504685920
118785 1411926698
58569 1380193440
231569 11352044768
600741 223249499793
911038 220114224517
481103 97906488177
740615 63015054990
440255 186432710223
8986 15265615
321639 20622777051
999663 772071145285
41408 141662036
746360 383171464160
228769 14424681955
723682 266050154992
292550 46378566610
48063 2179651486
203815 2103218756
617682 381530936299
696708 107327516748
627097 317698490524
781166 358946656846
343877 33148906490
517495 64801580829
413942 14409544530
438688 61486744912
16320 40190200
511413 29872587447
9795 54432558
609849 77236001553
998579 590609044788
655553 155788823058
80239 4376431610
314400 39490105634
163476 6334670604
539917 202729549683
540515 221507569073
831846 362494463244
671098 49051215407
286858 23207494819
631898 190430710889
668507 96804730872
773763 41464202235
646764 350021489545
75975 5083082164
948772 661629927871
29925 586397260
69626 310422234
66790 4231928029
974803 828580912299
527595 35712169084
787537 583025048151
186215 12117056280
209066 27822643887
101826 5462778167
143157 19264960073
923667 695995292591
844898 205412906703
198056 1971681242
436297 181612282711
918299 210045430281
380961 37864418796
620920 305344512179
356737 117894682248
84100 2442775857
248262 7444312936
985843 168922775787
109381 3581833798
693810 158538707983
445341 83337174034
81328 3938825091
985372 872161848440
729350 115692657785
307601 59934049625
132678 815584773
486708 151441281688
204135 6788742374
855800 463686815265
262511 38389587728
917397 661782239446
804402 159480500428
715650 254427629575
300206 67307925121
913504 87184495922
786459 601583783562
750251 51660274774
881858 176501602124
672010 248007989391
57363 1536450788
377484 120891918643
88551 7651104398
520258 182272931365
946042 698524145191
408202 138009636701
55392 1328803932
71105 4760744797
385798 77625165419
620203 23717766109
335056 5892199408
675210 344445817824
369651 124128944540
642737 262033532785
735609 32025062908
551627 173539224844
854847 648266127243
772689 216645828757
565219 182225218438
820592 619452807813
351730 122770580215
14222 20081837
403759 135272176251
738135 248778049028
579324 31112012714
897051 383708961762
65536 1819062835
748945 172800791882
92594 7063307447
613597 226669536810
371851 128424855503
300056 57031701873
179369 26510745374
746940 434327164493
205186 1552917213
561206 180752764867
134295 11395299469
82273 3893469446
914313 172182484436
795220 458061025598
714094 121318716034
963595 431048263346
438144 64452036845
766381 459098867215
608461 81282333534
169745 453938414
89615 7655420913
836011 442228523013
48868 1221862181
446290 78574807355
438251 151080009480
876487 721261553364
253655 56387367329
628251 138617192995
912224 792959188236
766817 45358325794
791435 504866024931
1821 3086361
725736 191336097940
152118 22925166834
152122 10879483243
437158 70535174639
861070 144586222165
283013 74321454601
236117 53945843726
411775 66170392030
687559 310632934891
749808 133822330116
629075 360391364068
826057 87227222221
909671 7331714602
122356 7471114588
100552 6912665193
30480 186161969
989050 730256133998
198095 37317790008
896882 291833311658
518767 210601086439
96940 1771492384
34371 704244212
750105 558799514677
427234 9553714235
91411 8120159804
430466 175512405106
538132 81901897920
890119 557270607261
634194 370895216558
265384 18132740171
141351 12473201016
28145 308969692
254889 47052295118
367147 110983967343
758172 230709317805
692775 308657630567
767507 461614671353
75002 3384976753
458722 156124917078
367129 34427999018
284866 46441812057
587189 31040391948
626506 359392821379
757937 407930685219
349661 13112566966
271558 60956419535
6837 35673462
174286 2414920912
903274 490993533062
3350 2810061
61948 955898424
557956 116709942823
758856 313315326402
355736 30114265522
802897 58845722513
561447 72279472006
336082 105507460211
931593 41803094946
793471 411653221206
594009 47838120331
33017 590383307
745458 217941920374
366164 59804409794
146083 8155659514
706706 210438246283
963982 839607960494
776187 481062305824
470725 71476063507
768870 476434536260
679577 373013942438
465161 94357798676
281175 21141340418
66552 1484110589
733913 470673349880
879956 570012624572
611528 18165484812
302268 25741951018
254146 21707040933
42356 667533539
358332 5796216452
84012 1863293458
11112 90370762
313149 36441792598
889476 213400429870
385051 22918697549
86681 415010588
523753 128683915132
986685 737542852389
402161 13648913354
330942 78594453893
349552 34957045948
47528 209478579
558906 56789139986
59225 163339420
880174 26313283791
596470 6051463623
349701 112975526791
762590 36834075157
595282 284843484244
394037 64712693487
644897 238408782151
726439 182238590849
804389 513386733645
844573 441829730748
269172 2030477997
11131 85644854
11270 37291706
675549 269911508270
313713 59297014929
481049 133281282263
986927 792426024520
297821 44442969179
407104 102176434826
773698 422161485807
889274 83989703281
684884 75075977827
920191 217189470359
602747 125159803989
891454 225962142529
484564 77761851730
351245 2712244640
719227 122301993028
126071 1366517746
295006 82205412864
976666 454704172475
569657 99484118944
20294 344411619
170623 22070964059
212989 6699101347
233062 4509797708
550180 123979681119
407330 32088022013
323037 97869347851
811580 137537854707
559633 288928288583
164457 2507287628
904369 143293681924
573224 22434856836
336209 7142136085
129597 9687745059
477078 45066136952
949806 282889069480
254876 61821930731
785158 464521562535
816110 218179633419
807431 578481205256
960271 774814201764
825966 59574019987
141477 7425619072
639089 149495097409
307677 89930858756
213585 34994539613
529263 169728582473
976186 246190599758
237246 31024588002
941960 62833470318
687316 217774190901
595475 47079889879
754482 22069683470
269284 41009466862
600028 283186980317
995122 549866496057
25599 636781418
73620 1666726581
541757 106285234415
668547 151249312178
660129 211239270874
260814 20639368119
432912 113710106214
535502 213647426237
870332 572986724505
4547 15205029
330999 4213432605
718066 76339081479
48228 1404133280
10742 73874829
790391 578156718427
162646 2529917029
837654 672458422607
325302 98402472929
744826 347057544475
508775 164071519499
800000 190871950807
136767 15009745486
139450 1785559796
729740 380012814781
587863 203128625788
89548 5668552376
801728 427190219930
915891 354091778814
723134 149290554040
184566 29937500500
78309 5668525839
883403 592978812378
288022 61249380692
373106 90046746648
20779 334576208
346346 13657178756
189208 5613857070
209183 37407522184
483942 93454746769
30711 145598839
496287 94444791555
902330 137720534727
688364 323091666852
676573 307500166838
9314 16952065
553949 153904469817
401586 91463869832
794101 524702553093
438958 189825012675
726706 150528672223
665299 440808856002
602557 330105282866
522099 79782083129
48400 997290873
127360 13852711148
768947 287278222988
320815 15439039547
312953 37134366215
346283 74052946521
871466 134658060708
493671 205757311515
242758 26772901582
469262 149729152624
430479 174534530457
995507 373345716515
562115 32340108331
140572 14025604260
345631 81920462311
550088 36852112200
728837 308485919775
93745 3731871247
530428 110214580820
844317 517935445942
413338 72497593073
495270 220779657032
543518 265540619084
439992 34000274176
418745 136306992497
957533 521457770743
158859 443054325
168075 15749979343
360588 89949376231
811721 264484715948
505843 63541521564
461600 166369695201
793482 79561828745
193371 23017716504
183709 9452855351
126599 6268073506
785565 596211936162
484574 56681881184
535455 75554334554
166770 17858174471
859183 591987313151
2668 126157
964947 224417589555
673555 281565827871
162778 3141319274
743074 279654923518
129674 9461641093
838174 399862030422
623906 114926243684
267813 1683234999
92921 2226146403
706062 235566179877
385733 22500950411
941495 402849761798
518071 64161251228
971553 605409211632
563248 297891736142
759417 469309133647
642360 246412394949
795497 259304800147
705714 140682530008
502861 131717429206
549037 269315441288
228955 9273565650
411005 114721557027
598804 154550465350
624136 1575100996
564595 180788507038
699325 127362226369
591645 172271247513
821527 447627037477
84309 6454489997
418655 170047690667
698182 78638692193
128788 10062808457
800826 159229340531
487895 14295648778
307548 88182830612
571624 107144695117
620802 62116147069
309042 53272551826
172171 14131987261
335119 69892393870
210598 18318534147
569104 112242050565
82705 2367459463
647304 79761810958
474954 184566242821
583530 259252356092
918277 44858369837
604479 364735247372
562640 87982945359
300604 54926366703
973705 164508698544
55826 2078199642
92816 8566977228
391749 22973757612
30352 529005571
311707 925604567
251342 22222294252
714969 130947613047
797033 335665712226
37031 79674335
288975 17759708387
551431 246118530756
33828 1069355834
857007 429511891836
128826 7814784158
369086 125196415317
47132 1509613002
957894 41233304457
576950 89750092644
382665 61145885345
714056 93461304804
162883 7319563182
658802 218797969532
404678 148110600617
92299 1969654457
937300 24526034433
584565 325295933050
320971 5694194366
313143 6049104072
180863 27377606256
447474 139360662157
425501 70226091418
336856 96622535785
871692 595965574046
805341 417756781987
811751 483051257190
842710 462613428791
62359 1976499362
976728 413275954479
114812 6812420060
412509 158182889374
701305 237306783383
989470 494494654102
316586 2385912883
62453 2284897119
879216 344002251247
551761 219431838013
553550 192361579028
82965 2483316876
461647 140343800273
41984 1103076192
812582 412489342500
458509 118850511317
576454 284618182950
735367 195532040529
303275 48384740540
426095 36947380773
256337 38750034793
554219 126117544153
388099 93335069597
428776 23224309864
283210 21186827853
220446 46662420552
67429 4358624245
723335 207697458947
164126 14712263729
272400 25702045307
298535 8306188742
819490 118956543223
508957 1907850954
507419 217997856700
879354 429287065850
574923 48773754376
370512 48704138567
471540 129487194844
375133 49481234574
284099 37534514514
261128 51009919607
387517 62632684937
729748 480192306211
460699 23762013633
341886 102130229321
754267 118015611091
654591 149346616788
577333 328315986082
657563 425219641453
422910 31717500772
290711 28753251752
179490 13145969382
259170 47287733778
850475 395977163951
69519 850980804
619065 303136193350
510172 168145738999
583823 180624128924
592754 215252728841
353007 63490134299
112231 7798809590
680773 152429994094
561840 273582396230
993206 395936000177
659924 327226199092
16765 224093949
216734 33342403282
648643 183051367229
981044 757979743164
47695 1538451319
986209 787852389328
115775 8384260368
678631 60010886932
520068 226973284730
576924 168888600861
690018 350197549218
673558 159332841877
811385 97300423780
455656 116881705092
502766 95756451701
993507 773674263031
690154 54592309097
585408 174009901033
696976 131342229163
103069 526487680
623516 321728692320
820289 549783112188
189592 19590532648
560633 107427609185
767875 107961588705
427689 172254555839
884349 464253786115
92110 7833544564
123875 12622889748
676275 157542330599
329171 52377968445
435877 68039498307
518038 201796899847
682296 255318332731
597326 110112582009
110553 4706968304
11119 59467259
941215 148030318325
626309 128471286729
324292 38986132352
553752 193548047930
665626 52891988886
337552 21585350869
872414 675497965414
705373 323252197892
437361 183616395872
205523 24408454585
514838 222138113907
19551 282268399
379038 42935151019
884618 456157856262
220531 3609806137
184547 15995799375
595144 277505092689
262876 34411936371
49982 2131092163
703750 449598916455
554775 288481017016
309818 53342240746
370956 27451792990
805020 267848095160
110222 6189371666
788487 16161462250
747787 367141450392
818505 565338809814
233443 50605933336
699471 305643178159
335654 84485119815
561431 143463070421
869102 160621539976
102020 7955607825
592738 5749694462
574715 104505776821
980419 304281722744
283963 15348626109
799885 161659792978
969786 805521024440
437427 33448274288
968381 885273432694
441552 132527354452
655115 232029308839
780362 316377329130
101692 5590051899
511664 67098805307
347132 57963057066
602946 253112241256
702651 65255809824
431777 145885369698
332466 5681794112
407224 88027739859
596728 183529268052
348260 88148190721
712778 336572013801
508707 159291233333
974104 905137086658
716380 445472305079
38047 740004191
532545 28939190788
820767 442040702711
496822 74369087841
126090 15333147301
213892 43948505734
158172 9534478426
359055 41780030380
568106 121289922364
347708 76885474255
76801 4439224238
213836 41108252106
387110 8976835841
374437 18936010995
94096 6650219175
849985 453840993809
295049 73374362445
236397 17306147709
419496 58299351065
320755 29485578240
99444 5413236877
380017 104855512925
436410 343308760
577243 127317332360
759024 53933147421
997137 438243249072
25302 560342757
234278 37430079578
431689 86716560805
463677 117896813237
537673 32276795715
826833 574365839116
89579 523508957
19104 144001598
881702 199462165174
691630 458463472733
365946 94746751139
39298 1272418292
504082 126400307040
272640 50318389109
829499 345701902558
516032 64394498883
595974 10765412550
990816 978761803646
215561 31213541287
578973 60772929426
355861 114412644010
884410 223081509987
748291 96209532952
748789 35641111133
751473 25161745937
702264 144316945326
626074 137789902119
417342 54838279476
563325 306410665129
868182 402916460715
232496 6259556179
130978 13432999264
887187 189737763450
241085 14075230938
575641 268206727613
137491 18259058125
260620 3911439000
842566 578950930871
692230 477572250445
554156 131674899834
237131 43230394293
573628 326456549422
668773 289747560600
199026 21862169386
103708 8862640959
717192 434684468542
433966 92954323027
565872 294888090510
568391 39757190299
46508 1702279608
894223 655015262955
836408 439247489858
219050 37771014593
60487 698648417
891125 418127021894
726381 179536373088
195765 22150636412
725945 297139580421
294171 66802904033
699129 28630626652
964259 691087152678
66228 4089212939
744418 236838922054
460245 58089488124
327920 17730862674
259089 34873342676
631910 390501416110
725278 5522535117
382680 103315696358
190380 16753491125
583085 162843495357
993090 468166941735
130357 1750025547
649529 323115059298
349214 91851810578
882524 599958354643
29074 498298864
178063 18612787276
85864 3570631350
788669 490094464917
549525 169012947221
795591 317275855568
142558 2364856218
589198 98374607128
450894 17171840615
903911 632867619980
209018 7719820074
289133 18330894577
872657 470723107767
587856 297275069706
559791 181769346966
519979 147220983062
653091 366275357959
719364 118788727441
909967 583793949260
690917 422535151332
37937 731371859
577717 80630615051
232059 49671225882
305303 62654544269
554772 222822843490
108844 5823630838
111955 10430949890
168923 2648037845
758407 40704974874
682419 98292024265
767208 330471150350
108875 1967860722
737780 113715426961
438377 155995015362
21328 428025405
680852 317177812649
414884 59778633243
213212 29734041298
597883 328351262351
601052 52774838283
559736 63873422848
64147 244575152
397682 43904152213
745001 333344000414
528339 98734416768
390421 61219545476
922257 318887316785
276878 68810685123
930436 716518678624
37625 136863782
335786 79246815785
829071 40395732748
281512 15226739918
714744 151828014578
392239 96074262400
898378 416567056273
813029 201161919932
686139 3864445858
274304 55498438010
71378 2327936122
561009 37741862988
663022 151756265795
631069 78715846244
258348 55825839533
275520 72867137533
400041 31873956718
909984 822469934867
150711 18447944433
86821 5487765055
325729 71532319020
62342 2629221151
205352 22903264214
641737 262892307416
609475 339174640854
150491 1335544314
401818 144592213622
117001 4674625200
293555 15666303918
