1000
873163 509618867965
853942 619018661666
309336 57419198204
215578 12649298746
993885 544080728414
227205 48249261714
43369 1537084313
302627 11497400870
843052 623078823534
526920 109757214506
476446 4283083846
792487 154945730630
65921 2338878457
240562 35451866909
371479 127246128892
643939 65741532887
97288 8829777456
508232 149570105248
593405 281767662369
620770 129244334492
690857 30469293110
50251 2276644537
93087 2461133458
237881 56176042341
81551 280776463
243283 302130190
116614 4461198579
766387 448677171179
58521 2922477785
642552 252826395870
756813 458682450471
244838 25730271727
826314 611893550445
367286 39657007006
765708 194554812144
397508 20301342812
500372 206042380223
608759 161492943869
377902 27702164703
457696 148198318037
586516 121761596874
879727 703898408641
45139 531047083
198513 13723136216
1510 1654782
492573 147295641032
203351 24347048556
602297 137641882488
238385 14501435285
631117 154674796453
902840 629548026282
662228 58851713786
66974 4215466080
59560 1374623004
867581 141299445448
513351 155967565768
973004 365516397134
574259 41660503983
443854 114428140171
633196 127959088842
634008 115433180463
198473 23654547795
847428 232449210279
603402 30852907069
884162 324169343721
883066 555796549719
441872 75372650226
680685 218273600802
935826 244334230563
157978 18220928314
829052 608489017031
886688 202505089111
926688 422665788306
677774 441686779063
13260 16624439
80493 4004742090
550260 181802587594
873364 461029406505
479153 2678986252
99596 8882356489
524887 57125681488
236473 22241968334
722063 290292265419
97747 7802080477
380787 113047744815
547000 43222768013
558269 121455107278
713677 272018671185
146448 1940630675
67308 1365260558
103244 9131331225
898409 166997707481
914933 245068456377
397846 28466455556
125183 12931496672
792110 266556175278
715380 100611932858
641530 217609254652
3365 5351981
213277 41262343959
826762 264418573703
715417 121014909755
782832 404415402173
527546 16524823233
276923 44945718218
805926 155364552605
92230 1924954289
246333 18190666698
531367 136612648150
254614 418657946
998280 699076848312
189682 20648461151
252180 12814076263
34278 123602209
166605 6782480237
636280 249694508306
763267 580215735877
323539 6220082017
132481 11150599109
114736 2214048396
497289 37089017133
178541 5939748910
291537 7604265623
824292 529179406949
270872 31503806477
687574 332604804433
13235 96199069
807274 437672475910
687759 391055865835
678517 23070031727
792016 263450199065
10001 46490216
265667 16549163325
4874 3819893
772649 25931593056
634903 166686734717
678693 149592735411
339887 45258033467
422169 78747928699
84309 4281204748
354334 37770586735
205207 40051728336
14335 39971008
729330 60287864777
225427 42755666141
29273 764792848
355708 2661030831
368310 24938479770
221156 15784504902
671605 16099316355
492909 178465739110
532411 262531609280
408001 121456518060
67159 2547065590
685884 252242695721
957784 516073065767
208916 41931542756
784998 330427898639
25606 574963890
640050 400822291317
654211 62623646183
371383 135704369429
658730 162648766987
898294 375975505221
218984 11433339360
298037 49904104832
495630 236392964623
699440 488674335417
487223 99627043651
254599 18567199547
950423 215760577633
467722 13783952577
970464 324702941490
783910 154393794226
321467 33475665829
196308 13214230638
765971 450373792636
481575 80861972085
813837 245828872931
704295 300905713359
853001 446446208911
453799 105231852245
57572 3313462834
384023 133302079726
1028 206480
449681 45067934159
173847 14646478647
836614 434157834028
512447 121010927511
506143 28883621080
578667 60729231529
12252 79869820
435067 46193329608
220983 34468671588
333267 11760463374
691645 224850438719
328588 64778564743
991897 919552829846
344503 85255073469
328594 93885636375
4315 15010322
411544 165195850928
133223 7818491449
483269 124301330521
790765 60108663422
51489 452315571
187112 7363175352
999526 366001892195
125403 2225319088
93767 4228916361
222869 45738054306
412661 142616331132
408924 24795038827
836380 34034818087
168537 22872229464
242320 41818362011
701936 483845746528
815848 529843909336
271248 13619639825
145821 4706105739
693823 83923416217
869365 376014223705
551197 216071078137
245274 47992152677
504500 132574342317
387775 56389625075
394313 22434565556
243968 47361079977
152665 14330492437
49652 1145719337
36695 1259509569
807796 106871860962
690396 188357342032
425192 13525178085
878808 195191534958
870693 337887387578
166464 24965615206
173694 6401141054
873346 622810021882
454112 27969379436
282535 43902976584
880439 758608525705
983974 824095241976
19404 322117310
591825 274714136390
871340 727950816244
802878 364890292720
674147 432686195525
403126 142327985732
87933 4469526617
604195 140799666101
683152 200196603136
353749 43104955820
554871 57010249116
962189 863262457981
339474 40176132871
986203 903150839981
305476 18086629523
831900 282340651981
407370 58238259515
895389 206910473788
584831 169747202640
652137 421620779181
605741 230546205452
847663 81503485355
553842 268665945298
400722 56202950561
920670 83784646815
804631 94511198010
561612 181852033880
41774 1474311570
972116 198322308670
566048 16166587124
301529 84458962054
52308 239039462
635224 399470799956
631133 129131251280
563427 29336451715
464265 214182276040
42418 1693650011
526134 128447281844
992123 191856814612
965388 6184771277
672358 123618373914
588179 12422823419
767014 380348098702
700720 344899073052
7950 25723224
516295 253514998210
934118 569589436657
258619 9904567584
977408 475383274068
524960 163990843342
584030 258021235794
364047 77419819713
463698 180499479990
870919 262675413114
936085 266575975238
750588 334430214144
182475 359798724
897902 785665079572
752273 360032016316
625220 235649608326
831511 189719367946
721232 505096483372
975663 344448816373
589466 295800435722
899506 28621955227
881710 200885648049
724044 126311246491
843335 23625126661
682130 302733848107
616145 145964924592
603310 159503452363
511681 124117635546
907195 31123209511
277478 46934437555
731001 200855050941
315716 40801378171
387121 74829242278
977095 632722320066
495675 87596032786
625145 190375503075
896190 598389575318
981991 934095461458
700744 334972645856
799130 183799826037
98507 3231640092
749624 198597551703
485476 85999124372
828216 657581290454
169910 20820124622
752781 403600078660
141643 6015495483
270959 5798691201
209478 20441576034
270072 59653437033
364872 99181656708
964051 83298501932
698300 25503347261
984412 837842715419
786062 162376039190
470350 127764746727
222144 39744780770
723472 375041046289
706191 178975515017
855751 8927867620
31985 897515306
802094 377182219157
569089 170878502833
288300 29276690004
120773 11430610764
504641 227656121423
43090 1698729931
557921 291632622888
676267 143384163454
183116 21729015176
800994 495596181755
740906 434804889925
401611 17600754065
688779 375654426833
356062 93076582075
132044 4150683923
739960 466629342496
720266 293794301117
972220 292800735179
738147 346293724601
658899 331130352759
677531 453739792523
407899 52837896948
95279 3294325768
852317 85411894872
356701 30439207124
710866 110979682472
600944 142592443248
94023 6157801891
34833 435493511
229852 33442659179
458620 137318460837
436776 166059671723
28613 190682831
534154 97667592787
811299 105654672783
957999 99170714242
45919 1116063152
796029 267452380876
733590 400795831006
651624 317026875261
261309 35080821163
595986 158221709060
842335 84736406547
164176 4198685162
946049 266309365394
317992 89972204083
153611 17499038771
921364 458875228760
627792 152682145605
461979 182166289889
942838 705842169569
311888 9070351473
397901 76073226609
569554 200723956171
342163 110086865157
464658 180266531706
549123 29435190979
353561 23369668324
662382 227119272352
410827 72504590481
812247 213012622477
814077 470372248316
770004 254022323997
997516 115131965648
5231 1561667
827233 96746737902
44841 667639233
262652 3188770244
803629 326974361383
618601 286627891084
868699 309634888010
229623 48426255086
907910 41128178586
556306 281749844179
46061 2101955336
821995 244031429617
487958 229282956519
367403 122873791499
629823 389563409992
117179 10645846484
965443 741798808280
394193 108252541264
449170 62779123415
635806 8160585869
49422 1137057132
890881 255774710463
38160 111331241
332595 21675110194
731058 385037527577
318865 82618902069
404186 95148787076
763165 546905528808
710614 204990388156
663681 255074317423
826437 43931109776
657742 302660933628
934321 128119293416
11381 85045065
514775 146345850372
631038 90414528787
337501 70012705629
517461 211928862941
547119 244109255152
327530 60396276035
241949 31432767955
493292 39182828461
388277 106180217409
339455 15760591869
144434 2366441060
864982 115709493571
504955 159618801017
571130 70324867804
752066 368065515858
11375 81913361
481232 155550994587
637482 256256053475
910274 23827974692
67725 4567239042
49254 1422799643
184720 33896900858
672795 344635975106
318304 89484975943
78380 5851177438
644567 44131932566
754162 60239557779
224636 10736524347
868354 174217734872
975307 769285791543
705972 75828477722
756469 559533598377
702325 119517529899
94426 4757515167
482422 28906491654
960864 577664857234
785332 526194877176
940495 214538231319
949167 443567844099
860366 539645271825
861670 357597096861
973175 101342145504
80818 3654701796
117391 8645189960
958616 317320859178
531602 173000423212
154476 19517282004
396942 152721892181
970955 693122556842
151949 4666591078
942309 86311175695
691965 392224263508
455894 103649320389
404813 145137180613
403850 76759536623
768974 210701627476
144542 3508899522
264483 13049233338
338543 6528678361
356795 112718969563
264154 51667430269
210519 43602174487
509162 49719133604
386622 75419574511
656496 42234270476
531448 151235762110
884131 42562166755
232338 29187635335
182900 24630448252
680290 186271594836
876643 280097650891
473439 185467884183
933426 360290316329
899390 353328835068
832875 551006492493
655602 345486023960
127936 13337840521
260498 18536007889
625943 218990353650
110788 9994925450
962500 829316987316
756498 188502768055
680449 410653198492
748570 485906189685
32269 841104310
824141 265415685830
810211 549524121272
91459 6745289829
56636 2472925381
151168 15183294412
719265 500445111845
299891 21457399559
127355 4200011741
68784 1831722017
326006 93630976874
142585 3454005249
908851 433245606726
927330 830515922723
689348 32134824628
314582 15593312558
988002 39285438111
631570 48142707372
868636 249530947252
759957 253635471442
336521 97538994138
890842 566854271595
458282 88591770713
658693 246763214641
562094 4619510590
421699 119623636253
236677 45661865160
797039 617614188470
10519 21271119
610679 238745583982
923874 38334935098
35291 78393403
566917 161775616816
410787 2656572218
94802 7189076404
697297 476516758491
26797 144977143
573184 201236978067
888344 726806484857
867849 320109511613
346428 96667763698
665576 23364393202
833674 363375551847
127472 6676816134
472168 149910957717
794622 160515792038
796304 90356113832
646592 258723859244
612190 157293640215
941173 849593515968
498295 229918129382
41785 1059800489
454645 128243327125
630391 55619192718
648365 77810442995
936938 433737496703
500561 226375089425
787599 365935788372
627998 71889895032
270239 54859277681
143983 19572274936
332476 98454815213
366586 32874642208
350214 52286217395
293510 83135199609
598655 120474254586
453009 140568949206
45967 40271091
310315 49183883779
263046 23401918310
695956 36747610842
113091 1948112238
370700 70467277245
126101 4268847973
607185 82563119792
855452 203616907091
210746 35726849750
721963 167641915464
810794 106640299343
75803 2872822143
469964 14752851004
139127 15946707737
542300 127518166652
929739 91614325655
383919 33975762370
217443 22684389575
13115 75119315
724274 512541339948
495105 22612086229
55243 274994180
681499 196930016741
624041 370903242409
491158 191726087681
10954 9761465
267044 13640516779
928370 435948462040
146268 21221588895
546002 193613056432
996061 847634591573
169861 13785813915
911481 671228580361
639691 77279784147
543441 271322410747
9689 21693735
946803 154831175871
486587 116571262313
103097 5189558438
119434 6560032082
291652 75355259918
333623 104867735107
803011 362736304301
856255 385865406200
468206 156756388307
851893 706111446658
357394 100341267668
92498 2578574061
608380 203238601947
898570 429454388707
171064 7286328720
405229 154579686701
586962 157707962257
618229 74323235077
484888 86879106788
572457 314844647356
281773 42369543439
917985 432506460565
385205 124131405066
540726 23683404430
931417 482248259132
734332 156869709074
312940 59586489945
345987 110794531359
840571 235176392210
346984 57427538310
255325 41959691641
59205 911917784
250744 42331717819
81485 2356207156
556588 86442514725
649448 158479259524
873414 383716523235
456475 196660735297
139205 10994352333
812574 204657519286
49618 1485926171
748211 421953304845
423779 81132916400
630671 319359439628
882476 43357678799
890143 503289705422
496865 119410271875
657504 415129654418
86231 5387576090
987120 364541515891
159043 5921557217
537481 215382065280
675159 249852027246
941905 292198574792
370919 2209922484
589184 218909691428
804860 162455579221
588418 326616480524
54091 2697230811
767307 193055742030
960169 871750769767
127159 6148633587
734653 166042998486
748925 170800060383
425209 62135106281
751430 84281170424
357116 88039176240
953275 191069534381
45202 1513527005
94894 8454376452
181429 29581886939
169549 19906060646
95255 4450519808
490111 56641384979
255263 6317973906
237567 14748579306
310786 14231016131
400572 56032991013
382175 142155646828
945616 469780043651
521271 242636883704
158242 20850660936
639382 272861838034
795078 299506881377
809291 564287465216
992848 985317957848
403500 105955037546
707538 412387528127
834725 541654681469
367675 82248422531
847373 491314138777
105107 7479288753
13699 13354545
967635 750891717442
782348 491538548366
775336 324412872655
896924 355917092480
186624 31873214766
528242 267551789640
345152 54360143141
177272 3264035174
688191 238689981505
757787 164097002584
880799 179573835892
450735 134694925946
219307 25550078663
646259 278362152330
417740 138114712697
869197 542256701303
175034 14722815625
382841 91727000067
353572 34493693090
21165 469580
56221 2876139361
605700 176419718349
684657 393589607112
657106 232112879114
382380 16095611627
939576 520305208354
590044 51844632341
581913 16775947123
836134 49934855533
190752 19531682267
608748 194591705250
639213 16484304640
440730 36289131202
744953 413161870159
487474 141810090903
249855 41658347878
421334 123248125137
776483 402232020024
814683 32275175368
240785 47758871400
494408 10780188862
64503 2867028927
982748 504679925529
287847 5335174163
560547 287672099017
592572 217636126406
315245 28231626613
932851 86453860046
512853 207211775935
95781 998186860
947134 364311268506
417935 65961326663
242845 36718700515
561820 237942556199
632395 123162923309
914574 367804571322
500770 18652786883
150439 21302405627
803078 182563906326
922127 521999649688
429939 126863726651
740250 134307651422
285641 57363879834
502995 27057772867
791383 585149170436
652805 361102154603
33901 432128973
854963 273710976559
775458 62438823715
94990 5559734950
617817 213756669046
512785 6763023852
768374 339255284543
648659 268656644486
980560 593925881953
361593 120910492527
456015 55454888188
251297 35375882122
486678 197120333767
940888 645133756136
812555 589740675147
555850 239734275859
17594 46205158
378881 84302175260
21329 71231433
673555 107705450320
535361 51492468619
978055 222983642288
580734 24777821085
50027 410728917
977190 325181783457
172744 11791739408
233912 16050078722
830652 574389706943
371452 60662892911
424527 69450252016
491502 169655197058
660186 30207522054
696819 78429062873
171805 29298055975
158593 16233007710
874518 275840852345
643445 154690174276
461309 57971380043
237106 34885769238
146487 18758249833
688116 258674230676
585615 375060860
116237 8293488969
464785 168527268384
801979 322927037439
865029 679995097859
71334 3044232276
123176 6810807762
252243 23041794620
570231 209460361070
357948 97422168362
27500 600243215
702656 259660447617
83124 3940163965
530087 202802972299
458820 144221513701
621102 109019686204
968600 922887579433
195912 31001457573
805594 445994547316
151948 14349483968
883839 370716646519
46955 1691577246
203603 19954345158
27746 673877968
970750 391968110744
765234 11619419463
455235 104915875144
507578 109736142812
869689 489326762683
801008 425766890944
389704 88240190263
178808 21331280037
292951 69867775624
678702 130782047037
494080 199314194386
745101 433461653741
892527 300899782234
860740 368001942252
115005 480907505
3377 6092113
721592 92778195844
399380 109338148233
350338 17872089053
424084 49525823339
897055 185571819273
920773 288209562386
738718 56982083321
710248 49278366820
934245 369631050325
163281 18240134394
266131 351304546
963631 145263188782
156890 19815463610
960814 864440684707
185372 10301922736
104567 3699074217
480701 37503359766
462189 48493232235
800966 96038071963
578100 136425632013
59256 2288815725
299324 12677372338
343694 11682140620
788254 237468453544
189495 21419357579
815107 319801511242
999271 700429990953
792130 92037679430
6578 18403785
533876 96709667239
424007 67366371486
688988 194896346853
704229 343482035893
753078 456642208026
817861 515664665971
474776 173169765172
768888 216888016240
400323 133332559016
388587 109278898419
969648 380159709151
707384 436884736120
255386 30860274459
7688 57540648
436833 121380721673
76363 5243239265
996142 756423012101
943086 687039214386
350416 81428395525
513943 43907872455
660706 116332973687
76888 558369510
508911 225938329193
718561 133190588976
299665 76342063621
324852 78360875223
821989 304285214424
981724 769540500375
869078 20268424195
655008 114332610023
901394 675105839321
200517 36521064071
199161 9160599041
905090 391462879907
612719 320766620139
514639 59809926742
734523 264700421820
117766 7990661310
310799 56738157447
334463 66840362583
186847 28579977016
916976 342467332987
36721 1023632093
96897 6592296690
369356 95109655963
551342 6008233512
344414 29573555257
840967 670696501922
163168 16345376713
595755 67072795245
161052 3413104773
302916 60794776701
628510 339416817721
150777 19736489734
907294 574496049095
604579 167887327678
137870 9255267683
986591 352423212491
983602 564075918920
95862 728854521
568536 33580990477
976816 185197352242
568203 148647804806
450944 84447918476
166985 20316240467
404816 103698259155
487082 38662326831
374154 107246634019
656001 305378361952
928698 568310778317
769299 501796871060
568647 22815194834
781086 11584650078
691763 357833972731
789528 556400420344
614158 268696667785
198238 15834851124
443550 50412692362
612497 267606627930
279074 58677528609
29785 668121277
263445 44620434066
342454 79630235851
469136 186234178357
468252 166680084724
505260 40504954040
77660 4486615943
591301 288809075844
163779 17995522124
715126 13946940664
641616 87603250498
519531 243548163573
818605 209775074860
882490 304820828803
378507 10870151560
495162 146225273095
380162 132761435131
