1000
595639 272539615046
224714 33221183770
622465 225535812680
216644 21375279686
939920 607040293892
125280 4752656859
423425 86970842912
310512 70382651854
703775 267249645073
124222 14553132514
108111 7314518486
583112 101357012938
971376 260385065166
415343 108629845654
285188 16790459541
188439 27717159442
289410 71020439518
618748 1128383621
893867 396244307755
891844 471024835377
216275 15430966591
95012 3091496335
623363 52166651952
269837 316970537
910070 424141425779
674823 100449433859
663873 347019208351
838443 525650210079
686738 418100691940
769072 343428893787
729462 403380288796
496836 148949507698
954085 302301196758
975715 344187938232
645258 86297795701
587518 318588479041
321482 3896947986
572103 5480318519
136615 5350434618
141432 6408942575
59807 3573300076
872575 758007813993
298852 34661725913
255039 59565745
395854 102613046334
792429 79143380725
806692 176211454460
146888 14555475508
196917 37711693434
580230 107519038682
482529 221877540657
252814 2180062879
261610 45962184925
68492 1952776551
521466 117203996603
591008 289756910491
939754 473605651333
428847 163966156405
250165 37356449357
75592 1570882024
394005 143271739080
363206 66696568039
709874 218651333016
547308 265568104907
201960 9056188274
624620 301226204725
908579 479417023531
330343 2050503017
934589 470569050346
750876 358633800846
333678 43828703691
187055 8212873558
324447 99514947832
392790 54151583144
349620 32988501358
505728 78359189223
1314 567034
190549 21236779135
95493 2182399971
728135 373806072780
686159 421514565766
170030 27500902641
822494 94352302117
551446 170969926077
655197 97994695843
480171 87877666454
897103 769758307470
593086 246680690539
37038 396078546
842105 186550239269
800498 523213560446
223026 16162366142
576370 317209167711
640240 73715362576
55987 2987483035
541393 84791995145
689243 474998905109
531113 270060993816
122185 8249195097
612096 169689883710
459975 68846739988
207734 2354748148
35938 1287234118
644813 137051492818
158327 21266446872
539052 258890394407
748841 269907767159
299653 82901462255
14045 172352832
568300 21705021187
944017 49504722750
36356 682276047
716158 161190467289
923807 40879667761
125031 10268518622
48840 1224196970
829509 184958692954
655326 77871368256
380828 141501830035
217638 23037930965
582339 107864530259
201114 22360147356
651068 65114414882
859716 733321674739
934379 862141769457
273948 21517938102
809942 370862034875
31032 253302853
372887 72001504799
831494 441448011913
639262 322804513849
515233 88725283685
22890 31723229
622851 154821827686
115384 264994483
222471 34623414551
374613 89790136602
459382 114065437938
94491 1833848923
910113 554983226131
387096 120413346808
559841 172482408723
564929 24016350408
806007 22773037604
2635 4433862
374211 117302106988
858530 425010900418
921596 380178100604
809488 181353207223
63921 3731477097
925815 182662161218
273833 34200023859
681779 424204429333
806932 204920411558
498626 93387766940
176803 31061992935
369349 103670092428
418455 172084287062
538390 174154683696
166301 11409510901
780081 399652969835
640401 180516672847
281151 46883381061
775805 294602816184
474214 123353360292
358849 44001689049
487794 112962843823
49270 161260871
488216 74795356395
639521 50699559973
608509 76697897498
510706 71679546306
916472 784884726444
750938 164010944977
992102 91275089200
165619 6308410497
852627 559844539439
718560 429926909794
950933 433735950426
450035 116054462141
182699 7496294176
743314 437483796297
65958 4052234704
560764 229688182472
544709 210939705566
508058 123427575385
676395 263317342357
546021 15456632967
812092 407121436077
805376 518078747934
48985 2373154505
837000 581198153311
477522 33467822296
627944 118318345454
593440 194082272612
679733 1765006858
461820 130462670275
525526 39026832371
249244 38925624077
446259 102412287707
88103 1115951592
262383 45774345796
103361 5521800047
107295 1925235951
458168 8605089624
272076 67016200090
923203 138436504614
832959 90117535921
346780 30537689727
481650 136024109489
822985 595392405363
306284 76258567515
548449 127978360137
428571 123493936303
196147 36447307241
921818 425575063761
945528 194536190911
71304 3766264864
941698 9806174992
687746 469550627524
323567 32355917803
983844 450762190903
262386 64197136549
88940 7093425327
959361 351335527057
30352 398540269
730890 25153491830
191571 10847955717
156994 4856145012
383526 145337147573
705678 240303609237
607136 266220210703
840972 310476557808
654585 327119145459
340819 1557024453
356001 124962519868
35391 963299417
182581 31849316642
279847 46851388014
278026 67707830946
214516 15550414898
265210 18419086301
199566 3852221360
372815 18865456457
783701 187135719064
201340 22102973753
626515 30723608467
802134 138890071334
795073 610308894488
244358 10024299138
183519 1019252431
760732 561240339576
565736 152698797337
418460 152087090051
536399 240046392105
838740 191601164342
437083 179627430851
958252 384007725234
330029 26355515097
855667 116207920612
434166 177135504021
248594 10718867202
364445 58044386677
933 373899
23730 228564148
195525 9220591966
188421 22182517778
612643 191331751772
52634 1079273369
919292 151642995006
561798 155206223341
23039 391687169
879913 104350167907
464445 139930572584
454404 127310880544
779883 420257221681
10787 82950572
216790 2474552032
289713 9203377021
172254 6283624632
530314 44870422131
380065 3284877605
132542 371088719
394708 63959162313
180966 29182286650
84601 4044647589
213710 44176726124
181362 21580001712
212519 19016213693
305512 4710367788
904495 308005613492
765478 15679846127
181473 20360201848
109912 3860333016
792145 186536804672
421083 79447371477
644043 387664432650
87417 2639127411
67689 3468412164
27853 323378584
563231 34411345454
905268 410793042452
918279 658424717277
392135 48346509524
699765 72703558818
963309 446195086456
899619 411561935669
828078 130496712136
38783 497379309
980979 281767124012
75395 3594970203
450314 114546840803
335684 108275849863
329837 73480816454
980527 222889184631
242218 26741405579
183705 21630989449
827932 79627696516
419051 49861954081
858462 637229137106
803787 112950999689
900033 147776617089
154493 21151911526
97581 7986023211
747130 457131423423
592183 111759365028
406713 78308426464
235032 54895728839
276060 56313319227
715330 87769745184
346897 28768058777
539268 257751148054
331842 69188236101
263969 61341841613
878665 75599528056
824046 411386639197
506327 16285591897
642435 260153845244
200792 23622389191
736704 60611266675
139433 9434636645
600 180040
748916 112055573351
984718 294891984027
218140 32399210703
123169 12915535109
523211 5926194880
743443 43330852449
729752 198200556530
655577 371292716113
170725 10980095772
37049 1351500378
450152 119000438568
918956 185520369631
174976 26209827575
35513 46435736
83988 3768974698
481830 43476848752
868390 440536906594
119189 6170028011
952845 6331161
245920 33432469559
695483 269611947270
823187 603968666921
587819 330370867935
498670 206769747369
13615 131440297
819626 566920143629
629033 60440308219
466818 5493968951
441103 194107097570
222684 12684484625
810372 311035846058
673325 14739225495
366847 81034060450
562942 303493457229
579381 16157233975
540804 8468142629
306187 49068859027
303031 44192670284
588444 124081286864
545962 294126181106
86411 3291011312
799977 576238540163
90960 2325975268
577793 325784123748
677604 41769804534
85874 3375082356
976871 246449878195
975418 708002315692
656147 63833928400
9859 57050464
553265 301536917283
233588 31080105632
15287 151198501
634852 336750232832
295127 72142355173
300620 11078034049
59154 2958033063
776921 333635461083
533035 149570677044
184469 12129105240
808039 436844026866
56692 2925140584
594851 33364385824
322554 14587961721
33320 303343139
976827 268490825487
152219 17446247502
708685 159325317279
646391 272382413471
145044 4646147375
616730 377215456895
60680 230884770
836053 373138125518
833808 566411424309
498519 164194294469
649587 24694132229
751084 557598265205
310975 43006613216
870465 733880146499
252300 39374624919
735432 84323737322
491714 161507871179
813340 540041421025
591815 43603627571
734288 69302657548
666723 410858549709
94772 2550198507
954616 32200601808
331744 1967150922
914262 264377256825
194582 28105291000
859040 137456882669
761453 576844210526
681735 165746212770
153628 22777566288
671978 434867528248
649810 39959432319
561084 307014108034
21049 362116110
253285 27238987590
319241 37632549482
759251 66378307930
160994 14728638800
147416 12718857567
210523 21212256648
39924 372486064
392965 94487016641
77051 1015843633
835028 264247952213
318137 68886375219
235534 41263404806
192777 34258843982
620506 122294469448
874249 747134622686
696103 200785428574
16751 148652386
740791 475752052175
751885 428108230853
888237 48856300871
410037 91051550499
834330 150404512436
479370 79198186320
265553 47115487567
453500 5910999227
886854 580612485844
309970 85952927237
337670 12218298924
152412 12458295764
743865 189020136551
452327 76443627990
267274 4255339798
461342 97410247913
266864 36678878893
705771 193168961316
666644 393779381427
971408 935874179855
474897 141525717615
896637 498907985373
970205 405077860714
219002 20622791130
75385 1149976106
934113 507192179724
399983 156606733642
898270 180009913784
323330 94329297544
180491 21291243661
179494 23678824752
369019 79441373258
103297 5598985987
70306 4935665489
807323 884728848
636905 142250791729
198679 8022150492
679390 130004757329
345975 20071888619
910343 352831001363
998081 899146635532
240143 19179573673
135788 5055935835
866530 579183628733
825227 641369398334
104230 5239092778
615108 291659731491
141388 7966964533
999144 898053861793
312207 6004351454
631149 182154323363
797799 351807958206
14328 67922361
448480 101740687379
369596 812185743
176845 10783527850
856038 107747019925
825177 185444352943
141815 16820625145
552503 253513973316
286718 73578223172
93595 4441241779
395138 89781853222
337998 79762765327
521176 227777680456
60451 156981710
757777 248571961954
815465 371445841506
36748 771508507
959033 489665840968
797009 311913770426
137672 7217177908
335513 1581738776
151643 9321134458
189102 15140128809
21689 100242866
290479 29811519350
519443 195822042817
999434 902095657521
800802 42022186022
506756 206714559970
694935 203913026912
700872 36335630073
220949 45646931418
702809 142024286770
547151 18071938431
625253 247489491444
829071 50955191546
41745 1098081509
761688 98777119648
173972 249848116
348437 16691512663
345823 5666908811
762645 3811610321
454590 198062935294
712499 437890069823
593287 312126585355
458028 208387020916
270138 41263390210
684638 380559954307
219074 20733180020
191964 36452608595
910829 727413774337
773953 254260615082
439976 141380543424
590228 206388085830
852159 384268306160
225533 26667417457
43645 595363790
122284 6699475537
758442 213126401640
872345 726438747054
556195 108107567206
525913 529131301
511783 157615080391
257192 57598059500
907112 793175989095
668345 344505287971
773361 98593456444
237013 10878503340
292726 25413131706
776687 448019078246
325022 89357270964
915818 258071193245
775319 437140607610
47569 1622439579
497467 87603602947
210743 35637493565
46783 1512385881
242187 44748789922
765962 380622662287
313353 20885989158
438385 61109643202
170593 21148008314
144074 11510326267
2850 1404919
357981 88101997777
198278 4378436448
153757 19992340743
813247 125911328091
239953 16778324246
760999 560423985525
56541 1820333322
302470 4404549685
914088 617303913315
528295 219470796837
185405 24835678814
81109 4900609615
622362 59908131293
515737 105695298759
606956 163654638307
485307 184762656071
506629 152517183632
33631 672811542
560163 237725457666
617065 349096598804
97525 8859729176
867876 128525918531
143816 10626556362
930962 90624310538
340035 73611624242
529712 102161655916
191356 23027221582
690183 175313386383
464436 115543113465
357608 12330718117
426212 169542123265
204268 17743548777
41261 822179066
754291 553926734435
440399 37774233167
776363 116626433385
624811 351265964290
246097 10489206405
306959 24045160329
613182 137495434944
400275 69828366264
488443 107787522328
531479 188461397140
498106 169357439664
879623 214336993856
629845 393193104839
768153 278079325594
773652 279250718557
811635 243075141520
697477 288506715166
953800 175310915045
378751 37359633542
245050 3790342551
989045 573429933814
978670 456003545866
307325 12717450608
259934 15219135828
311218 68074765621
483489 95174339145
278334 70774847041
654956 195751461770
852179 439526674819
629275 196634309826
746427 552639995612
40014 754079097
676384 422876036666
39091 756382759
806386 178027433342
430270 178517924488
239270 5288694597
599363 298415289548
293932 14916080259
744370 331673566525
853381 98734517867
403000 158324954528
833130 570838456218
273826 71714025921
388547 142700395216
327789 38015364520
84234 5993592545
38121 388607102
564499 270366810498
890446 356546420979
272240 38349487972
670850 70865498815
312370 7203172227
123953 226997575
181094 23911580343
399143 106609571025
963531 585303138533
87809 5132261935
891983 211066773083
53787 1782767909
622412 106339030309
876479 145137299669
822076 72367422581
600182 173211905278
883780 239716891127
339619 52956377538
371787 93701085414
143631 8140635031
439078 187665859952
194697 20452569806
822023 171571818492
837343 139716896558
438662 117346125073
258563 44944402053
150632 10726861530
191043 18994985558
294825 80592750233
126824 11052272364
498786 188416272870
642273 308175407653
516582 224766354314
909719 166311540470
742084 247939479793
749184 328314922594
858616 441927448286
37174 371637287
238513 47983247406
947871 371253498576
354850 76348091823
386351 91329162740
948568 769714609541
882007 128218415064
456046 34305815525
727422 266643432497
838664 164882211265
227236 24523704365
185988 9246933148
243694 19589668963
744954 386955742880
979921 164939423167
655793 119220882777
33075 359300894
87532 416809530
778221 298164184681
689 140521
730414 381278139962
81691 5794177795
774463 383393732848
338942 34694449091
320440 19536097373
792114 373661187184
112911 2952719655
992590 260201937417
370027 33928785957
2123 617011
791385 325848772989
329558 5789735726
21426 323425447
796610 506336760923
601588 54116028284
591006 346447603287
94945 7233122036
751789 458222139930
426863 112485355508
805443 571451486875
11003 1645318
222597 1457650378
974899 318491291989
59469 1025289132
572019 156323301439
844178 290935210898
316884 8151291319
596441 128472375893
272217 30905659653
354696 28742075175
987844 61901922834
466845 144629641127
265897 28388463780
835634 221140496822
213918 40588462846
581127 141369768495
787109 297174669669
213712 40284522445
458214 33903747585
197598 16680087015
111546 7901882597
605883 215708393944
635109 173646150976
447890 92491321426
468553 179839924108
121317 2430418114
455303 47925987903
614984 285009705481
147475 18361596906
773918 585171413559
562532 268747652281
517638 235385206957
168089 22729801656
180975 6275969852
315035 13327797274
738984 54321540085
943430 691230038612
901975 134432341820
331449 9367068346
284171 11790869630
558938 43988994996
955212 153035206318
40212 1232261316
53486 2015490469
680436 287241406285
558999 89011351136
107074 9794414853
11523 29693330
746625 306732394362
496238 136053679894
921249 313938882353
479057 171863781290
541442 248082502454
737152 433354943607
150883 4171193362
129139 16252027664
558590 209406510431
976469 720970579905
438401 168299898968
334842 57211420134
635094 390999522651
9666 79598101
384403 112477557648
242169 49065164049
99817 2920269700
451029 5872066929
725142 93518965025
481375 185080200832
530893 166786857642
866839 34664433857
706748 320279183564
385999 111113714103
736440 120460759438
907844 551825967193
983085 815018383805
944874 872732200989
312730 73412069503
714845 314297700213
506956 20061819844
908956 342893724740
802835 446603993150
5369 13637668
886444 750945990528
385969 121767679435
547039 293737202279
731857 156177369084
882025 136705556830
139998 18242974999
319881 88528872273
79085 2450408560
532050 191570051460
293701 22321415557
12266 41326323
432685 92166265404
933820 496369916726
729954 32260077432
83478 6881452915
770506 301078978812
880569 198235347118
685460 294254096848
51773 2096993866
751714 518346837949
769928 519674250054
632131 313177856291
178297 29801015894
400478 2129365797
246083 12135315435
87492 2111836340
173499 29456547633
703499 22154598846
728075 506252867327
272189 53118419334
411927 55061919686
143006 14602288279
235383 30444697496
990329 618139854164
957494 496594058846
63200 655080359
657151 178802305642
276563 29609597330
712104 181479755961
291245 15586888267
923517 208584663263
21249 200030307
662251 70314840283
963063 303270943785
167278 26545943839
485508 208308087210
937348 11207228928
206714 2675760086
20258 358974202
176001 565181432
236178 17915951680
37822 378035835
173068 921737741
556 85323
402884 54226229886
92321 3355670941
813394 504053695490
737308 338984297425
42955 18812119
417069 52785135162
166619 27279813823
346891 93294108536
566937 204401687897
21184 394137008
710543 317441832907
953970 139794918580
448550 72497971699
236687 25467331407
326317 30019682987
940484 668691231837
893387 80486865163
281766 57948064756
264196 55297748563
92829 2723565457
717831 156115407402
539787 219960766888
410439 97057520231
806881 637172395092
738734 8924319485
785154 476199191877
752345 42843910396
413508 61151991311
875498 211772226652
722797 317351443265
110612 8207084207
195431 16474470979
104467 3849337671
199874 30343051996
970439 121021104052
799528 549193926707
553819 269339099607
715918 201868155624
916056 213966153195
285410 28625048277
812390 607939383037
588999 200297869670
126397 10974973430
279213 7808907732
870794 481855450213
875064 667411123060
643491 261393627338
357499 117581181235
226176 38418010025
84188 1367894084
614823 273687226727
721851 306205871079
553104 282338712712
685400 175752088612
770454 422741494964
271294 72559437576
481559 113356588068
988865 356284837354
628460 90940072142
340841 112391773250
988527 268821311627
792034 504586769782
641381 24394686682
703157 267902417260
804448 575034356709
790545 490729364432
972855 174980875298
32300 209562789
981235 705183005314
353112 23366173524
560759 204525668635
230216 23104708992
162969 6031275611
242991 51234064888
807044 600713654319
361782 29845918345
232382 49184553480
891641 543196708884
104694 1480234109
152506 23040398250
404257 69532614928
462461 137609228926
581692 300247478047
496416 93747805140
7044 27978455
850724 11765007933
31877 749827651
33134 857267630
601313 192693607416
699629 127809926999
681546 308795164354
803628 453785878521
751566 62587971832
391634 130170336675
335967 20069812182
982695 522417402656
261939 8048750166
988744 358455245293
888397 729953373784
942318 184976643996
500265 198248579057
453084 182703924658
81057 467675925
379875 6004967993
641770 136175896883
300824 10648505575
233903 29723970493
286844 70534964476
679681 106820410993
333513 8546613633
541233 215586568048
7315 38520207
