1000
226503 16146876873
119838 12284872947
486200 112944837152
23005 16934468
842350 158434239368
413542 109890824996
971728 93248017903
339966 115148996205
16791 31206205
306209 72395067583
980683 395673647951
512723 220764503797
834819 640862068423
177948 27961637236
855466 160398575111
455696 101657019709
12706 121474813
358870 100734742295
661652 105417525956
170366 28153870096
41821 1732395252
682216 17845711376
456043 94589338747
20241 221987896
778652 519158287856
623669 178099676175
893830 716072876893
629637 184666855086
626678 343041717285
637817 397080548362
568414 10247695623
871797 373667392086
118149 12230231530
557279 232811596105
56189 174721759
83156 6349609413
789797 258333948220
590687 209743300238
497938 164075207555
49478 18092598
362607 68773259971
450336 74378905717
765662 454865905521
943829 681444774642
626779 375162045697
724805 445444046756
266326 8209269305
215115 2108348537
583423 337070611165
622105 39504141161
620953 76423371782
957214 98156026188
14133 125724200
572481 199669429736
76491 1185327450
762783 47316734577
954725 688615773733
710075 12892581846
263340 17408401689
569237 189274924394
756852 62145938459
586911 91266407525
595749 247132600400
442333 167225951789
827328 635915104140
838584 576332288328
650081 359515655692
712349 287289156644
156292 8166565151
23729 298945539
739235 250872504779
63028 3143155719
737708 165297846355
724141 127701441685
974934 749929742045
731098 458882398289
657994 362400129312
632016 296753404803
952827 797624645662
979177 116773988199
687371 393333154128
295126 67790568661
390052 103272595891
629138 150148875637
846892 134870970514
401832 67936575573
706159 96123562747
465168 65471150853
34782 452862793
867830 514518704565
755038 325167038188
163545 15566629863
663410 130387641615
892779 393746762181
23692 220740128
389271 88399076458
275111 25803252684
222154 4592084303
667319 155105710891
97018 3480068348
518860 71846264801
679734 406445198402
838425 127286970019
545344 24141636546
953533 162287211541
444287 40498599782
155003 11688230992
443635 46892253907
160059 10488465322
261117 64675915008
52308 1845932821
908031 349843309999
25921 416758920
451076 177752191597
223350 8598035793
86658 6028543392
929761 779136057237
194124 13770800258
757915 22666362210
173916 3446227432
171027 20149646880
477754 138242365784
451622 79270138563
147567 1524149486
846877 701485244630
148514 9401519720
750472 31503455253
615146 209846935360
484975 148532951480
960780 464454031227
993675 506698322063
604400 347024875373
158938 17091763218
623527 248117923609
920025 765974780884
17986 136023693
805219 114107050715
644003 236969363725
554602 121764064835
779271 228422882343
383315 65944436697
10290 94348845
1635 556464
209939 31800796342
188815 527355771
204151 3082693989
517304 241832053621
548078 279074930577
110933 1579790348
15174 85579166
444581 53719906543
357583 18660776131
639627 188812215871
210411 27132554311
657643 382200235983
300868 54839036173
773841 305213076433
412494 75037592611
838985 574715497904
779869 286969658648
886303 249293334643
139388 3201355556
82089 5217780304
827265 270186846525
510565 242227875443
505231 210995188290
604677 100068119453
416947 87749053507
632224 53313288012
557503 53014115911
555442 231000657292
972406 468315235302
115703 4359009144
365108 103276893771
647523 279003933926
794076 265977854624
214225 29696375399
66088 3238350593
532997 265945647191
603482 341497666381
565279 184746469072
559058 182352683918
48128 2297142777
11198 104515917
997897 903723078673
416340 51277274217
884045 221471556407
253516 62585526820
679091 67760208474
590581 322452669253
974037 490756493443
798303 590169674279
434509 69083042007
240297 29617623738
226191 17700587231
804126 456680881509
42696 939641228
806684 196408627081
556116 236612341261
666940 267675606095
825575 498958557437
947795 73804769285
193745 12629464759
821701 295222284664
722862 411316386022
440781 191900638114
182438 30522041410
165939 13966524989
216228 22153833872
964882 82643241309
817896 101613190322
363903 70761526637
188026 349536407
20623 147466380
349185 308975900
374301 42218360284
990692 481438243808
340771 108099595670
337513 4051213545
210536 35209212554
362795 114333547389
779343 545131671194
92159 5537370550
964676 572507037341
421456 47221716627
713380 195293566959
592526 200036433627
1608 1371443
878899 439531554707
417997 41501633636
597113 263537973068
723134 146053525914
68140 3368163586
561538 31309529792
589445 340777900868
300429 32898706203
987480 792507658220
158826 1600662240
454626 52745180746
882189 516301019029
250638 6058142707
518386 129510652203
738690 473539506108
38242 454233575
822041 647904752761
996499 528494050183
105353 1179125114
352704 112556633447
214326 6774569402
982687 704231213231
281994 23485111520
962138 693948999473
924008 718179366416
361367 49361872722
84296 6071827393
849310 385859045705
49856 358398778
364855 28498499545
674510 362218246228
935296 288131463111
703103 148286124447
993538 443527037016
334002 7502136247
43136 1525956480
687543 373442567673
613018 312947997630
753408 34986582522
664997 107234315403
205675 25584869061
41810 918777574
568730 92333842400
447817 110983892899
668613 416736228197
185309 7883553316
712714 84418346842
572776 235058979655
560541 95958815215
719451 401398687992
519421 17537635696
915378 92097364930
292222 51904720156
690102 44347903519
569856 233085193612
334528 11797316229
149067 11000711890
478073 94034498228
398589 113982393504
477369 146345165260
341737 80857878883
484601 14799310378
885712 202290021547
704433 221531970573
559814 48757587916
34735 729756847
935920 158370974517
192243 26361698465
113665 7411060355
50244 1593488341
516309 87365886873
324313 104071096950
848878 133915104056
665958 245189571388
384817 62042294836
254608 37037836250
322887 67255375022
82208 881902673
321665 71291249305
481840 42900133932
345452 66340595666
909256 807600893308
562733 43380032098
95603 3912532789
473187 138557934444
462843 180540932711
156921 22135030865
960018 71718981246
761506 335864670146
653829 382780789663
200385 14751303621
718255 454081030785
590043 316553505321
16818 142015436
792416 259898907311
143020 15048482004
697108 60961865125
791999 4523649336
146634 306821378
174102 2229501077
473071 60115713609
724204 232759203150
897669 717122070135
253367 2343730398
661265 344973540812
809031 407753292364
597658 65245681235
221812 11389443724
849136 634349341937
502512 193084205181
809346 76925812054
822424 489502084042
905352 689779040194
196833 14059943061
162040 8890012807
138106 13611460781
312534 91749829868
59006 2185570776
733125 132522562928
995390 769289261211
636894 155369730887
374026 136088073701
37853 165102172
110320 6163586350
145938 465236565
200262 24909446164
463740 136081806000
371989 21289794761
27147 34095301
809455 267437832846
869772 114383921742
12715 66115659
994705 961131243831
368378 128402672262
716738 396171715392
989129 775866831127
577237 282977688878
914529 366207713546
814015 333051610713
304429 41501819441
245315 3637864432
142665 7891379640
208309 29654767247
29855 437280731
635499 34237503397
238129 25613115132
343937 50176288246
489681 164474670540
624212 195552458245
584155 305546892349
688717 87766860710
291161 8047695453
646915 321452500061
930936 159199928811
443989 173065968257
281649 15367813700
393725 119823334759
258675 50709614083
967411 181214965557
431820 90448999956
61247 1738496842
289277 60790461961
461664 182856714100
177981 24865558908
670552 428969218195
647468 366929434826
549927 288846387938
723504 165894424243
719799 59678054480
362375 69289332305
565998 201834427474
329278 64049580709
78490 1815549874
494995 118142586902
619931 327463339953
907732 583099954121
833267 162529226799
307155 27653781038
959910 613634190340
969004 80152696677
159905 24496120089
535362 83993542635
922198 574971490648
786051 159962701617
609138 87837140762
905383 227760690692
130184 8642798380
814957 236178139048
28902 122887325
703868 430519913768
151099 19389251351
857205 475888824660
364213 85933508193
505953 26695226857
264295 21269215167
555141 216002034418
831444 390545195760
827307 442961564582
360969 50564595980
395507 101672543746
660846 204536621024
355393 6776089455
560205 253856933392
264670 67801550328
700913 357320611014
163118 22605756295
822641 413233332893
581751 316423757007
402126 15375098876
359619 75106553763
428943 34881075765
942790 154248567006
455990 200052963888
257519 15578473667
784644 348117440604
610581 205260016819
98082 7404656003
539148 102053797648
976597 320961524779
468349 161733636591
366591 7728727032
296781 56166241947
934413 576908779984
14211 21763722
890606 78172396978
932197 829879548753
857482 291597335938
326963 95073890719
300053 80696285823
418318 39793228182
290144 67776456595
199228 18596256330
785768 476379155474
149868 3319597323
175934 2952419173
905678 558450333197
929189 738734610842
397107 2458272158
936440 867809512322
189055 23226890352
345130 37635040053
404245 78238197513
866346 142093178984
691656 461160290267
666153 356415907598
285444 71040882826
169271 5800375713
300204 10110158558
480537 103851224478
507717 180290312879
284721 18258695390
899753 505056899703
3254 3964749
760931 330655273566
877391 512364202313
536770 11579592738
629247 219183207161
563127 132972009795
806491 594521756547
869137 50439052652
44242 117171400
12175 141911607
76975 4214350765
605582 64899781380
745390 134681788334
522575 33220087414
588367 241339260511
19005 48581621
592847 99595701002
525457 164385185732
193757 27328702302
674073 74005975576
157870 2521154444
612827 65726966801
145938 20979050041
622422 87516272164
810533 8367169205
331234 75088508631
508716 171432748964
612291 137581401641
7425 20292201
461055 75013261359
541823 168989290070
304178 14829145764
169852 12672112458
741930 186179645170
459579 90156432841
50835 888460200
734487 208415807730
120677 9425349523
563567 18179323478
814432 97904642248
314866 4976064416
386576 42379819800
36737 804791546
742357 104136765381
53190 542631919
939031 436429936994
798708 459784654561
10999 5469451
592603 210669754867
382256 134988776184
944049 549219621822
177468 30477282128
508173 165584571967
806585 430785758588
695361 475121425838
549843 162075937779
94087 8458089262
831259 106711763720
648116 146892511286
440028 101170896862
144594 20174906308
457594 180426502008
593360 79675468791
857308 139769472421
580437 246918180076
762475 226985451988
16513 46736582
59153 364261257
216433 13575855869
935335 626933901181
773435 387074982127
856248 58517811041
561955 187327621485
173376 4341029485
828447 149400240562
880569 682625310156
653891 273659279391
23593 383986310
291444 40549209028
2208 3405233
857786 662928032910
218703 27893430794
644273 228880744404
699604 350052670205
557373 71362127212
665238 99184872342
136160 13258290771
294655 19409914517
738280 377228767088
799311 97377844221
117457 2362804689
324393 54190624118
582816 307216261553
63288 1855538854
831692 329667801357
664917 134358514667
448841 11496227170
752968 566194394649
468280 46379107604
301672 1841952548
609488 69368365814
589355 57968697211
930180 209860029542
705894 7252130677
790557 500033798775
359634 98074407151
365564 65560933600
564613 111300467044
596910 119099274607
621670 3355376927
779675 310700003163
956580 167361725844
361851 82608312059
326467 59308945026
326252 74016686356
257000 35047466959
922597 824802530347
905906 263434119524
568417 193087921698
593562 337113457589
755280 439512936433
80630 5730830069
190537 2459816660
48138 186254832
872795 533955979747
785451 402927478129
515140 79035969582
686724 60453404652
680817 236037823851
916869 729260994734
909690 205539006412
468026 39477637694
104789 10678700036
1783 1186864
727205 188998181090
954479 524441896463
900536 121291796046
110011 6543133342
95297 5843132850
627967 277688285598
152691 7509942198
745775 71520489305
539917 72202163133
485400 107661788117
581502 161773272838
575004 291240021270
554968 58144186384
732741 354353847202
900748 675826193691
300423 15255804947
954592 554842447159
101931 8248412241
714313 85505569152
420807 121394565127
512817 106882022694
942233 638959202872
671361 135467755618
956020 364576711682
610240 115376107473
556109 280195113916
97559 280211134
986464 143582976133
740913 503476333932
266244 58887410972
484744 5350820748
15317 212838413
508097 106628279886
601963 136450296342
369964 76920629068
267033 2001648091
751415 89529187326
456264 160873168605
849437 196946299504
525940 8054234534
321581 65051435873
108704 6099117297
640002 69502400148
385268 18143143042
949805 758580868947
147593 12163699509
964832 286732879384
131153 1286457541
902606 795225896434
769885 91777226788
448574 42124969219
897614 549715054683
504121 50815581177
130725 5881059074
823545 513238120540
428448 164561865464
48808 1633707993
663346 302450968229
447510 43750204930
142945 18950935949
639872 223808929774
540134 58929518688
681844 158914434970
806374 88111374138
506603 74246649463
921541 158980456631
293480 36860033214
602753 176566205079
309604 71540918357
285869 42305835671
142263 62699293
987234 494226454471
237312 38280947485
377289 96404542508
442608 83915113276
595993 117513284584
349949 119364767219
518190 62348864890
836518 454741454557
921132 149231928168
232848 17805275123
49642 198231482
962492 247872197514
85632 5218409759
50738 638832422
79214 2997404707
254008 35661357288
956022 229448116400
528601 50566215441
960036 231426677111
278496 63786382673
534769 145653160098
422911 52068095340
890734 99012213933
712541 402380465835
386618 111037984667
547766 63771466429
941669 180718826033
606350 112863466466
148368 18435297052
631501 32223415408
81869 46819940
428464 174746219138
632941 39209897722
356457 76254148237
650895 82662828708
355182 5158932375
900373 116323092818
724518 184892124123
814811 648447393234
812257 365989631093
194156 36116780112
480323 59357064235
723872 381813965823
200720 8922895322
374074 93544142950
181288 12377931700
476567 83488231253
864681 61599905631
723656 157265622508
44353 197673536
422765 116401024674
976153 674659263030
284097 15148104619
938616 82197046251
56624 1657972028
940885 93339173809
4353 17098895
147260 385261018
973258 256827118720
186295 3625482894
632674 310171159576
729409 121954593988
374018 54874688419
404213 161594992915
126782 7584196542
332269 39775857917
638145 160042142926
614498 239353871541
283651 71308015819
475017 141440516163
805814 519497656519
646961 230729112552
664584 114920776736
270226 48799705183
434231 143830046805
267342 20711997229
160321 13024552805
89880 3432742516
867521 45368313354
433978 99998640742
678636 167518686123
301855 12422491814
50751 409712071
720467 486392159018
886238 541619290950
157755 4233203008
475145 49554254220
467063 199768377577
227179 20844667522
824174 522726071757
616682 241346392585
427129 8252105543
233626 52305768168
673256 86655572092
811691 51690465122
462488 204102714597
17457 263508700
800985 36808084285
219419 28238064541
493654 178839980670
741657 424973005583
25838 485324014
169968 1443645082
210840 29836373675
603635 250519600738
202611 15754240939
98617 9533606883
647715 281011780132
629706 324868671848
817207 487084532387
952986 907024868044
777902 588169218775
192515 2992423133
119876 4116339338
891057 553346677947
798934 318972214042
543814 161342624087
506677 125329119526
976427 42463295078
543513 225505802866
258260 7257651032
651447 297754470672
353976 70406711300
552015 106407810364
64032 407896526
107518 6448287967
735367 216600261841
120367 8831704015
552186 146059467481
661417 300512451034
18734 128617060
897674 435209148800
884229 485365683983
660355 84868724136
690117 185413319490
646636 266903684033
672654 228002993753
246773 30795795976
167163 20829981270
975199 501845662876
512999 145613338602
780501 286907113924
897098 782199518522
496040 161780643116
656370 127630145126
41780 543751289
419489 78963197633
903242 157716629920
650981 383927943301
391833 151761386274
559522 225047965138
35113 80892153
637908 186459321522
358606 12429579886
768109 100528979701
127364 9081171744
470126 155053424254
588936 133303749695
144901 20216547920
271885 6731059245
566483 149813218211
472711 101595259266
593240 327335203164
522925 201366203611
136076 7791343176
469415 38183419841
998110 493298082602
802231 261657029775
106782 2013619799
542240 216162139786
701406 282887063864
152720 10149856492
90452 1898029814
393780 119225846835
754602 558062379242
293366 5740751936
448293 5367380069
312808 60759572499
921238 383200155142
40974 406499615
331296 78981465518
998716 828076907265
451588 45555057156
153801 7683104493
208873 12129361009
99167 3863408112
785218 463962164427
378858 115065970326
456155 101556017743
829774 302283348258
191733 7390911152
386583 1931248992
569680 151573591301
335779 30597866630
305201 25459309127
625483 358973577501
202283 6102201569
357173 75420748033
715360 241436640447
553108 120100161218
600540 312056498287
818579 651128752527
527341 130779147409
632374 309717980186
716982 429515194620
457837 88059404381
797275 533442187417
610057 147746577863
183030 9659914231
737716 336085822550
573981 122912168242
764345 2258637179
550119 133330378757
752577 373539123265
577583 225624594868
619091 231827330711
968773 572426997147
937837 283991184610
148794 55206339
981759 236817604614
282573 75063961948
278865 16244390090
93092 5691531433
704120 181776936777
790713 14734564723
858639 719085398784
347964 14989811141
362268 26199809229
563216 129643506861
512451 240059638069
275746 56042199114
745702 531058207573
907131 55933923306
518836 98633640707
606913 82500536717
926760 109692578716
60632 2007005512
665921 418990876121
365968 39348653073
248029 8739637125
814414 86495676176
898676 168641288845
296207 33058716728
820245 381146575140
392126 137145902961
401730 18439725093
391568 18428463789
594194 281175859877
251962 63274319866
583361 172263059860
432869 63664517832
249438 25978432305
108466 1459494323
399292 42321771818
156239 5032377367
31269 283819202
756395 224534365235
685846 437288081808
333136 17011132256
849737 84938758951
127191 3680509535
15364 194977099
927410 408465072987
948729 821001323652
393016 120352941737
321467 97340245158
573631 234698767240
170431 931720534
439234 124639546346
446960 13779685979
170374 26540521427
521057 147066462231
186825 91971590
620116 327623878069
777821 18054130248
882149 163399056228
336555 69911889255
516657 209387964687
196031 25826024754
559236 281351288426
852045 370142230607
507447 158239504308
142722 869491416
744167 159453712272
906643 795737027975
989631 15143429471
924889 588968743907
621655 49668881660
781959 245331387849
511399 50494564900
323160 95272446223
113762 8262777809
900094 212279507776
869888 554185753434
928086 42111668391
630042 303148637435
532380 74142732891
409053 103102697110
726464 292348177405
569134 317012562470
428425 55958467872
992744 325625264314
798614 547643404921
997393 846260393365
166787 14544861917
298775 79417684772
561470 241413559774
718869 69789451384
357587 100018520165
847974 49833521865
68839 1254571590
764896 69328829462
613381 354218140862
529114 127958384213
742522 47270296145
