1000
966207 220627230726
189033 27942509416
771996 473464024368
785974 63231739991
653465 337744299803
338248 8967475052
703642 225707884447
651493 20579184961
528504 95040802497
994488 598286759207
718323 194989402553
440418 78187619676
517785 162172384346
764874 48927450370
83425 1521081230
392702 111595426191
594683 299549411464
377635 29226064815
682503 42285671821
177133 30919383855
157774 14202395231
633218 282179524574
639470 124035484480
994200 194660944764
986563 542606613388
398871 16988697076
250560 12824774027
345562 33898309027
641051 73115505274
853867 220160149287
496509 34487777702
276637 57357530516
427899 159977738618
85910 6181895821
563847 82653234990
76129 184032621
248130 37788275809
616293 42824931514
94232 15792754
913394 462503710574
226511 32711490212
708649 349641724653
991437 711179321834
129162 6195429934
413423 93779203151
57798 2534957700
808178 561250784204
774627 506468630142
46136 1825521739
248101 44690515170
974472 619947558169
596496 251375342931
710670 489822934121
160723 2730784649
877011 625901279997
933056 57936388979
54815 351133986
665479 402938549047
620949 92058461606
644382 60198731951
953336 298585014193
136252 13037638830
394489 41465106910
795371 602186188039
704803 317979520518
82832 3589742064
388867 140334907860
530134 49131980302
599871 15422011651
337395 77351470256
152175 4889051746
253020 7872047790
887259 736569108620
244552 52953174278
912776 238543982885
304999 29988154245
171059 21252730950
317270 65608312933
50292 987651263
242998 23522715262
90727 6870535288
893789 747565574028
905625 667893642682
694800 335710347075
823931 367077570313
106586 9874102906
2617 6724177
250045 7887954831
12927 77241670
128421 1591280068
259069 27169265810
720413 331855693857
286391 46797124798
745369 245398078975
889650 158929724323
707473 99132539013
713060 198869180453
189176 23042280685
565650 301471144537
904537 704775693458
41888 1383496109
558063 250924350213
584844 21103459537
433832 64930068844
404597 77931884737
863554 204758759678
589932 45705242783
989239 377003724933
303583 72963531574
5107 21053079
520529 161249144997
253732 40729839929
43616 568503130
599350 254342845268
67452 2144612883
619174 306980355927
117306 6791941792
822267 55607883464
988698 851606262347
743845 142899959155
532708 244210305942
613563 54671735404
794678 404102944165
317755 29059611972
388604 17365039597
535834 228056187454
329894 62556652091
153716 6287143658
868521 212630879841
615884 172312745255
50498 2435138670
959897 336472898054
98555 2564746488
107358 6500635697
245052 57628614765
417603 119799302828
614034 32621253816
686483 135601016038
868721 262468353384
88994 547378821
4734 953204
899356 672370852687
166796 19345651369
165255 19350215099
696521 61904779742
364593 120465580463
709712 69067256833
845836 20165533145
902131 20244172229
688938 337331500194
509352 107645365779
804735 526612818047
591909 110238863180
48292 1286130992
958706 178080283839
484569 111670229661
907067 17129244257
567015 248508508609
900233 756231621238
999048 137401982589
632103 88644011961
533829 105932540299
413240 16128232739
305700 88943141169
707712 461880476343
696107 41427465447
466594 55765412573
314604 50994110515
58287 2211979043
293316 35591276443
627528 135567136830
911738 154539873422
527267 22147627637
51891 2690978004
529352 39103367798
117437 4416690171
117278 10283871211
60006 2710202889
888773 631641697096
901463 492107125046
66134 944817953
56407 3000330437
504278 113990943380
936429 268437046228
709518 270843027565
92970 6364783795
416760 173640103888
683457 349484009942
298240 17832825748
770465 133771294164
629588 332326416960
703265 424359613253
466875 142776881368
668812 421134111813
41540 1364006829
445856 91590288084
186333 3635116067
778608 422204613794
814892 226344638516
868924 505492110095
922738 847163119722
973771 374336852682
799712 32697476060
993881 312761919195
493254 58271456553
648050 306141063339
996785 539772495836
147143 3107054151
418450 151875514046
834916 637485784998
575051 73277765245
605999 295681036008
5152 4540272
335379 56298554715
903404 292980603482
182707 18518392647
190309 32172459096
161701 7004150267
616960 232616197150
325088 6465774806
306763 22519188464
156405 14685518259
395140 22360541771
904277 656826259864
20427 181675840
756896 149804788354
80420 5274921896
220101 41830266179
981399 880644431639
601217 40258643318
77801 1557625406
189185 11910634872
287169 41357240023
811395 114392690917
909754 150829800638
532035 116315383663
666772 53949838650
359485 27887438720
498351 102238135133
580688 67166994110
812930 263461316462
18826 10854072
370515 83624428620
633960 33663515868
976691 736772201111
261081 63269982743
382943 97132344828
835337 128667770420
905295 235506297352
283181 69960001807
319291 91664829296
572946 265470613140
483240 126339093318
309878 7643460740
55698 3067437805
935967 171341748949
150501 7691957821
726554 286775007596
387979 47775349888
630384 143729834400
782162 389075554973
917872 56575456974
637994 273225207382
836634 106659375902
191501 1146571939
490718 139711792640
131302 8716182255
93072 962878661
778201 87791190532
213842 27007907721
676122 127879003404
886858 327088303651
520075 144962999478
597552 239346144481
146313 18814092368
121422 2237994373
390113 62363797293
272556 14406861857
651280 90143356237
835173 517371873622
908711 189650644627
279438 33667307550
556200 95209228809
611310 77544948424
758061 431813287690
96840 6899904785
427049 56259846461
615146 319254092915
49538 272669480
833714 236642023337
551972 255896293160
663662 112565297515
455599 52212575220
494325 120824037384
417213 131211285329
517029 147928217207
852566 321079815396
102041 4052066278
416268 122835238212
523010 35663546032
928118 214653511157
5630 16371382
566190 285607956024
953569 355399369356
832144 195628110218
129885 14767874637
247529 4179379317
51765 1810877253
590156 116647550972
196290 17494334127
309620 26059480133
717680 497526454400
928930 499317247289
144802 964037328
556409 189333840381
244727 37202177257
432330 67771510011
123105 6159196657
916522 226524890315
370072 130652976655
134772 11023608531
282494 69295776850
629057 243214147641
252941 327740726
934191 181590956540
556033 232523212295
31728 101728153
610735 182072943419
628261 10921351677
184835 21517198473
668376 405878736612
315510 58568888299
602075 275300863804
548507 19123407043
575197 163735324054
22790 263155327
603378 23267310667
419325 137652761387
363600 35636921785
652391 311352995184
9329 44619763
78996 2671346900
590391 308501367797
735717 85196550621
694120 416254458543
337398 34492849238
942730 614521876071
989805 100905305997
691373 261271231999
355046 60015040161
540851 281921549449
722582 380239044339
201795 23078999960
159188 7027566808
224357 43354099750
746890 442719547339
101620 1498159836
16142 128271125
281542 35390322953
570968 129817845813
634482 65069387493
975271 903143481765
176781 1126053992
319609 39315128872
729044 356250681302
871329 590769754149
575876 69844044204
136921 9205495480
621094 89191458679
959289 891263424583
167069 15018288464
980449 891641535103
137323 286280223
567430 7012766499
551113 299226553076
789140 368475783861
183531 26692715393
641919 323154956388
728731 493398583586
614495 362033619460
827332 510695746697
680042 64548617947
311475 91147557456
808118 588972007438
656033 106310321851
30499 20382635
98847 6414469887
959902 575126142499
797489 335751340086
334165 67172124977
138378 9719030802
731523 31071410445
753073 263043524406
392773 406423280
915508 48502111737
651195 390732826831
723641 9439754723
457672 187986237482
745669 300434904362
341452 53833012743
659565 85542026940
311766 25966032145
206320 20091933065
461497 148534427230
559210 256110482395
546899 188233174925
475924 73515462209
741587 655172580
26567 85345385
264633 68278363654
579850 74249804198
705079 481155154538
440572 55514250464
215069 10134728944
995776 637547027703
700103 41728971578
719581 338347843503
668527 353087756222
34452 643440449
897020 167328488250
671955 412359451557
461919 4301728177
639927 383353646545
574242 111089863905
93323 8048805571
552823 171544639476
984311 220142728233
297452 42974055364
420986 78365833665
747647 518774257736
902489 29853001900
207761 16436630180
419794 24157917266
680196 292834446340
131729 16177833795
135045 12447111580
839317 78036285341
941644 424881151543
973294 619600113921
43712 979758985
204212 28352604447
949745 739559490241
25774 277913630
433525 128169693017
161294 15668487704
828189 251698017562
988843 117136122392
79255 556078615
978455 429576343518
480480 151069645855
945592 95848961607
204765 26140924220
373524 64152757600
22361 368440071
10791 19757948
934688 115382586759
773595 1356562756
988383 647392882952
863482 624534372453
254559 30706669723
967736 204621582390
108889 4329034888
820579 472747736244
337064 88524201768
141298 19522742788
596429 152775794612
115792 5683787836
599323 341806617625
664984 384617665293
869576 468562094664
41789 750254195
55643 71015678
170825 19573912707
183436 31891011756
358362 112266722995
741074 51235894816
174619 23988532330
524746 91184903698
956889 398389639521
705113 49719955587
539724 192071874811
838163 201105651519
942427 722037428374
214586 31945353480
159976 15247098371
453844 60464267053
105453 2659920313
394347 81391578364
622352 332468502319
820250 454463781624
811282 299097668171
697775 446584634942
749176 528819872934
435856 28212743502
193209 17117618643
906489 489110146110
59377 247528850
291682 35617153181
962197 857701345139
795745 122659334015
888681 259048395769
414674 18474307528
557987 80687413876
992057 360013468370
326305 75163160369
539308 184251544351
780772 159023809365
785200 316119902456
501303 154863331402
580007 121018320701
578752 319200590238
917640 722100297346
216224 14022866366
808397 31912880837
91458 6041528262
416379 4111241140
269037 38214870524
356428 125651135206
947835 381568779665
373229 33124741111
831799 500657581570
830237 357974260628
127738 13584413072
617017 332797060978
476466 535191779
225972 1425632027
220758 33684546812
181974 12356722950
854335 685595933666
839252 5949499497
852126 236651632007
605951 149763659590
735316 516902055463
940944 53690434608
844941 226742218512
73755 4531086076
598657 216198537459
804052 487952698135
225192 831575844
609288 52408378111
934894 825905880211
332780 9401534634
330839 65365675417
637794 301685303874
612624 66308549442
302803 16915180410
900236 787500882951
776158 336272983408
426155 82847483397
895444 515252570900
314277 85218502150
630786 62646923308
260827 12257776482
832499 395011110512
158851 9318282744
363372 19790360155
301360 60663837370
893322 729431972130
767868 514623042165
533157 242787583888
87888 4954036159
948066 53523973588
420487 87041055341
404178 92687432670
782037 309372090018
311732 71560115663
798124 256214981647
414864 95584196037
257020 60709855870
340753 11754652239
54021 1885519575
160198 13515624429
478315 69355792846
109395 5128698174
969038 240728225312
305300 51497645653
351927 14916376396
542139 142514393418
502286 17422722163
483635 110412963499
243729 14066930897
710054 173392424043
647795 341904698951
744903 121681822544
523827 194276745839
926733 467792374459
989373 366755021650
560448 57163546385
73532 4243286940
26965 597653178
925688 731506163362
200377 23683414224
64108 1925268142
92068 8396321198
91811 2413858252
674500 442502590979
957922 546824575169
175816 11455533822
70061 11990515
891089 642429629807
660275 341483212762
921015 274830787062
147848 18542285031
226339 18466741244
994474 2246090254
918967 799604905733
85873 4677015261
452622 56515281061
723220 496586933806
409042 138247311126
216567 11966568837
846933 80088408977
342345 43470140622
102316 9023673674
609644 214518694590
43548 1278051358
206723 8665632482
792840 296730216641
169170 15987350715
891366 60052076947
91550 7036899398
501199 135376329028
431823 54847375419
311403 20392915132
223902 2559776099
776536 75574102774
922732 693465703424
178571 6987586493
173235 7779085992
579048 304614011868
317013 44079308806
504545 190646769965
16428 80630583
28126 240546771
850575 176259529104
385981 57484483485
806040 441267869635
984455 514135580018
631555 191544355881
942538 888121360858
217061 46977572822
44378 722454050
625179 161456727827
759767 377349392850
633232 373988591074
16017 39530636
873055 313952974479
812070 24511715834
419556 59339825932
401485 60923179113
104996 4299384610
847180 42098459982
398923 91895445754
232914 4240327194
261446 56956969851
567462 241724545182
775410 357607027813
509518 213883613580
767027 284674554689
800231 72532167808
307490 60162928751
848718 242126372411
700488 430832701115
81146 5461404022
250695 13431974506
708398 119603435684
513042 60657219746
113886 5704072778
181428 12890541318
581976 270301592751
941155 175285425396
583539 58067867057
929476 331840240234
433666 177859654663
158431 11117312134
747016 120214837304
864825 332502961423
771301 158775139315
109522 2115470157
237649 47788570971
485238 155105441469
901774 317712370324
845430 12644966821
678728 77633340525
726641 87854136242
23467 541740417
481808 8130744842
999077 753830855011
331465 85409171467
624013 81600658964
3011 6710127
697578 388336806288
328092 12267326708
14292 137900999
813328 16603656401
990650 767551886073
421171 30724511186
440158 127883616772
775292 446101367737
226100 37139452875
890334 94303487637
742450 533915622408
774722 195477166690
989433 680783862217
950436 222175400606
951689 9015237628
859171 704033160247
278458 42634386669
155846 2751963361
318525 95551586134
414710 56442859868
748671 328627242090
650006 159902953781
447533 50864229879
897185 115628407359
737079 320577994087
627457 345201333602
194336 1094168480
989660 561382241708
83370 3270985141
717749 339427279107
607291 169319374432
193594 34505159848
790928 606601051021
708890 262825666331
150961 4740475192
219462 8205609980
376215 18491671822
142908 991309582
171524 6221568948
715219 120351735769
433318 16342334711
392183 32414605557
11616 75645495
545803 208388830322
915846 209417489144
779593 198760301312
542631 99152654007
707886 167973321950
431255 183655799701
110214 5635365280
816205 40674589042
602151 68927907141
575495 224124422983
932999 561806341893
997121 971665204813
455687 51949386031
167406 16726633367
340 76969
631749 10693975250
402100 24948148964
25580 500036262
422575 11260272402
677878 244481166647
128129 1706649613
966041 911506165727
252017 7822006852
58038 1807338241
424456 2157308744
242921 47827141794
410590 15637055049
401173 126958420322
158380 14434431447
446442 24639914398
822444 362633959633
726783 276744575021
743471 376601582339
48128 1793528533
862831 480576543058
751996 115933638720
12535 57375105
787155 315609912564
418463 156865691033
27692 78821875
984308 844964071514
553516 181103008989
237533 8746450148
10192 33101433
456584 15635853259
226788 373900113
864001 659315275002
89788 336109182
221222 36483803309
743617 444730443672
270391 58534713808
817788 565319664550
834114 62021118689
131698 16352117119
186187 10477931331
138084 4865431969
410210 64774152689
886173 576133326385
288917 61823025683
59607 1210571856
91729 2890660188
76946 2878703044
889983 455991359575
194056 4760971516
439703 34952811465
257519 36972791258
546053 108847545395
212870 28677864694
306862 85916487971
359586 98262205484
675238 32937095006
615434 354750442385
89268 2331495778
870515 550961140898
395750 32024002547
248084 12349491129
609778 17474271228
537814 274439685304
321303 29192317388
513723 78746493826
180492 829608266
167111 3179044242
311618 39452628170
582014 46515028793
671356 150258944483
293102 24507565974
479783 70606759154
116265 8873775420
179672 21114116312
297308 52179397059
442441 151293421919
29591 188423776
81855 1125555090
613255 237035947227
937001 595478785585
814211 325811617347
123923 14586145050
767756 566696939842
756579 90323516702
847413 611996429573
810812 108394380224
963874 525705575707
641401 50584939184
332838 80456886596
713151 177900114898
328265 36547918540
646641 72122135216
540994 267759416055
462184 48500118302
474998 208492428895
46014 1329382992
559553 274151738517
65452 2363127291
184618 419871191
924655 305263756946
232923 22895136392
803974 364704009277
5475 22631751
697088 477443717678
240940 55519204185
716649 77637775869
731967 514408856762
372991 78437463286
22938 441774484
610057 150950337119
469415 109076290390
87829 6378078688
5194 14969191
865994 59160263507
105524 9929509058
223932 24328180076
565532 307967631332
530633 128330593321
122640 5438936607
640843 344429047657
381014 89867887656
100873 6228231171
364409 101935810392
977381 124190935610
686594 459539609596
11562 110868581
292443 24809016464
343791 113489369953
630545 207259544988
450149 193368179663
5543 14309190
674947 409717075245
538002 136742708031
100972 3141605613
151962 4145990756
725902 190984957013
231267 43329503558
584468 136886417410
304562 1906958052
361295 49681719550
813412 329974776358
353660 58338066243
996488 515891818519
309274 72661268743
240118 3066194014
35399 1116262207
217622 45679799482
552807 279931167394
775953 379099479888
725915 87050421374
693089 121638182057
592380 79146498293
893270 722435559156
475223 207184350697
473142 180819197798
574416 20610011327
587669 296283382131
736884 216891707811
188016 14304711804
559162 25861519863
536442 286913231085
158285 12687601475
116571 10979990328
921760 482807920174
54460 1802620263
264253 57669487496
335043 76753740045
487895 86168369959
639989 133576940517
241206 24389396926
943764 823944830534
191222 35772387665
592907 9457169519
166800 18159380134
278382 62273913613
612558 160431006081
685708 448003124636
148765 11441662833
929305 735223076923
832712 497035871937
400214 61129185230
516898 10479993663
498371 112391297346
805022 111805128846
318753 75787537468
868687 184341775329
862948 306383531020
489291 167986897160
873080 278293459537
144755 16933612776
576246 203065343538
419401 10611803200
988108 728338020362
606543 206633914421
484011 93040798757
129035 13060659472
328499 65485494050
193112 2431413412
208741 36363358660
85118 3369508802
686548 225332938515
822881 431865458798
438679 64152568363
438824 66630211152
20764 393229733
672569 22917193619
316729 6812010809
639725 288277879522
761076 330978611936
345027 37744243305
256971 18128424368
287829 71570455527
49721 835276612
675009 324100438166
641334 126345613568
1794 2888834
530276 30851351463
835411 178542878610
485444 181374316746
110135 8203895902
711720 416255167704
54797 1228993436
40932 603762565
466902 43373043375
635219 74414962041
57451 2657305960
868319 67099497510
78692 5313156017
15348 151784556
59280 582167737
329792 92715418335
87113 6165522560
683948 245591584646
738887 532789703518
321261 63811616937
689218 446953187159
927509 817800530807
506000 255801027244
653273 34767985354
763754 79513347350
47964 2078351152
510780 22270063586
516857 264959253978
870731 190011361474
367674 55729309010
297786 79615124299
67044 2591057969
311744 4176951426
966280 836495157383
519177 153670486778
871960 222703928022
