1000
386195 25842280923
72974 4284411785
365889 44175210820
868461 569043134640
584637 45266670072
847677 529507160966
71018 2889006604
402037 48667436413
477655 177020510850
343389 63901238008
290676 48644804862
603804 11365465243
225939 25485315832
679743 234553304177
577537 71474017791
548370 27117965599
391162 65892603105
656442 116334109966
609005 295531805677
55890 2365769411
958007 568633315993
38495 461279042
621173 355704518025
172943 28118396240
419592 26724826248
176953 15613369451
556899 201231201255
304196 39620357261
135239 8970906915
465160 206302680042
994171 2712996034
12178 111444582
282058 48958991657
747772 968038549
933614 836319336451
197920 1187871719
372490 53473506138
369467 23473580430
154616 8454881933
321478 22785294180
69919 709271938
457955 75287049548
60222 3417583590
507763 38344043936
942618 618821726013
47158 1221258128
335673 70076967426
655476 379872000409
717363 117281984520
500745 34514836811
128374 13495637124
111091 8577430870
904884 381262066619
77338 4054448522
104824 4517800468
497920 224534740165
863815 622077395274
58730 3150899492
896075 254928817000
230708 49911777727
185784 12414670589
562442 133197487902
58356 409232924
371264 84772274040
819340 534703449230
224547 45713754610
889214 126111392619
518175 198878851726
299684 85199070999
735385 153382260196
643097 240284097297
659388 243042540390
506647 90137120166
900819 637938585202
494866 183211246809
333713 26319601297
205977 9586433344
835879 77076265250
462861 211948300121
918924 351327968709
388520 78033573532
184614 23615464250
488067 223638815238
472470 38627455220
154349 7656049092
98588 9641139101
375809 27195200928
976643 13611223254
171492 15568295015
934278 186984458414
636836 310220448123
577847 136190242489
486730 118189983783
729986 528106205267
193506 13821137697
792441 596906096430
746563 24280972444
624562 14781878994
476972 155775105957
961308 810415658529
873957 187363094106
667073 4187057123
141460 18733251404
38068 1410201308
386451 134449172442
289370 75327740907
897045 257520774894
166247 719063186
498 1884
672526 353490226033
594908 346985123771
812253 99672514574
485020 91019772541
849080 441885606365
323918 9020005759
507325 4327370498
357953 26692576288
68783 1518995768
862698 61099135667
532066 80658795215
185134 1763180778
132131 14856759086
171048 11526066717
280049 73644558209
851950 179308958283
968269 124451507346
803266 181499460571
21597 131530383
867423 592879957364
610070 263564421806
536772 25599616753
518435 219396413440
377799 134767925607
995066 634879899359
20159 42146578
894034 596032703090
446942 186443333529
259371 1448186211
218655 24276530839
32230 382737548
315405 94048133389
136195 6293931129
482939 113661401162
962619 403511866610
368002 16784402517
165874 1041891392
28801 475389302
905883 195313161210
726625 476288843107
311610 36994290291
289826 12064625735
261507 60578302498
258532 17419673756
63608 1565346656
758802 187555247250
660206 431858749589
139939 3410661341
5923 31604798
855479 574905267193
815967 522289872829
793763 449605778272
185331 18665482135
681195 349191446228
246358 7191184794
628242 198192891209
828248 71717167885
396508 129460852139
240596 12797594373
712555 151110272164
855641 580599252906
308930 52353938580
586063 106547518978
640706 193256384680
353035 98613892245
427266 48046969991
51704 2146586367
827274 106274898581
207738 2801202870
553173 249257538006
885635 447618823542
70665 4423300808
886522 481537983775
85059 6638072532
716785 88070425116
508882 194542362183
387681 114713731688
932282 134768432908
604397 184031689663
9408 57211863
347357 83361072878
506916 78567505538
590048 123024446779
144151 4067879945
395287 81393989419
727422 325863852055
322342 84186191743
79875 1494076490
108121 4190799414
148020 9712956764
280177 63406786825
367663 24652931986
272434 21348596914
451080 157852867524
79671 3954224407
528717 70539319951
76067 377099022
628798 355154812799
414851 166755205282
793803 187623501687
380268 81330280673
783796 138824018809
400587 145625251557
69782 1256872749
524027 225017755820
315443 54647090619
856087 199671885611
40158 120640788
150909 16195699160
839027 574869947859
848819 636411466977
502183 7621780770
432991 133465137047
97666 5659296330
791778 343908796826
558003 5272781219
217492 15949345202
274762 49479669846
358610 108596958857
686631 443095337659
298389 85042245274
511440 18772769931
762377 509703566446
551124 80517145146
749106 26388800206
796867 473574851659
475462 221819917094
69660 3217629710
168115 26097100815
886345 461231412978
565809 20777807245
540138 188095559213
124369 5388942784
721160 405918822338
348096 10441002087
846918 561907259634
384223 75122458380
500529 159561919240
101627 1959929776
403880 75801615295
652992 24999072135
190690 33384182291
893516 444435054437
366082 26758497855
372731 81904567325
611940 82225766823
693945 363617790028
250494 14222294209
67533 126433441
478482 215206560681
471915 218309221496
677103 431915680082
242879 17155745273
662900 19013044458
836755 526452669254
210241 9367491239
40005 484230495
9118 13344550
13802 86031975
100242 8189872379
629015 34818063707
887204 103024099983
716856 208785004456
510711 191124095577
710613 198389506199
982539 761736051011
692905 67479843463
193661 25046062555
439830 150918686935
837428 683145776939
851917 386701443131
915658 141353066156
656432 240079031965
960882 208293178964
81288 1246269833
774009 101979570447
896868 632535809908
570283 171251456538
398951 95827860144
599938 89849474678
31452 507421667
291403 45877604377
746945 419481152241
459410 11688372285
776767 82490249288
531825 86185494615
17893 66981412
747261 351167382540
849035 126882357075
715772 72062549310
805253 401400722244
344902 109001634759
207361 32910509080
194413 17065520506
315112 27956120731
502888 3911703178
702324 8682708927
557124 83567896148
559901 207374319014
468637 133137733732
927664 817305101754
86283 6262799562
201920 11091311029
464645 98200549664
3173 1760436
553784 233025444988
268912 22621050472
453205 21648858972
732760 82886985907
822850 38840992347
483325 219604536736
583437 40479890256
57667 81657669
869108 155219092026
16284 195912368
436210 42197927479
830663 43339376815
500944 240892637419
988761 795826012119
674010 430500031726
807272 132020779457
108760 5841054423
555103 96228057525
695625 478992230568
145079 19040610563
97432 5057405842
368230 40268757559
268699 2412688620
52306 2136652389
126567 3457464912
49297 1574073619
130832 4312007690
843450 170102818690
542080 77950620961
526471 195422849684
341298 106887564018
751238 523591716363
534623 151781086924
887100 392396856408
425070 145708991758
415489 137853050040
652301 198432928210
336943 63740363264
463132 19113201191
279322 72259807760
854199 319449177003
706368 404486257699
970157 119302141223
340467 78168284938
310762 3928184462
244124 385691732
488642 47809380144
874746 182760561616
910960 585774705434
327166 8063865544
211234 14432432750
811014 81236371261
885659 496482874275
909236 395797735905
189838 33376747527
796323 257923066690
234505 36446168308
949079 487166789771
703058 214219915507
669697 384206070795
733034 118715876873
619253 249446648677
12177 3277756
682027 359397160396
271953 59331614125
276431 25995360286
813061 362868142841
487064 36328632728
706074 85694955480
393179 48249918385
288374 14116823957
549341 154947140007
118046 6134796692
810703 564600051407
629819 121373679912
49465 680661512
310692 1543001387
135682 15732460900
88358 4786720734
132299 3564893714
307170 37827291224
741914 303102548429
152166 1948820161
857683 430516376085
805127 164914087811
896554 411307134730
89701 7173550684
784743 434722808301
333828 6508676530
38614 1299963258
880403 756225649862
785953 602528045883
388431 76498363758
835685 148840566991
807774 476783673389
820070 208645324136
424122 23515288274
576707 274441600973
91373 1063176785
775687 331052438110
60823 1255830967
587260 116369653368
66277 3761057534
234587 40091236117
815880 294848434576
582407 252547589248
358332 110510485546
474441 199586288996
364825 131065033390
560346 244070657545
497924 108375894257
104520 9856263239
442986 122280216314
563702 178705012133
355598 29223808478
983881 469650254594
556156 38249017228
472269 4739594992
25702 454858263
3366 8932268
553103 42547805061
519300 143237036237
331864 82197547720
709261 407831833927
565068 75249927647
308564 73536970010
520060 101207004445
689531 29019890169
24047 109161919
773954 232128101358
129812 13150195633
749938 465925889353
501161 6136899019
168024 2975604031
675435 369771792059
314113 23900545685
949973 772484281927
979870 749586269411
430776 89271617732
870825 681793290968
817252 552048290111
582121 83454233362
824213 245768864785
101565 9465633656
295711 9898337764
477618 93475236429
351446 90346284789
446169 192316689076
511910 39618242411
754355 308931889666
298931 39908132810
220553 2339796569
607232 134366551455
356893 22450148154
78159 255277830
847693 379739826644
807363 416185639446
358500 27389522363
353941 21144570291
259558 34628818014
46201 116694074
733700 191176627290
869598 272435105722
499239 70864523709
706375 421211545084
288804 24702266556
467714 107391207433
920436 429560795478
391875 96182869280
464305 155606102880
844999 85955672096
368489 109033584090
753374 452910028718
634133 168614866193
467008 83211822557
148859 16818776423
379123 143374835299
879734 453314961633
155182 14636715833
116064 10715475114
383188 101502605545
565305 15830659043
467070 153098196952
71457 1831021375
358049 5144083111
128128 13430807425
50638 809728745
105927 2034029647
963274 432003848390
790752 311749377685
895418 633585205145
774783 347084539365
565297 2276154623
83768 1221572850
204623 41085944945
807978 449552360591
649458 249184186106
101941 1526264169
40258 80062205
3619 6455030
254818 19392783073
780553 318702311098
231944 13096417445
391476 18000286494
806657 331791317389
332977 9172866716
798386 473634444920
366277 121877884624
715028 210424267140
174246 9261199699
709907 410878013681
378485 138112229446
503532 107736159615
594504 126255389902
372906 21273359567
34773 1068029127
151137 3089262579
531533 31281846245
775097 498304082970
931096 264935978647
407725 154583160360
481870 52147090835
201283 27784417321
179202 14483558939
300082 12746172769
269388 64238138377
229929 44877090669
961310 805217421454
798551 46572264992
340119 40029405001
335319 26856361236
425892 174968157879
572328 295888991585
121002 9057444051
705628 6416383035
345752 34288109215
547697 206740731170
993822 595433366995
581653 51736112151
409766 95878493749
145876 1438896291
184431 11411056858
165603 6991944833
191909 2911586726
400036 112600675535
110267 11204863701
859613 558114716764
956947 913332084008
37592 574695017
80175 4651750066
812434 597469426273
729 388518
812646 136780146065
736545 108791746603
64788 62983507
424179 107610859208
740506 116609738184
442016 194374694012
895118 87971158724
25930 544402630
790870 352179040594
445579 39109189644
151265 18249592039
513134 54657110211
862709 288107585791
390618 38808820311
972170 417010852124
493798 62317882732
686652 84651430469
389792 125488208177
930855 292683226782
979236 149627519581
889657 503727360266
677220 200400083008
951872 276950826742
941067 747082874063
170910 1810545308
652162 10441347133
422458 89370281816
353549 72212451592
658790 199771517686
987259 481833580906
943768 661900298784
154236 10365823390
428379 103341365544
978062 458058514587
825497 667662829423
183249 7182138239
383899 42450687663
413873 61650572961
228374 9707425495
741963 65656610460
372343 129517496912
666731 28354714105
939758 399752356637
510798 94452810673
376478 131025820976
173782 22677202126
447769 18101846988
434364 173734111593
527148 41156620027
276097 73100188406
511053 84904986725
507244 184028745612
420624 5954044054
815256 183316279947
223628 27634308339
667736 9221143184
545384 101710501668
407765 12445378128
610210 65812892132
830030 184281887126
597221 279267421087
7615 29049636
881523 285496282773
482688 127808638176
616114 217293528356
710810 222224926279
683849 245363910464
578270 227352072101
189580 25932171191
999357 885761302097
887389 91416245004
140796 19288355854
730216 492919831767
497168 202472407209
115228 9994582501
350353 19968121591
933986 573965341723
582237 27905052521
637485 267808689046
495923 133343677706
276620 34801720044
412829 36731327563
409612 32862395869
335746 7817334951
913384 576185296842
915806 748568782608
435034 145308297839
434312 6186218857
227351 14247735197
155488 21596018712
28282 343391770
122869 4884338629
256748 28222910508
873244 543902523951
833514 206269039987
657181 96585215546
526445 254211537114
766041 205929222794
604851 129968318932
924749 367369033877
589644 26253971907
679353 163922824156
715531 144303026828
121585 2400682312
655047 5903238337
182089 2223938268
44757 340910449
877410 19306438076
262808 35895453695
178896 23257677442
25510 475613262
541828 267906013253
657751 46651638812
828826 500797903341
709433 227081968323
363212 16425617412
626625 382717055136
439756 158758887154
783408 304035431220
142159 8738008530
71130 2805356704
692456 42458041936
599368 216256608407
512705 54098496355
955877 880781842421
850223 359032762298
391473 122580826146
865616 696276752138
840606 211342340948
102617 3059825311
757077 333354261678
666863 88754643167
656074 204860401447
336025 67286968645
167224 13543885649
851737 708160723478
262031 36513566699
926414 353212815198
747848 461200896167
11027 48879580
632817 18167086793
84622 6578919845
820970 376033159971
726622 50229436529
246611 5129788870
808907 164674521257
346322 4092495325
392458 99722163645
949408 627674972011
135641 12045775701
620739 355856569624
999868 934235881783
179126 26054158110
12700 85443335
883563 603534316294
279167 73831941027
765234 324232385162
743271 11560498666
875504 76312925827
500147 179833911891
182354 7017118556
624251 65948028219
362225 61429627640
240412 20296316321
478982 92356190549
505610 98688579727
237229 33801400992
354382 47577111813
248788 18361673151
357921 126724115125
480528 198450668303
610039 184378143985
471051 76468224145
942761 116027347892
352446 105776108506
695592 295618706314
974188 51105902692
540389 66519507273
217700 46036295024
278976 43661590205
194502 12394497506
507677 20626367912
550220 195054981980
912852 273305404843
215164 43401005010
206823 26399973798
381394 93049795088
469759 128119392364
216389 27154505776
528157 210384995557
555586 112984430073
231634 20831435351
731146 450136296211
617915 231060209509
155757 12280298138
437617 10384679630
690876 14975337750
369836 73232529544
128944 6769069016
69467 4569654534
675191 426932596367
657920 318067566086
257745 8374559394
135782 18117011726
760217 374538789855
465632 147988270851
277042 43139683916
17511 149660581
859987 284963434517
657353 294000697501
80747 1446599951
453591 158485509991
102358 3081579201
224812 19826352465
860615 41633459899
68068 2521374887
880034 46812472018
770368 452413372765
448803 195365838119
183953 11229186852
623570 79001484821
894118 78120799599
616772 27163706504
843156 341706978306
521628 268347608737
119721 8658735178
763563 286537668555
245748 16065774590
857443 659638041440
110194 11162213705
40079 1235173013
701023 32647143428
187451 12750175310
684861 162331078747
222322 48505392081
123622 14284289945
358025 76116057313
419721 153807692048
963360 180082531867
149240 10478843661
87885 7159133688
4367 16111909
348224 47057396409
823926 140380146464
236858 34045607199
146192 19233219676
677216 242467023935
404874 31435603389
75386 4323020565
741719 507405913749
879118 402621166793
207530 8170335970
275387 69365864614
107205 4323525430
453105 130467650261
444354 161751499211
628706 211695735200
653343 282057350344
362153 77081242800
978327 732124346743
51487 432320822
26439 91546813
930850 590141907741
288389 5138480498
801582 24676787660
129637 8575131395
426580 145343290546
744144 207960899139
775325 497695512986
5393 6700204
197526 13298861373
98559 784910856
798997 133971618854
600896 98477843880
169160 26020761184
804239 139360644897
272549 72584686461
306961 38737481937
66707 4107286871
756475 403003707659
418328 827541836
194202 3747561410
577919 269133088346
381787 98615140935
895250 568882592030
581577 27482826292
762084 99810359033
978642 637476130691
967065 331018734835
191492 12047976680
209372 22908203711
415207 6070951887
832507 397428167681
308766 14685474214
151750 2345819363
185064 4082295608
747536 441848031439
615102 259601959486
44670 437859882
257198 45589038539
348705 90848298809
918867 126054963675
536857 65687114436
669945 135752945853
760236 301011685901
751290 558408207887
607068 246019907398
93396 288325209
683360 181378232739
538176 12832864180
561079 280201463044
128144 5123843657
903270 697344651765
919809 69364050475
673228 294270950050
550134 297272965393
522150 85536945507
549145 178862752128
824760 261662895887
260964 51005119034
39395 320452970
804466 312426636966
312848 12981745871
517574 138007491098
518031 243861605158
829711 100040304872
338191 36960156758
383399 88192366698
388428 144981634527
131089 4616539578
248424 38764289582
686967 295950666563
528278 261436201163
402335 49286880994
332472 39582082030
977595 586762899485
259101 26114379125
866470 228447231342
486604 11221874796
538313 125127164529
679685 391473874984
608124 299448782492
388925 78157430520
997125 767755019254
826967 611897958564
340952 36462470439
410795 122949346547
944030 745469299200
649846 305791241102
319421 47461479013
541446 181667122276
468906 6011612494
48028 697990802
672365 363744328856
659311 56136012965
856920 259400097808
278655 68844779754
667942 191639645496
516693 1611115577
728302 165889725525
496839 60802463625
330589 57408786833
702132 479367611812
451221 141507258976
459061 74556393634
265657 45095047439
297673 30237536718
143268 10109509379
574181 302690742971
431722 150660776464
352136 108668245273
718126 469242144344
616576 98906161236
444830 68438775434
188120 21185972028
275321 34075791387
465046 213809685301
902971 148153370723
712674 190811249253
519716 198065796486
612047 350275339143
825855 229766544568
337280 24788473809
621198 346376854342
274117 15636584840
794600 285700420868
14104 131515164
578119 265554624250
552549 281292893460
476325 152327060431
864750 517843302289
644156 221379656132
619261 94026711486
730246 349780213183
706678 82569862988
186941 25294227672
871904 257276119071
647279 36629896924
302713 11633415759
592975 62979065714
821860 25146037835
574967 152659022895
883163 299291098921
8826 37024525
96583 2646031696
510341 109166044119
562054 5867515707
777975 15219936833
489267 33259046471
933945 490299466187
394952 153057851198
634390 341290731168
508518 155007371919
979651 296810173272
285760 60340116522
520767 246967730628
481850 4031591884
325821 53006791694
611424 269792646592
881509 726795057963
711134 349911212318
727919 370297195288
208827 17792056600
671438 59306668288
501874 185439598274
914766 550665118520
345171 15470418884
408306 153870240578
378752 118069489291
207257 2415418115
420643 62351532139
682777 229872284824
755450 252461964370
95104 8099659119
