1000
45887 1175621419
368016 132610295828
137658 16929303761
705994 173735117157
483658 140121111292
162415 10765275869
44508 401932887
482262 209403203812
773098 242760598827
298572 10808522012
108076 10650926128
385306 112542575508
841963 37367536743
323086 25568133524
282776 15615924318
287050 78245272556
790246 610325951078
701942 152080380810
177643 11590878258
282677 50557281793
567397 222198952857
970000 913659631550
797042 561044900132
374678 57654918700
185739 31856722725
569036 199197558180
620223 381807898040
338474 56140279272
681943 139595126030
831854 206109663588
973537 930583015535
557571 85310965827
81255 3112692930
250554 13256073601
717592 260271699249
310793 6206865937
508862 203072206325
173044 28179126476
170161 18556442660
330537 12960689963
220587 15902932724
862157 404323465759
762527 423038979381
332712 15151482519
711106 490350994140
834740 204837123662
403926 64197822240
35090 217062852
155637 18254919253
803601 269664504726
916262 213793461014
140294 7789870176
366187 82652516861
935439 737065092285
478444 154359317070
897438 669118247134
919049 434395390226
251407 51984553102
366410 28640771534
407413 42089059774
851944 439355289984
783227 167926173174
700036 428038376094
95314 3018650393
499398 41151247809
192649 7453757802
273009 56907972226
400558 89825854623
906209 794031474248
109600 3506451677
88131 1020053007
194887 30115745914
671320 378438505966
37014 55370558
574266 298201881230
669870 25404577367
924633 128401747514
434390 500060072
79214 327493600
553695 34657343831
131723 12066344705
554275 213266330583
763889 71932209285
254051 13562511884
537435 95709564607
32942 62970929
501867 215869226211
482883 202608675011
377192 15469544569
845355 440563032280
11753 80347832
635710 349978913900
959125 163669688394
748788 168674107323
151231 16135339663
262651 12107046738
122657 2332190013
626823 286337858257
644295 34888750044
684232 139432329148
59324 2058972478
600362 195249130264
836572 287846494999
878471 350887040009
901326 711767867426
660067 131714887264
835131 480433449535
868310 546172481571
346091 14901715751
264710 48487363808
454287 180491301877
390386 123247020700
561217 298450177795
588803 142997084078
753882 531615568475
92957 3754748226
490834 188767150601
104677 3408013971
798920 212862732347
9554 16937081
219254 34821817442
494723 4977254000
699488 434779191716
464406 48861716655
653532 304739559752
536938 196561338829
218559 15761469955
114471 12208416996
15849 166315207
684214 362628110273
600017 67631178116
928587 459372310615
505271 14403191725
439261 47415372081
22023 125703679
692365 319974637330
533975 76296362646
718205 253594094923
142571 17438240727
478783 94048744036
848165 376206251345
422735 6454843212
401059 91802313319
126818 8621783428
797209 187309929243
262667 14919010502
959600 159207807429
176855 18541133668
64637 721116595
740408 336227825689
298917 35816989343
49572 1571481602
269548 19286221476
446905 158171724857
627755 30173247299
328944 92313681650
584375 145273589332
680709 108990399459
974315 745642508540
532109 104515081071
389693 49077778303
281696 55874099642
776637 513798221061
681086 5022960984
347032 40311246251
839926 298396428236
19800 126049764
769308 94070340603
984355 228218698673
551291 73193623692
827323 317296758695
337368 22776107701
28533 464265365
377606 128497766343
267796 15020444257
819888 151581010466
821413 315932437033
909013 37935371903
134438 3073309744
127204 144713749
589910 249362295038
757596 456053296228
328039 48439518579
150236 18009510770
720430 248238331599
180799 12566890817
470935 217133689156
808911 67630432174
499316 201727298630
341984 27595070802
659674 398318250840
379464 142456887385
906211 453003259430
983760 632657201047
284626 42504238380
955873 219375455757
77255 480320359
122255 10392031666
285709 26193643826
530972 70152468693
662436 305024809319
144992 7256026444
933798 174720582166
632608 139337154999
508516 194801047206
31559 793773873
929143 628059086213
305577 87168961293
531287 233153906139
948061 704261188829
624301 323469294597
639233 376313134138
819120 567205961434
683452 374760752058
252961 38447236187
910815 795664221982
166092 9570141518
201007 22768053060
441639 58205278759
576256 187210759964
943078 74279168380
39772 480367598
139060 6832749433
771746 292548338671
848510 719705812571
584526 194428455529
763902 519170856966
200722 29033194989
876540 299518499225
470951 184681546971
873043 642251563484
350638 80318822962
945713 854023948660
526228 272450733448
500604 233006798915
450662 54741887085
66329 4165470267
281283 3861225291
648586 26635961501
603209 232433324989
637294 218742046834
464171 74352000640
720257 204951675349
323181 51697780954
567169 165580486096
174060 280186782
720483 215986297466
834035 307056751290
440066 187107631818
293663 79889538855
238954 42180961897
948441 859508626563
921732 730590128856
682974 455939335597
985658 933616076584
151303 18395007920
890135 284987720025
935274 599321543373
532525 262033929675
527928 129585740641
960795 64138216286
322484 43776156267
498852 57767352728
669378 388985271639
19380 228491716
410642 138584437323
903656 401772067685
841238 153465456825
645844 7560901680
434646 140367801492
35810 130137453
878024 696921983399
209763 6429477982
199970 28591085820
193987 14283017456
793163 58084167818
988109 668659493143
855718 381148413218
102864 3201447429
255540 34799478016
657173 92097990273
990324 306815584383
415738 102751027945
482141 190407130335
992620 743401282095
960352 334486380416
488128 221836840074
373575 102304759576
615168 144254980046
94349 3325580192
551947 2820349759
757167 35774386759
250883 56239829053
103264 7394713753
565968 266500041428
694448 26294616468
37531 1263153532
725889 337051972263
754557 522899030179
830762 641538675418
323664 76615834954
361599 30186793308
805940 302272891723
416792 88436178526
451359 170508269971
201310 5482722260
517507 111980959063
50637 1917882836
990800 666106776000
793981 461818841415
443467 7293959794
753500 429537304977
642747 96866493359
819204 219411489276
906128 812787653944
346354 82211433674
55989 1722136740
61986 3539711766
745428 262107261192
21587 29061018
918998 778715070109
532902 166755726206
693309 414773181752
93993 2292036695
791134 65849395082
223486 36549672390
487168 191778226385
236240 11838539916
562617 61928253079
805370 268619641640
639835 53992033695
90025 681056535
482033 72405018316
836764 503992761091
45975 1356615788
231424 53258507124
147190 11438470128
293865 52539416320
791217 512332364747
606121 224536728800
4066 7529488
102118 2979904685
325498 65017236391
345910 76932903793
493835 21734778553
793149 376033568451
972993 514866339102
945152 635765687791
65155 1902802796
16416 148425919
568240 315948545020
501395 116587826663
422580 22422591730
568868 315956238865
724445 486291214018
836399 559449437425
4324 14298431
746716 256010680587
887254 489696814429
799955 192391218504
965258 146539027145
876052 158224711476
386911 60115344081
502207 82962866920
647582 87734277269
518840 191295322057
463658 17493688982
262643 7861678835
251984 46037401194
368692 47839692151
968002 909081126906
46479 87040780
529506 208218658952
566642 132929564222
459532 191915732153
41499 1028439153
942895 516076729610
119831 720028518
684752 175906310518
270582 20343077372
261853 7865950361
470024 61682420233
977371 324169183767
198574 17100231478
608356 315330275631
883450 699037943222
92065 2806932346
692704 71979561415
292582 49983634173
186851 26558393050
719155 4261366515
520122 176654719788
140100 17427193493
33667 385541586
265358 66999460713
15035 167390353
534723 158387703598
528714 233223157371
393278 61436737479
343593 116786356959
1133 87597
142285 15187218867
612728 153727994980
108391 9568518660
784223 275380939554
917537 677899552296
746448 137504900508
643348 135320814486
122964 13536913997
845617 311450663264
712905 456427828612
908554 254401628689
757886 48034062845
160541 15278588701
319537 77665386971
834823 115532736751
706490 102112222752
278724 47638549782
200153 11642091697
675839 423888111079
893059 546096416563
288854 1257484379
957412 801918414713
926304 741653485856
296270 57740110754
511934 146119723165
622492 352088400145
667255 357901863596
545719 273397301618
997404 156738040584
699776 439541165226
159256 8277264452
764903 371553724446
313781 88172067205
441569 157812851184
680144 289359507560
64938 3824539478
348601 18572195545
350075 105653111356
209179 287521161
689487 412141102954
813127 475504404419
291751 84525533302
781020 555102224062
42035 180621726
527117 179569682229
58410 1847212850
387267 97428514805
193053 13004968111
156295 10930978602
327357 93757457938
157848 23385152399
756442 318692250348
761009 447508239453
163843 17243879716
770007 460056180833
719692 296934779040
565478 295475326866
747967 129668026793
502693 55702410642
33834 519470346
771095 45623745723
353566 58873468343
596688 203500879812
769966 295265577946
160026 20157979429
166985 11961755224
384161 54706134585
177808 9927617202
124672 6186236352
532460 144824840942
266710 8633264309
75676 2057257028
580228 320280662774
74828 3264844954
833628 422560206098
101534 649673219
579442 9569536068
758327 325460229456
406933 119967769291
604489 2900763260
619125 240187266881
119183 4540656225
516520 164740125974
771127 434277733974
224872 15210813632
69000 951425263
568602 122888834304
706684 231451357620
691863 5948667442
368596 34528522549
179828 3699367919
307436 56848166048
669343 80937421160
92771 6248835753
12776 138845013
234758 14037239279
194445 4410059309
13095 23169738
36763 873965561
646808 241519528158
432948 136026889247
994120 542327687260
578341 160239561329
122382 6496209545
266903 19080738785
404877 126113080845
19135 179205773
296749 85189202117
697471 430247511796
955346 911888689084
434745 9899751007
487851 45419082507
467007 150895852976
167990 20596738191
434312 137561780950
137636 17736932872
722944 5499511867
438670 9279092016
364903 5713079087
649589 283031745149
360608 113476100295
258901 28646606822
306653 9789307341
990218 630733236184
649369 27887665921
77989 3492856553
688432 465263462818
6633 31639173
40947 801533559
120781 9751589948
437648 113725147551
923379 835768784587
117359 2808333909
323376 31935715126
619272 1343675009
918555 53204978455
954331 137177823221
515829 259089289324
954607 54645499712
861670 79810376025
301468 34254637644
193743 31873717644
739666 372609018589
13464 85965159
965164 618869903810
729304 208636351896
233709 201898712
402615 19805008764
23040 221676201
748971 121722238171
666501 19154316240
512870 73030700629
35573 1221556891
709014 375153992972
42490 725523803
277700 46368438373
897964 802653155048
227799 8811653555
146986 15671538693
409073 157114095019
627029 23743130560
45941 1178287293
199206 3681924591
423020 79620579193
938269 508377376369
832380 255948178561
661637 256046389486
905780 196563097409
470604 19321362034
458379 56332374471
877743 575916019952
277876 22304034872
721422 88395541984
54828 1674295128
270949 30203799983
866523 228261215922
226982 13796646023
553936 8529503662
522431 229982931723
84082 39933328
741928 122489709841
488832 165379303608
559778 72038177383
139995 6420491901
379092 45805292023
243171 18070372503
697710 384977425239
129034 4451077130
396809 65144142709
950374 590109697097
655570 320042817891
736759 218505240349
128860 13386648131
843935 478564948951
482375 217472255652
236646 9174451257
650046 151140844427
222445 42832495561
52258 2193128909
991006 309756183138
310692 16909777038
631973 92635784490
958720 193903010388
783685 11868454648
944864 403718308111
171792 6907216981
827786 329412740458
176894 5757922609
407315 145621907202
532324 225332240664
502417 167900180174
975770 382544471887
182779 6857773817
725088 401024571041
400469 38817598584
354489 83035166021
709481 400610031950
725549 464966040560
234134 25295070877
160614 6761944412
686412 279226306784
662819 428937815484
215754 17540125025
302801 24174697840
763227 270366692481
8684 59356983
994405 350616939147
557159 288427898023
479389 99108106718
49160 824648632
965089 711520151519
317793 19899672008
764796 98416838876
643385 74588052287
379384 119869095242
642524 394581502557
174895 6535630719
983006 253423662449
4011 9390550
554147 171910641369
872298 634531155942
259201 53246514038
826323 123823107210
127975 6777018667
657030 265316019959
736567 349615360526
251649 55583929384
144945 17873620460
501590 101962005405
272800 19661510180
765819 508506955984
804147 452845777988
118048 5899404254
842875 593157754441
890132 689526527040
150706 12987438792
524619 236717605260
661176 344826565002
6033 18457673
774283 114929325410
147872 13555609721
972804 528680491136
298017 15429322951
277133 40648540030
741072 212368114078
34402 204816706
261906 27515526990
266632 15494401519
734465 144180838970
183116 9582816035
689010 426803001246
999753 664548969158
749643 26508618939
372215 117095643405
448433 153626723967
299156 10731561198
723608 518793934160
166981 23033360227
403669 124301177254
528728 88097377738
39899 1377194468
980650 503783598587
246795 43561057192
6468 30721335
870314 737517439775
666782 7117027526
226325 15767652112
508059 5220573213
876901 280613484496
831970 560263429037
662480 85745217676
167245 7599722920
549929 254359607610
776340 352448754618
978904 281227557284
788887 353644889060
919143 446272483888
647657 118136568209
806347 329639067641
694199 169304428765
704771 222703646504
569741 35816150965
963783 104809172610
694936 291480452240
756106 472895570019
580429 77182847434
795346 595878384388
226773 2194845929
636280 390478790764
735823 95317158497
17964 177556881
577660 295607737923
998678 229686000285
672224 298628709604
282547 36711936163
452568 24179876497
68202 4615069414
119374 1663263089
930658 821927934592
502570 115202184800
156635 8667693498
123960 5925536316
979981 181406704257
694762 308390943173
217967 44686091126
820383 355309648568
315928 16201484907
663560 24394181182
719264 458339240665
894276 89696286367
866014 152915221689
420249 33226484626
872422 207476542212
516415 248112948768
510012 45592114010
444412 70445067168
362680 7529328008
512739 50498262208
372085 15571536847
569364 302356572265
78019 1052220291
511020 59016869490
472467 102465043192
826161 134336928020
758041 144882670370
938928 673837905533
403825 34743863190
768894 535709727796
826212 611719117258
842958 538162102061
148892 4196710153
126165 15115070156
572583 280010080345
37211 452674197
874542 657414893216
853953 278528954903
538895 200524396447
303188 35970366416
369540 122488744405
589600 300116090929
584953 238508721099
110967 3998805991
5744 11942259
804709 335240255338
520375 175407099819
527585 115622486432
798758 326350108704
237563 13354983328
464789 78020504335
61661 1634674642
490687 59339648782
1175 1217004
707309 76269705651
375476 23760358704
574043 301670052198
881947 660707837085
611094 272247423814
703443 117050101060
49473 134908485
930396 522192794967
899044 169864752286
755585 337896945437
546279 231998041631
577017 97717875242
245689 37155829410
434551 7941136636
534813 257357226670
567899 61022600245
855034 100040473491
713124 179607303679
544748 274843627407
101381 3544506533
44386 1276900497
569966 1286678206
226293 11300730633
838461 277897855535
729128 224679825300
863371 399611250066
315732 56353400535
949521 370670274255
882372 397077776147
259525 5519087576
793964 441456304006
615448 209101786932
524415 272122464043
180185 21915184236
45274 1392460560
964022 661025270594
330724 49203827052
658568 379036252265
44704 46396553
963421 626707928067
362573 77889881680
995478 627724292989
854810 424316057743
105324 2812251231
830674 24354616093
905982 762106610166
322458 33302491795
460111 207093466568
64540 799891254
53203 80648057
195710 28883779459
793726 179714769174
60521 468700401
206752 4720411780
128249 1823576200
832373 395408846475
22554 99838823
648429 7128667275
244036 8459419340
88516 2709483139
95701 2064450595
183604 17062790815
847219 140458365087
619596 307785687538
675559 198322346348
70782 882810460
339786 36112385268
194863 7130197629
104893 2117495091
559920 258700102911
603336 316084929506
607093 314135140413
113409 3278250136
203564 4755271991
874899 531810657994
905870 756147989118
94173 3329888969
418651 136793248224
163609 17210487157
813097 249678623783
780394 281408483709
485068 136057744907
812862 204969010085
171668 743242508
570693 255662894182
16294 186150248
379868 20347926172
259492 53919579556
217334 10453895837
264377 48768871797
78019 4302718140
758596 416893957115
243690 58263739053
317382 46405088304
783523 31092348516
256763 35746212338
386052 28700176735
951993 467290887229
659354 385596434949
417189 18263327505
580000 70149219024
813869 596126347938
65215 3831938186
130617 12949070159
748616 10037410691
909064 16460928168
882768 672406294002
378460 7011441718
376816 91138648603
606270 220809379640
289152 16983321547
38611 1290658124
120226 11327657822
462684 52589649435
651738 228607096043
747466 321717677407
43811 1386894046
406195 9208899109
623756 375109160551
951754 899608974870
419422 78955882739
450019 155983921045
634054 392483488284
450264 189790424491
535431 281904475320
435856 155029580681
917657 826435506173
576008 82274289432
256106 58111224778
284653 13431693058
392200 53853658459
495014 79593492895
210295 17427638409
221114 12249764637
288747 7412706199
11606 18728795
19567 333813095
730571 225763366070
140263 12176238859
474859 23725693874
246283 33554830991
84676 3259576754
209896 36287399236
669688 256899558352
231681 11690423198
27842 766851649
741175 171672607891
735513 759324313
777575 66483529372
73803 4540307551
45585 707526550
674827 50883173089
120915 10641451695
814647 378556762647
126555 11490233612
745007 512630130710
185823 31607473285
243414 58428900339
853249 47510733154
105577 1612900930
293355 30487331582
557092 188149734491
175910 15237609408
638037 324080187301
24922 348264993
771440 275687418721
795692 519106778906
874710 613281225646
173762 19049560226
819203 512630287568
862095 275143767656
817533 574823468808
979996 362304127171
794057 492166784243
969346 634363174999
457479 189635579165
272531 20171433763
423253 2591233210
823995 391737551111
546742 212884169537
534472 82696286075
802757 267320723064
966620 740453894940
467411 153188038788
763548 328785988351
846004 71181648816
172907 20786482815
158947 23827433467
590450 328529678017
495914 57889206580
889873 402578089077
577547 330797506204
725194 420417633437
825979 524101351572
86309 1991318945
897121 128428994709
862513 483886055464
115653 10814345118
192454 774387613
713028 91283489774
860813 229843463755
465531 21492707266
825561 65697761804
266854 19020418512
904853 215947459210
104895 2684056760
739373 503468782776
379806 30595174168
670927 229883692511
557339 33612806411
631598 50755820319
526208 100148552819
546431 3404370444
864804 390603043305
397726 99278950732
826197 240516212138
464589 15194268656
693515 56538526308
259348 17151732971
402320 107202328821
556133 22458963096
567665 71248545796
631004 294287594879
264724 45097670916
814540 444813193217
596550 355470648158
813401 487201305289
