1000
262326 26899091248
418732 84993635073
351380 24285457500
862210 203049111053
84455 1084078691
250831 52968356453
53355 2603856234
540573 283620707162
608191 322092003118
521583 216175454766
621728 125120516940
245610 2798132612
576841 24408164436
402134 46176719969
9218 47249508
966568 723438078927
872586 299452439915
609133 277258559961
255964 61287209647
473951 140076549295
741733 216460077965
100808 1336867127
62976 3901243125
159198 6849951165
765153 520270274741
968146 756797160147
60696 1456746519
849229 285245872520
643920 142335271704
288317 66749264931
136901 13116620766
741726 29586978249
772196 163707452899
550189 88219686463
18765 37596879
70645 3557119752
729761 172263102121
52804 1898801608
336320 92833636432
959963 339929629374
831661 151952476706
304998 18379529409
41254 947011847
911384 261610650911
939783 672459690148
957142 489725441955
936009 284352674923
42515 315932480
967276 213173974197
295326 56591506439
848996 525716450488
869907 304633835180
490321 38675405208
351496 47993161336
446584 65665806759
185910 6765489208
251949 59402087202
713893 36300280525
55603 2056388487
925437 592158992420
482185 163664273160
377422 18950809942
803906 425943325010
769166 309284096542
493203 95188623782
713369 144614340466
620485 164167020730
497742 77185612612
252137 36112051976
753458 29510965395
183606 4319817425
384133 92025134167
161167 11860792747
489663 215431484305
539752 215248247586
922018 142472172816
571544 7359407261
249540 42765360066
846182 208159536231
907888 688078393932
33067 728735383
369646 68724814457
708211 471363333683
373053 26944458363
70197 1721870711
999680 582734042070
152633 13543778660
359404 100490607714
50978 2001503652
590599 110032234929
522100 240476203913
31295 188877634
304225 68790151177
547444 145119356437
214484 42564607713
952223 871641689920
662549 371397601508
246598 51066616708
9736 66524782
980271 514415509981
753086 502957412715
705008 265565783975
77555 2454511001
45875 61458427
593889 241492918991
380346 39894403151
877978 275209429321
646298 137028119563
159756 20200979151
528039 121485242490
901216 694479627642
370523 6886563381
812775 634934643345
311290 27238773431
504892 30839822002
426048 1238020503
522018 205224049670
827908 434576527664
698003 191276716386
225349 35696974651
351915 123538859107
766958 433679102047
192421 13371150529
387962 61572872092
908351 257391462647
89046 7632010525
380010 22562442449
863846 428944118306
771586 153727622168
639553 359283522665
153751 22916691018
801772 615295059302
970809 460178627445
774832 191122856202
478854 86061348372
619913 57759188503
110041 6603537710
730518 462287806673
620033 173433081101
817557 59625926011
745043 331701200829
936274 202511582159
513231 63103389270
605062 301418995519
189713 27874444754
574289 180991916006
685508 255487324701
23614 154853879
726310 420162286995
43010 1525016231
348561 27271481194
757748 298452186700
981430 45337876250
691887 143003740816
219919 46834914243
838380 238376774241
668967 183996411796
240277 7974086921
983521 732697259794
963604 769620354589
714406 404653677529
853740 517267151083
106734 6416296255
996826 982418701749
15647 189400105
93881 3117105466
636839 151275506908
959125 271078793249
56416 118410798
889322 439075405818
552529 275267005394
141174 16153522308
218063 12258411493
189433 2742443703
872632 629235665491
442960 31236398269
73197 4105174392
357469 56407306418
962585 414937249721
122359 12334819225
337969 2221350115
242469 15229401233
750680 166294331817
450557 101661154971
692697 232172192919
966508 148401076037
268603 37563416969
285596 65600185796
381484 53720116953
218002 22586788276
275609 34259719169
416507 494576185
599901 120001269049
616447 167815082515
813411 258906063048
847046 595233298420
684040 379962994604
902426 450790221902
520394 55775088741
21120 313717081
772450 23229349050
171936 26210694538
515978 180856694890
112207 5222155603
294489 59114162393
294457 78082463555
671804 210486938151
883835 133600080441
936664 262388098719
348791 79621097041
605883 14831364874
182281 6632276169
825927 198157214632
837455 128559072085
176421 1532589159
82856 3087434326
148780 19189685711
631340 374480165197
930166 170369210228
681140 167589324497
37103 152293453
437169 50015295257
891025 330697408674
75329 5175357756
61373 551663301
335003 63068780225
891951 664216503621
422915 142579401471
324170 10991670562
614033 250459861668
404546 53177739756
41653 298687535
401904 7745462306
612965 218237599585
71326 2512822349
669091 443957763029
676540 447041022404
88406 726302314
177901 7365530897
13345 161949169
449146 53739472594
719801 466134728894
513247 16897247006
814071 72245464441
488949 115423946708
802147 547487642295
321472 102224285964
647398 125956861
129271 5195651082
687171 413276019747
247885 31011051535
810227 162535254639
523597 211444759241
89364 5912274998
62100 3598005393
213690 38227125632
706353 359277816111
375866 10665128628
468372 62881101659
532207 173877449382
181251 19452085095
600648 233762446116
163309 26252256917
360738 46048152582
182217 22138717707
888134 346213874637
662832 141826589328
962050 18669516269
482894 44209373379
176535 17083037168
49020 1329079331
323696 92567025941
316873 73862786089
440104 140624706446
730857 411924429805
385149 31104135952
21844 460982011
345717 91813980732
661526 161045917590
94748 52109690
519008 103349149880
236032 16012864840
437025 143657827568
818610 663317007455
990902 251054819932
610858 363681289379
562428 120518472482
496454 126232933463
610493 242315184471
667272 404707351403
769438 302431770272
892732 509865905955
609769 52467471216
215481 46078336794
862529 36067032857
199017 14926043091
740502 114134550030
420696 175699626572
817125 118288279641
860186 421704724181
93509 5537248838
551769 106473052629
620363 32835827495
546909 286684820290
362706 40776610764
20801 419489992
700272 73565438689
807042 189352254099
168704 3548268419
309601 56634564697
147928 17870665572
632670 226128815712
46949 2019589682
499795 5422082805
310385 52956198889
499136 66792854567
478812 59594116161
119990 7030487701
837783 591536341677
850275 547425681851
284891 54904634914
589748 91313424478
148344 9386162026
781427 517792280044
873047 495177991086
502723 33733167490
620935 331082213174
99365 6305258442
499458 1230728090
269392 52541375464
235268 2905816411
459456 1877223554
619715 143203328687
985441 952751154039
310115 46612805258
732020 330448695825
436004 133726305748
391953 67922347838
476698 216182977462
149321 9119339330
795397 196224074931
217431 17120061096
906363 651421852397
272089 9988470835
542585 101263157520
888455 346258329146
883185 24486103440
770847 72573348600
546374 197718348964
375824 133520318275
976386 34459472830
814804 40583676268
323312 82938912214
40048 1458890773
987771 954162314507
838195 51363262795
483102 11658534794
206282 1301437322
606513 45679325617
814561 294041218487
721097 184344289934
184355 25326410853
7001 34756555
806075 267894039273
442111 128780381488
908596 646217667732
609450 145656824659
33355 824782907
532755 230318515661
431481 156125695638
479113 103136091446
949917 96881534933
321792 102436914041
81494 6197692076
332811 82142195052
193979 19764674208
339916 95773733055
689087 54480162885
220374 35290951807
399469 65936377085
106688 10910824449
742107 112997140139
929970 16790675018
147471 11395117739
438320 60973184393
623482 93261130147
109719 9205699299
627580 60996924023
302868 44022665997
946949 749923028964
920901 434802898610
709096 389525777651
362385 68399215189
947230 867766205866
349107 53238345861
390730 118193101677
67692 3284211584
168721 7920642559
977781 9621331272
565670 56916599409
127441 9973104183
340533 33264205663
920885 448395765383
96046 3340408665
318931 22342392467
18297 214910989
735831 380719595620
273235 23217918966
180791 12961776156
641858 234101501708
223418 23304553820
407836 150737625753
649612 366900135730
760517 254985194662
769905 485535329425
461145 142465376489
806363 72248290699
263138 66206358213
619317 304018688464
428832 125610793082
69782 3695862434
824756 256101781241
487387 225299746782
255544 6022161194
347619 95057507517
670295 427920135049
870252 289497982105
300207 79766349059
929124 503666609472
237306 54652589430
78664 2267093309
249991 29652968475
342483 20208903325
496641 156941887329
785614 315668439815
800282 415280174040
704258 293835190067
553841 297979660057
267750 66165521836
514425 233244840400
609904 333211156735
925089 319175639787
570003 240349648126
785120 98675973496
46644 212723989
522881 133280453958
459479 147012712749
287959 41969286105
828146 600707964537
653016 171037678475
815944 189189197573
953949 398475628472
269325 20955931011
487910 47329816923
558767 52279023950
320754 98281051609
968559 244997416281
664931 70243765180
626636 384215899436
911100 429578823861
765768 167723580060
951555 749263700094
873431 749652039485
975921 33036188082
877639 463999401769
55573 1270555757
609296 33356455182
550797 68689830165
673402 333170757092
992418 255222461426
897756 400301126652
420983 39513517793
626977 89287442524
687118 335071940357
48749 1819024857
150741 5327954603
581750 18857522165
849114 471209167796
830798 22445836686
31471 212875689
718772 91941966639
440098 26412610846
356812 36722259465
873146 521197939141
92610 1174060505
201402 19987933299
212291 27228557858
598365 194514758584
306060 29937179515
288249 9697037971
772882 374982073708
614177 94996416279
750632 229524177321
405033 74048252284
195435 35468806637
265833 66414657132
269025 50294400142
604296 353511729150
571590 25331849298
976307 571793701328
849722 668742588850
298607 86982201060
827613 529226933255
512405 28322679000
140648 19035564134
172461 19275190695
344730 64952115584
72505 1971643570
414698 107536745615
75686 2765983108
351436 11398748271
525316 136593860347
992133 742163999110
449115 120034708270
468178 212667384777
199523 28385223292
279698 49141325223
303805 65246156338
866209 712980738732
598292 337467315263
228418 26645273338
68854 3611539845
746022 46997745509
664580 400911803212
300550 64030370481
784405 135686261528
471071 92708938541
34785 71807600
11453 6500110
270319 32951004968
868555 726987233333
902598 22137534981
483292 105988314293
524836 4205739900
552273 302916698120
682190 407082097684
259794 47897805362
71801 3725965067
67853 2678924616
491796 2108870057
117422 6673093071
666275 298812629125
190772 13150938918
598770 65814915724
314906 65225991219
577549 136846273664
817034 391529659303
626724 239419977489
190578 18537925033
225134 3152930017
640862 295555658907
118412 9127875501
108011 10173751887
544946 60201073428
522622 135791769776
5908 30358171
173774 24877666662
692085 385198683290
644989 179832505239
216430 752898852
502838 234788895130
734886 267008079814
188148 6335264489
66630 2943898602
861684 441420016848
812203 406630889913
751382 247429228943
517843 208831239941
779145 325307525970
397066 105624847238
944450 179382196897
147092 3119995432
635301 97951865234
966881 199465930591
222226 40080388488
32011 571986524
345470 24189468926
167458 13612785129
552443 288444925274
622491 73067019335
588919 185800909234
917528 570815186065
954502 269757161487
415169 109505633479
573649 128041468080
517025 181144340050
308152 45393431723
639006 289597302543
38820 444678611
616956 352193282768
260410 48746709477
707849 255620867785
78456 925022054
461287 136715440395
397370 123296498062
986904 90294980732
122256 12212148723
634544 387872110295
914559 749262584146
730183 339669172544
719941 217711123755
419300 32061551995
554193 143482805745
787348 245418775185
532422 66799775377
223206 17646333100
805553 50187069533
4319 5983545
186005 19393035826
350208 21865706105
692058 67307673269
895386 594662198330
606498 122665958453
265531 4388470371
455306 82404289304
558135 257130580863
504854 213336618861
911037 502340414324
788203 83306032274
490830 140741801919
813667 610143634417
750818 497510053541
282070 3353931562
541181 27935453209
966756 252166143783
5935 15851562
466482 39881623305
537937 21558135790
758981 246992036535
566116 98367697785
902969 34849084300
798263 535362397434
482459 166271050573
973750 222213532125
546275 154121821927
129146 1815751533
422119 35345803102
919076 159023163777
216800 31427422116
527521 99402885303
761477 167319386230
820644 210990585937
34230 822292454
447175 117105897419
35443 1252834016
714068 366036537329
582372 337917738853
949406 585020630317
449914 42982770457
13978 180392397
733060 284560593186
66407 3771064220
821218 399880700015
311407 53934070761
983048 228636584874
818534 247908770416
180270 26470284647
945662 74782239333
808263 203702933810
66041 382255363
19125 151998781
142238 15450056609
92816 8587144439
251359 25023820428
113038 5881727056
291347 51995268531
898076 538491265689
745665 251587673265
900328 348714694114
65194 1909344857
379415 102686479578
836035 452669783262
340091 74598834632
962815 2172668823
261905 9703518558
992319 777100229847
650330 242621801991
556375 226305719319
640029 378233473323
736896 149511028627
451956 59196293388
184790 15184495327
112602 8814145882
223490 40291889636
213417 41409620911
726750 347927397352
161462 23933253607
72794 1578579200
876285 428437069121
885986 1086886208
71244 3327706014
543650 224657041658
813686 548769576933
426213 161202489896
604785 194186448090
971618 621283024281
315975 96833280973
911051 619976908360
249485 17596444112
884605 598036380935
769838 208908885207
56936 1407920225
149151 4637964808
760745 145383490733
554371 177943147215
919878 949821680
121123 1975598882
160031 22159798790
914146 334714971646
913028 679558360732
593931 330621249100
920834 353713684601
304654 76581731339
170483 10319949279
117826 9529057529
873440 391328666752
329591 86186802366
217512 1481168916
368293 80334741040
222486 44939890028
608200 126814550670
439317 105139431537
491869 36594094907
999174 379434141573
183028 28175215191
749561 61357037455
475310 14558734694
901489 77139755405
666695 109856440706
772162 81603078442
981901 149260898731
414838 6547744486
776716 568238640962
994058 355385261168
962248 50417756613
723472 354547086450
674258 413053624617
489881 157433703402
865293 454504088337
519939 235230641511
90601 6763071962
183150 492347271
851455 128800404659
293144 55227430221
492353 160957745485
321681 82257614087
109699 169653812
252228 49549627950
237342 35120805658
360577 85630741436
681296 116227957836
767448 244845765792
341824 4622216628
161476 23738775946
969203 635365029722
957297 731613214743
821197 161835325257
137739 8246822538
110137 674490740
767267 182908929131
917483 434020843984
708732 141883313667
985103 260507285238
531082 216222832305
540414 116616233092
736357 497626586393
403027 71674226707
68932 4339208780
348991 45109337196
805226 101232951916
857299 40257138690
74595 2097247018
678044 106879521451
130727 4304393830
295703 78456966694
251122 58367440910
275488 50731109034
118710 633507860
872005 10782345873
489311 204984725062
574882 189260488282
629502 123227127883
307798 27604117948
188119 33559196603
255273 2112063496
10772 104270319
891003 194700105609
601617 324708619315
491220 79823100208
145514 14062275878
842387 495291055044
81128 886873831
437412 92251656908
344996 110497656658
737173 191277631503
67017 3839270332
825335 310042480347
156615 6620852279
626342 370845260027
398783 20838482922
763842 117467462257
450170 34017477316
674089 85176245471
594284 302020196045
311530 82028320353
182140 9332898559
175134 5650008628
107822 11112312088
619386 359643761644
91884 6915060616
306326 18233484097
236114 1067929680
636510 258991641400
134817 17627319053
685986 276097555687
343802 80865706779
416905 83279141030
783145 179126390646
920210 192458632546
801681 371774887745
554580 95746751037
649102 99030573804
953373 38289054468
398151 120213019742
236035 16243309257
238944 18901105544
262024 10713603113
547953 22177743651
107300 1465206746
513443 13946678730
248681 45095050129
598768 309149425263
500619 214673340113
15642 152823036
215355 31535260410
953433 709309627762
191394 26487450443
835406 414003723977
317477 16580565326
672244 104246004096
378448 38742189517
35299 1026687990
792238 150918963888
731025 8102693122
502396 185484879692
995371 409685746096
786698 12243981529
730135 245868376601
203184 1374614396
369484 43111000296
870055 277182381638
107942 8657003794
220605 42064888427
260305 62829424041
452074 85352294519
402683 84990442182
115102 6085344934
292706 9062482243
899964 677996480935
397612 74452260697
321574 68864222285
553051 137268773442
203460 14032029728
620759 357195832486
466137 201147024370
561002 29750005069
272516 56653825307
730583 203499346009
336575 41131263679
775631 331024133089
110430 7180884093
785711 596624061327
267378 42384760176
235801 49134193865
392578 122871724793
950710 871760806460
376536 116254537179
366265 38192724863
240437 53388012469
653345 383805443637
632613 88665967964
765336 209856008341
955472 417535995097
573555 43540638008
909034 629542162520
462345 129625686895
90703 5424505173
331353 37639469166
310319 67818777522
702653 104725360718
79720 4455978279
726953 139202841861
512346 50816918883
511680 138268312991
162359 21337301220
618903 315887921287
604142 92446063170
52894 923471104
983090 167581471611
359926 81441946334
392882 120845403594
957765 602243398209
259107 43781050592
548419 133941490960
937291 697332178982
341789 16118770906
309567 30653216424
515933 137479851353
347848 93862787231
425042 31824514744
773036 591515929838
551614 18213818400
513434 190189343833
146414 626863177
917711 736566915532
899843 705262814783
472920 44826469899
343665 102604857780
501321 109336734114
855289 214427971920
598451 153364555530
91246 5110012588
585718 229298808717
414899 64044963239
451479 190971320956
817131 93174200905
599746 134476126110
835839 131318865980
671391 293627327687
987434 514938798109
392732 112222897102
909462 456387914396
1005 914234
995801 31242380298
447479 73707491073
777683 193287884241
676256 155070123551
546437 230418521889
648324 55353177502
960452 92812015422
929087 774282646162
618926 326724976809
881112 87499176215
483609 49727348760
379869 124444669391
253744 37964715656
588087 261922160414
985499 274373688117
443529 17754472014
707080 173861094886
623678 43983535681
751929 180054024290
573522 265652035220
662241 378404674008
565705 107429591016
232254 11907321502
227054 50866071286
452805 44200902833
785429 328890093090
373495 112008596291
814631 401773285493
297409 49093896524
797590 459325437285
563952 193699186809
127233 6498298847
988725 69852046065
691383 148947811898
906926 147069209822
821949 215556644518
467476 82939576554
580065 22859035975
989353 472489207883
170554 7009659343
316914 93261069690
345990 68984429450
487128 166289191195
158610 19184585649
957271 639823447077
419390 127394316941
95170 6881221355
841903 73570019409
246498 29719395102
132216 8394143942
603790 353908851191
888014 561799875755
133745 16801976632
620622 152854940213
589518 216919386802
408310 110707551035
864330 178913123971
56967 703501876
252917 24623616697
649974 366037873168
928675 297152811792
508425 239042962685
571491 36185167760
224912 28091253334
190039 35374414566
970674 339573097800
930406 700076775222
