1000
14 3
78 3045
2 2
58 1387
79 4854
33 537
77 2160
59 3272
43 1355
78 1840
34 1105
25 117
13 10
51 399
69 2365
17 58
96 691
82 4448
3 7
26 221
16 248
4 1
87 3207
14 59
38 221
59 1535
57 559
20 382
82 5737
52 658
10 37
36 277
34 513
48 1632
66 3453
39 1416
63 3129
84 5410
34 867
38 1175
81 428
78 1984
71 3280
53 1115
23 337
62 2558
64 2810
67 4360
70 72
43 1268
1 1
84 2830
99 9765
85 3244
94 2298
39 1453
55 2714
97 5337
39 146
43 1597
4 14
44 43
97 9226
11 15
45 896
25 331
40 815
17 188
42 118
29 402
23 98
59 1314
25 612
77 358
84 1783
67 3017
79 4158
88 3060
76 5339
45 789
62 306
38 37
19 263
19 321
77 2167
34 121
23 174
85 804
13 90
79 1021
49 357
40 1148
56 629
93 4664
96 9069
93 1028
61 2542
41 767
15 211
17 219
52 445
85 5859
1 1
81 4834
65 3030
76 490
63 370
16 247
22 415
3 8
76 5103
8 8
56 278
53 2084
9 79
84 4766
85 3500
44 1234
21 43
33 602
68 1632
53 2121
7 2
6 3
90 7025
17 34
93 2861
33 388
9 80
30 895
38 911
6 30
66 2826
97 127
62 1027
73 4647
57 938
20 159
3 4
85 6821
50 1933
72 2642
49 1093
87 1929
65 4216
11 37
9 59
43 200
40 536
83 4322
22 98
43 329
22 484
90 2705
83 6534
91 6789
72 3588
13 158
26 449
64 2798
84 3861
84 4478
98 781
19 331
82 5506
47 2130
63 2418
78 5067
35 1187
42 521
48 1259
29 731
61 2429
30 325
15 171
97 9382
59 668
73 4514
76 4977
10 83
8 16
18 255
50 790
54 2091
97 6914
91 7521
70 2915
51 809
35 955
27 420
30 395
17 172
74 3708
37 10
41 1
35 423
16 246
78 5000
60 764
1 1
63 2270
28 125
13 148
1 1
37 190
48 721
89 2762
32 157
66 3867
6 29
72 2721
30 218
52 2597
70 3067
30 490
51 135
88 3627
96 8311
74 2508
5 13
32 521
45 283
93 1527
84 2588
96 5655
9 42
41 578
18 323
5 10
4 3
42 1177
23 337
24 253
57 3182
19 330
14 43
83 6228
86 5784
61 3508
88 6996
5 12
63 1857
37 511
46 937
66 2348
81 5735
72 1262
75 5160
29 234
24 345
75 4121
18 104
42 1627
65 2063
16 218
30 366
70 2566
24 512
42 987
84 209
35 752
49 2346
99 7970
95 2754
56 2858
11 8
6 13
67 2314
6 11
65 281
50 778
32 229
45 408
17 183
38 1157
44 1623
89 7312
78 3931
76 1658
85 2436
21 308
44 1307
62 232
20 88
36 938
75 1466
6 32
22 9
65 4052
97 3844
72 3925
75 3359
91 5931
89 7022
18 253
96 16
84 4692
88 5749
40 1577
20 150
1 1
8 61
73 4735
31 417
51 2522
60 1365
96 521
58 2897
29 436
31 713
47 841
63 552
42 1394
50 1706
52 2491
76 5587
17 90
25 212
8 63
48 2084
52 773
81 2911
50 2362
11 34
63 3278
59 410
47 1236
98 4350
13 72
29 630
65 2207
98 3449
3 7
85 1552
50 2227
89 1963
39 1201
47 188
46 1117
51 726
32 975
43 173
79 4694
88 6447
49 877
31 251
39 45
88 3652
84 4572
66 3398
23 94
97 8651
49 416
32 90
14 56
9 77
66 115
32 570
94 4810
15 79
64 2146
20 74
52 426
31 36
24 508
21 302
5 1
10 38
15 202
90 86
64 1496
35 245
41 455
13 35
11 43
52 63
87 2799
11 8
53 2594
63 3464
41 80
20 304
68 127
96 1090
89 6237
90 5828
52 1828
42 181
59 3150
76 4437
36 914
88 5339
73 4484
72 2081
61 173
53 2142
17 138
12 136
19 356
34 293
60 117
2 4
48 1856
39 583
54 46
18 142
85 3345
56 824
28 480
57 1414
49 601
37 285
92 753
50 683
88 787
68 4005
52 89
65 3544
50 1485
7 4
77 2091
16 76
10 23
13 6
54 1556
88 7344
84 2602
35 191
48 744
92 3847
4 1
63 1631
53 323
15 103
32 271
94 8683
19 77
72 3997
49 828
57 1463
35 860
42 1258
22 298
2 1
36 1051
87 7432
91 3235
7 17
60 1328
70 1979
94 5278
8 39
96 1962
36 847
88 3476
36 745
69 2072
21 50
25 492
72 2642
52 2134
16 94
63 1401
91 3117
72 2968
72 192
7 22
58 142
4 12
97 3728
23 221
42 334
48 159
22 353
1 1
56 1819
70 1422
13 47
92 4749
13 152
15 142
45 1420
67 871
23 40
77 250
51 1204
97 3260
31 942
70 1736
84 4008
92 5704
57 3060
70 1835
43 1201
72 2588
90 1753
26 254
70 4003
31 658
37 70
71 3704
98 7836
64 1238
85 3035
17 96
26 64
25 155
3 7
26 3
71 995
38 238
14 17
92 2915
52 1642
49 2310
49 177
61 2574
45 1273
92 301
25 392
44 1388
43 1404
30 811
32 153
23 85
65 1755
25 477
81 2137
88 5421
33 338
17 8
77 3924
44 757
17 60
85 4673
58 1049
11 70
51 1960
44 1042
96 378
56 2982
33 436
2 1
55 2237
41 1089
3 3
44 1462
92 5748
20 138
85 6849
11 75
25 187
32 378
41 232
53 1893
78 4752
32 160
42 974
63 3501
77 3452
80 5492
82 2982
68 63
69 3664
78 3010
65 2112
20 129
56 163
54 2257
84 788
46 1852
2 3
50 861
81 511
59 1573
62 3647
69 1851
51 78
84 6727
38 1394
56 2955
75 2739
54 1760
84 2438
68 4590
96 3079
28 71
12 77
77 2194
11 4
19 334
12 31
70 1422
33 86
6 26
97 1666
94 8253
10 91
2 4
20 7
20 104
63 474
20 138
3 8
63 459
11 94
41 1208
43 1429
19 139
29 600
2 1
95 4509
99 456
82 5252
99 2946
33 610
81 2351
37 1109
22 244
98 8586
96 3367
80 144
77 2295
61 830
1 1
28 643
73 3251
32 243
77 2343
49 1779
43 1105
23 191
75 2704
47 1914
40 369
28 11
52 2400
31 944
54 2853
43 1388
39 988
29 244
45 1533
25 576
3 1
47 294
75 1799
43 776
88 684
87 2817
45 1678
37 489
32 118
7 22
51 1390
36 113
9 6
49 1341
8 41
84 3711
95 3209
77 1106
82 1644
82 4625
85 2266
78 4404
27 436
34 796
57 1984
97 1546
63 3559
21 132
6 12
66 4027
25 597
59 1255
63 2467
99 5211
80 3127
76 4986
3 7
20 27
53 1903
12 91
61 2000
30 523
79 4415
98 5195
76 1295
90 6291
41 1469
48 497
80 1565
78 4102
53 844
99 319
35 1085
41 1274
66 563
50 1347
5 18
84 247
78 600
2 2
29 651
73 4696
5 8
33 117
16 69
21 142
64 4062
4 6
82 5789
96 4723
61 2490
82 4974
68 2256
90 2230
72 3454
59 2049
86 2160
73 2381
1 1
80 3760
49 40
30 593
88 6952
95 1793
61 2197
58 2217
49 1929
98 7977
2 2
9 62
39 1462
25 558
66 2395
22 464
59 579
14 134
97 445
71 1469
12 122
82 3157
61 2583
80 698
61 1128
8 9
89 3947
90 3447
91 5600
43 1241
60 1338
26 265
55 915
89 6092
71 691
19 133
33 763
50 2175
46 1371
37 479
73 3196
90 1458
24 384
5 6
8 49
50 799
19 189
95 2214
82 6296
78 3412
13 68
78 2512
71 2659
66 3141
1 1
3 4
10 14
54 1036
50 862
20 226
10 88
19 138
39 3
6 26
99 7711
9 63
44 1008
99 2934
25 131
26 340
94 1666
72 3013
42 89
25 33
82 6401
5 16
82 3267
47 893
86 7187
55 2330
62 2716
73 3565
97 329
22 28
87 233
57 90
6 27
16 191
57 3197
4 5
75 2713
59 1088
51 2069
92 7805
33 622
9 42
63 281
33 601
16 85
83 2011
23 478
59 2297
55 703
3 3
21 111
3 4
11 98
57 1513
20 158
35 80
51 1029
74 131
64 295
99 977
83 384
23 358
35 360
97 1023
90 3975
73 3059
65 3099
44 49
74 4631
87 1202
17 20
8 61
88 4890
1 1
18 50
50 2222
84 5706
59 2572
10 93
83 5911
77 2456
87 4894
73 5321
99 6716
13 144
3 1
6 9
24 350
51 151
78 4650
62 2520
56 1617
38 1132
67 1425
87 6222
17 67
49 1313
7 27
30 103
6 21
55 2309
16 80
74 2686
22 53
90 1281
98 9057
62 964
75 288
87 2099
64 3766
17 13
93 1342
71 2204
63 1203
24 209
25 475
78 6030
59 393
66 2763
61 2588
29 497
45 161
9 39
61 646
73 1973
86 6957
73 511
60 3268
38 145
20 165
21 213
77 1158
98 5754
51 651
59 2194
43 1461
97 3823
48 192
17 199
1 1
87 3482
96 1491
10 54
76 2483
10 73
83 6268
25 545
72 1579
96 3658
68 2572
57 736
62 390
1 1
94 6890
18 2
17 19
41 1121
29 442
80 1328
38 1042
68 4332
9 39
8 16
49 82
8 20
27 680
23 408
48 1903
38 1166
20 201
65 3410
73 2655
80 6098
33 804
79 423
65 1340
86 3205
79 3454
48 1619
46 697
70 3793
44 1930
86 5234
53 1310
14 185
21 4
79 3105
58 1908
65 2684
69 2101
65 3272
57 2054
57 2494
27 721
1 1
23 331
80 377
50 2200
58 2104
35 903
54 1494
25 349
91 6904
64 3749
49 157
73 768
62 1237
8 35
28 375
68 3039
35 899
39 1352
54 1287
89 463
51 1861
30 445
69 3727
95 6282
77 346
16 189
43 1427
54 1564
23 472
76 5588
