1000
47 1127
21 39
67 3098
14 154
60 52
23 376
21 249
6 36
99 2330
36 1026
25 229
48 1210
23 39
69 2536
94 4381
52 2082
68 3280
18 275
74 2119
23 503
25 92
95 3780
99 6570
65 1008
78 4125
74 3898
65 44
6 22
7 12
79 5363
77 5418
9 58
53 2536
69 2173
19 138
7 22
21 97
52 1925
4 12
76 1794
48 2291
24 528
18 72
57 1163
86 2129
83 972
94 3909
37 664
20 260
52 1791
45 396
8 23
84 1774
32 310
46 740
90 1615
85 7210
49 1794
38 588
10 79
90 1001
27 183
4 4
35 420
97 8225
49 1092
57 3209
72 771
13 124
36 853
16 240
51 739
83 4164
62 250
48 1923
86 4393
31 924
65 3313
65 3524
77 4137
64 2534
80 4686
39 608
73 1310
49 2122
73 1275
21 21
2 4
27 448
19 44
56 1443
65 3358
98 156
35 1135
66 1216
79 309
29 832
33 195
46 418
30 32
85 2631
71 4297
65 3197
50 349
54 1922
8 21
26 73
54 933
86 371
94 1493
33 60
56 2440
68 3177
80 3688
37 952
2 1
10 44
96 8819
23 286
33 386
16 89
51 943
54 2693
1 1
25 197
47 1109
71 1806
20 365
17 191
44 240
73 3061
29 90
46 2010
10 41
2 1
87 5990
2 4
11 46
88 5005
34 620
73 2578
41 835
70 3513
38 612
43 1268
73 3725
97 1434
56 1289
48 1817
82 5653
23 164
14 106
25 558
93 4643
5 19
63 2378
9 32
23 367
64 968
62 3012
12 21
51 2570
47 1023
92 6707
51 1302
76 4249
27 571
66 2592
31 67
35 273
20 188
25 264
14 148
53 2581
22 298
8 38
78 1380
65 317
33 390
66 1280
57 3010
51 1780
44 1665
8 26
73 2804
49 1508
63 425
14 75
12 100
93 5773
92 3864
73 207
47 863
65 2145
11 5
94 3769
7 34
32 629
59 596
8 26
86 5375
64 1929
11 94
53 2702
8 45
81 916
3 3
74 600
41 1075
92 8046
19 3
23 357
99 8296
4 8
41 101
41 1384
2 3
19 252
37 957
72 4475
64 2828
92 3289
68 335
12 57
93 4590
31 944
70 4324
77 2502
39 700
47 273
81 6165
81 5046
11 26
54 1452
38 1052
41 200
79 3964
68 229
40 1258
49 1024
14 171
61 2805
6 1
96 4125
94 4326
27 410
36 191
54 1611
76 4096
2 3
12 15
80 4763
32 402
83 5419
89 856
60 3356
42 1336
95 4768
69 93
33 646
37 547
73 2316
70 60
1 1
2 1
39 210
26 5
26 451
4 14
55 2193
38 1352
32 570
98 5819
77 3734
8 5
64 1172
47 1380
74 3963
52 1236
20 255
21 65
30 170
93 1756
99 3637
67 4443
83 6653
79 2259
38 519
72 41
33 521
24 572
29 570
57 1609
10 82
16 18
9 71
2 2
66 244
24 230
96 8297
94 1053
49 280
97 511
78 4275
82 6059
69 726
43 423
50 793
64 3235
16 54
20 348
66 4235
81 3834
35 486
52 739
57 1814
73 2773
36 525
88 1282
18 222
20 288
18 206
66 3232
87 1133
44 1368
97 6084
69 4231
1 1
4 8
85 5187
64 3009
94 2736
93 7448
56 1851
67 4380
79 2898
21 144
10 95
77 3155
50 297
57 86
38 783
70 1635
7 38
54 754
25 148
52 335
16 129
54 31
7 31
32 367
94 8219
82 577
65 247
90 3879
35 660
22 330
63 469
74 949
53 1797
38 213
48 697
98 3268
78 3893
77 897
65 1405
71 4687
11 12
60 2162
71 3363
78 717
99 8073
43 117
69 1717
69 3542
78 71
45 787
37 809
21 74
47 961
10 55
26 571
66 726
17 243
6 35
32 206
9 21
47 990
57 2820
41 1354
97 1285
12 50
82 3908
32 114
95 7414
10 41
33 370
70 1848
98 1002
17 262
28 730
59 2287
77 2157
99 9119
79 657
90 6274
30 282
82 3285
69 1678
72 1601
17 222
54 1196
52 2264
49 892
12 15
91 3960
69 1952
72 1301
2 1
55 680
34 107
68 1144
32 310
97 3428
33 305
66 414
39 1259
82 6296
29 472
81 4424
20 117
6 22
77 699
77 3279
2 3
56 2534
80 5105
39 634
88 6886
2 1
56 1079
33 721
94 4372
87 5272
77 3893
93 5278
92 6809
34 248
74 1522
38 393
91 2453
43 1449
88 240
59 601
35 743
45 296
81 1393
30 358
2 2
91 1791
47 1749
53 2515
77 4009
59 2032
85 6305
74 380
17 215
54 1047
98 3970
35 448
87 3491
40 762
40 425
36 214
65 1906
26 441
70 1863
57 1315
82 3806
86 6093
4 9
13 102
81 1828
77 4620
89 6516
14 59
55 1823
62 2712
81 6400
84 4577
25 339
9 15
45 755
68 1943
49 867
13 114
14 138
58 1265
40 1217
84 2060
72 749
29 691
7 48
35 409
48 1121
67 4418
77 1604
34 950
22 304
78 5155
29 491
82 2384
12 70
83 5466
46 67
66 35
10 60
98 6822
18 258
68 4419
62 728
77 1200
53 603
70 199
28 281
54 1964
42 194
91 3274
37 797
48 1752
79 2407
42 704
33 333
35 536
91 4112
14 58
37 733
14 7
85 6460
67 1058
33 919
32 72
96 6253
57 3164
18 249
84 2400
89 2494
71 3519
62 2904
79 2716
73 4765
76 3551
61 2254
22 351
50 1380
94 3792
57 642
52 2624
42 1692
27 485
61 370
35 113
71 3937
11 68
28 216
11 13
74 1221
21 31
57 2357
39 1340
35 706
83 6147
28 400
67 3538
83 5324
21 196
62 1734
98 7087
85 1387
9 34
33 1075
10 23
60 679
86 6543
78 1861
77 2367
74 3737
54 1788
45 1085
75 112
44 621
13 161
84 4130
49 22
56 551
73 3701
80 6047
93 5821
3 1
29 285
50 2116
71 1722
85 90
40 749
57 482
40 377
33 679
38 1001
80 5327
24 235
99 9567
73 679
42 1615
86 4668
94 5586
64 2601
18 36
23 34
15 59
73 1538
36 462
28 641
79 216
88 2316
97 4594
33 695
89 7314
36 403
79 3611
6 27
83 487
51 269
21 86
10 92
75 4717
51 1833
90 7029
38 1226
24 138
26 444
35 754
18 211
36 990
63 170
63 3443
60 2623
80 5550
51 2147
49 1031
84 2787
22 190
33 960
39 1430
92 3438
7 45
36 1186
9 27
47 1042
27 116
21 141
57 841
9 79
46 322
71 2878
75 1299
79 1570
61 1072
79 816
33 337
10 81
49 1293
97 7044
34 227
73 636
83 6168
21 249
19 125
43 1672
21 137
63 3022
53 1052
29 114
74 4491
62 3777
53 1725
91 6188
39 371
48 729
25 319
91 8099
7 38
9 28
15 117
26 491
11 37
16 144
96 4864
45 1397
25 105
60 2935
45 1764
41 1478
26 419
6 13
64 1351
82 1087
14 63
19 221
34 578
46 1506
45 1874
49 1927
2 2
1 1
40 726
31 654
32 593
55 939
65 81
70 558
81 2654
83 1499
85 5009
42 1246
4 16
23 516
48 489
62 3102
91 6367
52 678
13 166
73 4663
94 7737
9 77
81 5737
57 327
77 3879
84 4902
9 57
5 5
2 4
3 9
27 239
19 331
79 4848
34 217
60 3147
76 190
95 5243
56 803
66 4123
82 5636
79 2905
83 6614
1 1
76 534
38 890
78 2739
42 842
1 1
44 1723
95 2780
92 3434
7 6
6 23
62 2729
82 2731
68 508
57 2722
3 2
63 2449
17 160
28 780
67 873
30 120
94 5352
94 4781
58 1604
50 1683
26 326
43 1533
39 1249
61 1050
46 393
66 994
54 1074
16 255
75 560
41 1225
10 90
18 189
97 4621
31 26
85 901
64 638
79 5317
20 312
63 1636
50 1721
42 1655
74 1051
24 106
37 983
31 765
64 1527
15 115
37 503
17 278
65 1109
52 1992
67 2752
44 1391
84 5175
78 3105
46 2029
33 508
26 524
9 65
13 130
18 138
23 127
24 8
96 6048
14 182
61 2370
26 370
30 242
36 796
27 509
19 300
58 3049
35 1173
39 646
54 2104
82 4152
66 544
54 2382
92 1144
33 535
24 136
84 3310
70 730
98 6322
29 341
62 885
76 2394
88 6599
25 156
30 200
55 1097
21 203
69 57
52 2571
83 1606
51 1839
86 1470
35 109
53 1360
31 59
32 341
41 1140
20 46
52 1298
90 1150
91 3430
93 2320
87 6019
89 4341
23 305
94 442
68 1430
1 1
21 55
65 3270
35 1088
90 4288
43 1019
84 2262
5 3
2 2
65 1226
59 3140
6 18
73 512
2 3
42 152
10 59
79 910
47 30
19 165
66 2161
93 6519
55 1684
74 4436
45 1386
90 2879
67 3397
28 379
29 218
94 1814
59 1737
95 4439
53 200
5 14
35 1210
16 199
53 1355
45 795
48 738
11 52
59 143
1 1
20 99
81 551
74 770
56 1023
86 3001
51 2099
27 316
56 1592
58 2457
84 886
92 8422
34 892
55 2242
50 2480
80 4020
46 1057
28 112
79 4398
37 269
62 1202
32 562
74 1618
77 4438
48 1319
19 37
4 2
41 1004
97 4761
30 181
7 7
54 1587
98 8041
27 104
24 469
75 3495
19 244
46 1493
29 187
57 2751
17 92
14 49
47 886
26 552
88 28
78 3505
57 269
83 2191
1 1
55 1637
70 2143
61 2983
13 26
36 665
46 1373
44 155
39 1488
65 1710
17 192
94 5018
29 592
70 1454
5 21
96 7323
79 5681
92 4487
13 68
43 1091
63 583
6 29
57 252
36 358
25 258
75 2284
24 494
62 70
39 158
60 2670
79 5302
62 1905
41 1539
22 333
28 277
66 3155
39 665
38 780
2 3
17 50
24 212
