1000
59 2558
24 509
26 236
97 7327
36 842
70 1282
83 4998
66 4189
56 2543
98 5966
51 1261
6 3
68 308
61 1123
28 381
65 1957
77 2285
15 216
26 77
63 2483
45 1121
55 1650
57 2167
51 233
23 167
50 2222
3 5
18 127
44 430
24 207
44 1896
40 1551
94 5252
63 721
6 31
30 693
29 380
63 620
77 2910
52 532
95 6432
85 3247
81 361
27 715
65 1770
54 2312
88 1043
66 3512
48 473
75 401
27 141
67 1849
93 1430
71 701
15 94
82 5756
21 405
26 546
14 151
42 1702
27 443
42 1187
6 34
89 7697
12 142
88 2202
9 29
22 39
17 200
77 4867
68 3329
18 90
71 3543
18 166
15 31
47 1169
62 2410
22 125
77 4688
55 647
39 832
88 6700
84 6082
20 204
64 889
84 3402
26 585
59 1992
97 3521
73 3775
18 279
56 3099
90 1886
19 211
86 7163
67 3149
55 2923
30 569
44 1815
25 136
15 224
77 4235
29 75
54 1673
47 440
88 6047
28 268
25 498
90 4376
51 1496
35 629
38 435
35 775
87 2600
4 14
84 4059
94 3976
64 283
87 1027
68 4565
70 1782
12 141
37 701
70 2788
35 324
64 1597
95 4838
22 18
92 3785
81 4837
70 2559
6 36
59 2111
88 232
41 1550
34 57
48 1179
7 6
65 2313
63 81
59 2728
88 1242
46 1857
44 1768
23 171
76 1541
11 57
22 285
45 86
73 4224
54 490
45 1443
29 325
21 35
65 3338
94 2005
83 1256
1 1
8 24
92 7159
78 5494
39 554
55 1071
2 4
3 6
60 1025
70 4421
67 2660
91 1387
99 4779
31 734
2 2
36 718
41 1248
74 3385
11 29
71 754
49 66
98 3082
56 174
15 64
1 1
88 4767
70 4384
67 858
34 488
28 647
77 2244
59 3069
52 1087
95 8762
63 3132
53 1406
78 5067
90 7695
86 348
66 3155
97 1994
6 18
59 738
36 469
5 25
14 73
79 6088
47 678
26 430
26 274
98 3225
40 1494
56 814
7 7
2 3
41 1051
14 97
71 565
52 2076
99 8094
65 3191
79 6226
74 655
31 428
26 473
21 437
52 2295
14 60
17 265
96 5854
5 24
75 64
65 3717
35 879
2 3
88 4742
75 376
87 2023
57 689
31 5
60 935
12 4
59 2467
48 1386
40 1374
90 7584
90 2499
80 1749
61 2452
38 749
17 47
10 59
17 229
75 3676
61 1119
6 25
59 1679
37 293
26 230
27 222
90 6626
93 1463
37 107
34 925
85 6295
50 338
19 123
72 937
70 1870
64 3312
92 1383
39 300
60 363
84 874
40 1371
3 3
38 413
95 5055
75 3042
39 1429
20 400
82 4756
23 427
99 6141
93 3167
47 2017
25 488
75 2727
33 781
72 3107
93 5304
23 300
92 1668
3 8
23 310
82 3066
53 789
93 3848
25 295
38 1444
57 1837
87 5000
10 98
47 109
55 1949
12 51
51 2132
66 1938
50 750
34 28
54 440
29 385
31 858
86 1568
68 335
30 203
72 3821
34 1046
24 350
91 4660
76 2444
37 44
95 7846
18 265
89 1476
90 6620
42 57
84 7031
58 1511
42 187
60 564
66 3501
1 1
78 5249
49 1460
22 92
90 6885
21 83
12 34
42 1297
32 522
86 2798
24 109
3 4
14 159
70 3876
19 291
87 3173
72 405
65 2580
46 1866
59 1730
26 244
10 36
62 1581
45 1634
62 1083
12 74
79 154
73 3777
8 43
67 3874
17 98
6 2
68 1823
75 4389
6 3
88 4119
28 482
38 645
27 168
85 1691
27 130
23 516
80 343
57 1862
32 756
87 3938
44 1922
95 3366
24 199
47 1920
80 3847
89 6159
53 1278
49 631
16 253
57 1014
49 2304
14 173
52 2138
77 1985
99 8124
53 2498
87 4463
61 3270
64 3952
70 3530
83 5352
30 45
62 1565
40 1537
89 1167
20 107
45 324
16 68
72 327
69 2324
56 177
53 2250
69 134
37 584
52 795
25 160
97 7192
96 2897
93 1878
45 1889
95 3339
41 467
1 1
9 45
30 159
79 5387
58 790
12 55
20 132
52 1356
94 758
7 37
80 1432
31 704
82 6118
47 775
96 8284
77 1752
6 3
88 1446
1 1
95 781
56 1949
8 46
78 5812
45 1945
64 3586
51 1628
83 6877
99 4728
66 1070
50 1754
31 946
73 2107
52 2075
65 1941
97 190
59 3409
44 882
1 1
59 3269
62 3712
16 61
50 1897
61 969
19 187
37 1324
19 310
39 683
93 6859
24 180
87 505
78 5681
10 24
58 1349
38 373
95 328
5 15
48 1609
78 5024
70 1
10 74
2 1
51 1790
30 632
40 1537
41 5
6 11
30 348
79 4538
38 587
42 1383
15 143
73 452
98 4598
77 4780
99 7569
59 3340
98 4317
22 258
29 283
44 1167
62 314
37 393
11 77
95 7576
12 11
13 105
73 3699
11 23
46 1751
38 256
25 227
92 170
8 47
81 683
80 2044
73 4874
25 297
88 2028
76 4893
4 7
82 3105
20 298
67 2989
51 1165
2 4
14 108
4 2
73 2329
39 65
1 1
81 42
57 1772
14 126
10 36
45 399
58 2295
99 9345
81 2622
46 10
57 1690
15 177
15 63
65 2487
72 4548
13 46
80 1122
70 2360
16 149
68 4042
5 25
98 4906
25 402
89 1751
10 92
33 316
53 937
97 8206
99 5948
24 262
65 2180
69 1225
93 3272
78 2791
94 2181
42 390
91 7436
51 1921
19 70
67 262
75 688
26 307
15 159
9 75
2 3
32 269
74 5291
84 2677
15 32
16 21
67 763
76 3317
85 2946
68 4164
43 608
94 4180
16 252
27 651
61 1849
97 1021
25 86
1 1
41 1298
28 441
88 3325
98 2603
33 375
75 1462
2 3
41 1338
65 2761
35 921
51 331
83 3522
48 2157
14 15
46 1771
82 1964
18 159
43 537
70 2376
39 963
37 978
77 357
98 4637
18 57
89 4751
45 649
36 144
3 3
29 149
29 484
38 1253
40 140
47 399
84 4597
37 1010
68 3345
7 43
38 16
65 3158
22 144
36 1160
32 697
61 3080
47 1591
55 460
17 237
40 320
36 979
27 43
10 87
43 1374
8 55
83 1441
71 2190
24 327
92 1947
52 875
66 1727
20 357
67 520
96 1279
45 1329
69 4618
28 317
39 1190
72 533
58 1209
25 355
75 3399
55 2296
88 2992
84 1330
3 3
64 2141
31 897
65 1557
39 104
95 6760
66 3346
24 215
54 1185
61 461
42 596
39 105
80 2776
17 259
27 341
40 686
69 780
86 4202
74 1770
96 4418
84 4776
16 16
32 59
93 7192
4 10
86 1640
69 2150
26 369
64 3331
5 22
75 2002
24 450
44 206
20 311
7 2
79 3492
53 2266
90 2372
9 25
62 79
29 67
7 2
92 3145
71 518
32 578
93 1976
4 9
66 2008
74 1360
8 9
70 3520
96 8999
46 134
57 2623
23 166
59 1151
86 5058
12 75
96 7095
64 1774
9 43
90 7174
83 266
69 4726
79 5366
24 118
87 469
89 850
31 520
94 4892
50 410
92 635
39 435
75 4216
99 9379
8 44
80 3114
97 331
61 611
70 3624
3 4
64 3507
80 2915
97 8539
86 4104
52 2587
14 82
94 692
33 147
67 4222
55 1130
76 1933
23 60
56 1582
58 457
82 902
24 425
92 4205
71 4616
44 190
6 20
76 5176
16 92
27 269
76 337
30 230
32 412
55 1464
99 6324
42 628
99 8611
26 6
16 70
8 9
91 8188
37 432
79 4906
52 1803
6 17
3 1
21 378
40 438
64 2730
89 757
80 1015
44 1420
12 79
28 551
89 5445
77 357
94 4975
20 310
69 3362
9 22
61 1372
34 623
83 6766
12 24
43 715
7 28
88 492
57 68
23 389
27 241
43 1050
12 143
24 552
81 3907
54 2633
39 581
57 169
11 63
49 1358
95 8528
45 1774
11 61
62 2199
77 2728
27 369
62 906
95 5382
68 4110
33 231
76 4640
52 2108
85 6456
99 8470
82 5133
37 1144
78 4967
46 1503
69 3908
5 14
80 5068
13 25
39 836
95 4012
52 1329
60 1647
80 4522
59 2305
70 2183
28 628
96 436
97 5937
47 1027
14 93
15 13
54 2496
86 3269
79 5488
85 1887
28 572
1 1
33 711
97 1282
5 1
26 196
76 2566
16 113
55 570
18 225
44 1293
90 1557
23 44
64 2794
49 2274
97 2757
90 1924
59 2466
40 1525
39 221
41 977
80 487
8 11
28 491
93 111
85 2686
63 610
83 2416
32 18
6 25
43 778
49 2142
52 1351
80 828
6 15
50 2347
2 2
97 393
11 57
1 1
46 1940
53 1548
30 509
65 3836
17 58
50 2473
70 2376
83 1066
46 876
54 2669
78 1453
26 622
38 774
66 924
63 2901
41 1641
71 2829
60 2126
42 1534
28 324
41 941
3 7
44 83
14 44
15 91
46 135
67 4271
49 900
90 1685
74 1724
51 744
11 29
59 2508
23 75
13 22
89 832
81 4524
10 6
67 646
69 2305
78 3889
88 7727
49 718
41 565
62 3732
42 1122
11 56
57 3052
31 932
96 6649
94 6977
98 6993
60 272
42 357
71 4159
62 2232
18 298
82 2777
53 1963
44 323
7 46
29 441
88 5431
70 3737
30 799
51 2207
66 3867
92 2979
74 3376
70 2390
58 2727
60 3154
90 7081
55 1313
44 1324
97 6925
42 1530
47 823
93 6626
80 643
99 7038
12 114
14 70
62 563
57 3108
38 1000
11 56
57 1543
1 1
59 715
30 881
17 189
32 975
81 3654
66 3660
29 105
65 3186
59 1022
90 7855
24 357
86 1128
99 957
86 518
7 34
35 729
21 198
36 471
12 9
