1000
67 3489
88 323
68 4144
76 1487
85 5920
99 3450
33 86
68 3966
86 2905
44 1194
8 17
77 1763
29 526
98 1494
81 1662
36 322
65 3722
86 6327
64 196
63 3693
17 199
16 184
73 4222
99 4323
99 1288
71 5028
61 172
81 2044
49 2133
80 3879
93 2670
24 111
68 2168
65 3246
21 233
70 3978
52 1346
43 428
88 3245
35 6
98 8038
77 524
53 1135
51 2493
11 90
31 412
17 208
48 420
80 1688
77 3411
75 74
14 146
38 858
9 48
4 12
58 1983
63 3345
59 2243
14 157
41 852
95 1459
35 1065
43 1054
42 1189
93 729
52 1790
99 6512
42 24
12 70
22 298
8 38
24 319
90 676
36 507
16 51
57 2675
32 279
63 3533
76 4922
16 140
53 8
15 167
96 1711
82 6312
45 1420
45 1013
59 1540
33 145
49 1881
85 1841
93 5323
23 196
91 2742
31 450
54 848
79 3088
88 579
58 3143
76 4077
91 5575
67 2951
16 106
67 4225
71 3310
61 1624
71 893
85 2602
92 1185
20 256
36 956
37 663
49 2234
46 1628
17 262
53 401
70 3581
80 843
11 68
59 2651
10 92
45 1328
31 45
82 890
84 2609
45 750
60 1944
60 1988
18 168
47 199
55 804
45 1317
87 6408
52 2686
30 273
80 1204
27 239
88 228
56 95
78 5830
54 2855
35 4
92 271
81 997
52 1408
99 744
27 164
87 2730
20 155
2 3
18 194
79 4657
35 890
25 133
42 762
61 2786
60 1390
98 3688
3 7
96 276
11 51
52 545
27 521
91 7432
15 63
3 1
97 5793
58 486
78 3453
65 2675
28 37
59 18
64 448
75 1072
22 58
17 16
18 163
40 987
50 232
39 857
79 6206
84 3525
49 2331
35 1138
87 7506
90 5223
72 652
81 4349
91 732
59 444
5 10
56 970
7 5
80 992
44 945
7 30
28 23
38 501
67 936
68 483
91 3985
60 2914
86 3720
87 867
99 8816
68 1298
48 1175
89 5622
61 2538
35 197
16 20
46 236
36 980
90 7252
71 2023
21 309
22 273
96 2570
87 5568
82 1171
2 1
71 3527
44 259
22 287
11 13
41 1313
21 267
8 32
63 1344
22 256
95 904
62 1063
99 2757
4 5
69 3797
7 23
97 2504
45 1114
73 2134
55 659
75 4988
47 76
17 31
37 736
95 7764
92 3961
52 2485
71 3554
16 224
93 6760
90 4014
16 92
16 1
46 99
37 967
68 589
96 9006
34 917
74 1521
34 323
1 1
13 139
19 125
43 378
18 172
65 411
57 190
51 996
42 1117
90 2871
1 1
71 3185
86 4600
58 2996
79 2503
54 1645
70 4804
66 533
74 2388
14 88
98 2443
98 1901
35 1013
93 7193
26 205
35 361
36 18
55 1129
71 578
9 45
10 71
82 1786
60 2594
38 516
31 748
57 1682
40 1178
55 2179
66 1606
27 270
75 1324
94 5507
62 3034
59 2443
65 3003
45 789
29 601
29 323
99 9652
28 272
83 6663
72 3634
14 12
64 2578
42 859
15 214
64 265
94 6035
87 6803
90 6701
28 609
3 8
31 230
47 2171
83 1694
46 737
72 3170
19 249
93 1999
82 5545
31 913
46 1944
53 911
79 4539
43 1105
74 3848
42 820
87 270
10 69
49 1985
95 5218
7 48
78 3957
54 330
53 2771
23 71
1 1
11 95
35 779
68 1911
76 4277
18 75
89 7862
29 485
41 1457
2 2
13 82
74 4628
85 4228
76 4238
91 5284
21 5
7 10
46 1007
66 2711
35 864
41 1304
8 60
37 260
2 2
34 853
81 595
30 380
56 640
12 40
58 631
57 2507
16 38
53 2168
15 125
75 3365
81 2708
50 1232
86 5824
20 334
27 451
98 167
52 2038
2 4
2 2
16 84
5 22
11 26
14 5
41 387
75 3772
46 787
9 24
46 194
17 46
5 18
32 643
60 3174
94 3494
32 483
7 16
29 775
12 102
71 3160
37 259
26 484
41 450
3 4
24 561
19 224
15 51
20 185
68 3696
46 1570
13 1
51 2569
18 282
2 3
79 3592
11 79
90 5260
90 7042
63 811
5 10
13 121
7 7
57 2630
16 186
64 2540
74 3727
97 2461
74 392
56 1684
44 574
33 778
43 1518
36 1189
7 2
89 2309
56 2679
45 710
28 445
2 2
49 1915
14 1
10 2
91 685
15 172
74 685
21 304
24 245
71 4623
27 394
73 2031
42 158
27 594
57 1347
7 44
36 611
66 2487
41 1567
85 5654
87 2506
57 2030
91 7873
38 444
46 1936
94 6890
9 76
2 4
72 4880
49 1833
83 6529
23 203
57 2949
73 5134
5 7
11 30
80 2186
31 561
29 135
71 1631
41 470
43 607
83 1085
53 2051
12 71
96 583
12 30
66 1245
3 9
37 117
99 3114
62 610
8 21
52 1109
17 1
35 1053
5 17
42 1368
63 514
13 162
7 28
41 1334
95 439
66 1772
84 6214
26 650
44 152
3 9
16 29
15 39
68 3265
39 59
15 134
11 58
72 4141
76 1840
79 4389
16 152
19 166
21 209
62 178
86 3884
89 2307
95 6545
55 1663
21 30
50 2401
11 93
14 74
64 1140
78 3483
69 2704
8 44
67 1512
2 3
21 20
36 762
29 485
50 1809
36 1178
98 2159
94 2218
72 1908
27 422
20 39
9 47
28 375
28 453
93 2905
16 63
8 35
60 475
67 4059
89 444
72 3451
35 531
90 6553
97 3141
34 49
65 940
15 138
59 301
75 3294
3 3
84 1489
26 274
92 7206
31 443
83 1639
16 60
33 275
47 606
94 8816
89 5532
45 856
4 14
34 98
33 18
75 1904
49 558
35 397
67 4481
57 271
50 1263
72 3599
90 4604
11 23
37 1101
35 564
93 1283
78 1925
85 855
79 3973
63 1031
85 128
10 66
24 449
32 922
15 44
30 334
96 5636
63 2090
37 531
5 11
63 1551
72 4787
18 282
43 1743
6 20
59 2198
90 3094
20 118
28 240
38 786
45 707
34 669
78 4058
17 268
24 9
68 693
41 1293
94 4216
23 315
43 1188
18 207
65 1785
58 1824
34 799
5 12
68 3590
73 4808
64 2191
25 55
94 1198
82 5281
72 3462
3 3
46 1772
89 7642
66 2628
12 103
85 2181
40 1472
32 562
82 1805
30 303
59 546
63 1631
12 44
29 800
2 2
31 437
82 6198
95 6066
28 527
59 3413
19 193
71 2022
66 3296
8 60
75 4799
21 264
14 106
40 1008
47 1817
80 5801
37 708
98 9301
39 1289
69 4685
6 9
46 1419
90 4545
54 1967
36 183
2 3
14 4
33 330
31 119
22 411
33 143
91 2485
91 7265
60 1993
66 992
55 2054
13 116
84 2898
44 1389
14 31
22 37
9 57
82 2938
13 34
99 7966
29 138
16 132
68 4322
64 3691
92 8142
34 589
66 4345
11 19
57 2959
60 1262
98 4166
62 3498
56 1868
78 418
68 3480
36 153
23 305
1 1
37 837
38 411
35 313
15 46
15 3
58 1255
82 1484
61 646
9 53
11 97
45 1012
26 579
23 173
39 111
33 981
39 1288
87 5912
64 2808
96 3635
33 14
49 1972
96 9091
60 161
88 2288
50 1985
47 1358
46 1714
97 2048
7 3
91 5455
2 3
74 3944
17 119
53 515
72 595
1 1
47 760
44 577
58 3073
14 186
4 7
82 142
62 1225
89 7202
53 1069
94 4461
28 304
93 4832
62 2615
50 335
12 106
97 6313
12 50
30 893
72 97
56 2097
75 5008
19 356
92 2949
18 247
37 1197
8 21
16 113
64 1528
76 3478
25 134
90 1912
36 932
14 40
33 596
38 1041
96 3247
28 343
61 1981
77 1321
89 1694
35 1022
8 55
11 89
57 2235
56 399
16 106
22 454
36 570
72 2270
70 4873
83 5923
60 2223
10 77
80 2841
7 22
47 244
21 340
29 146
36 662
62 427
51 2490
48 231
1 1
21 363
51 1583
62 242
49 2317
53 248
13 162
71 2105
48 1506
70 4479
44 1276
44 1353
65 104
10 48
31 921
44 1890
8 3
34 482
40 1387
68 3965
24 519
66 2194
19 103
39 1450
6 14
56 328
84 5327
8 22
89 4019
35 305
26 597
3 6
71 4884
83 2264
59 1272
28 392
68 2977
41 1339
73 3568
17 178
21 116
23 90
26 40
51 1725
2 4
40 87
47 658
18 263
15 23
48 1532
25 189
5 2
33 269
95 8480
46 40
46 193
47 2068
23 82
12 16
57 2060
19 210
28 296
42 581
90 8076
76 707
54 1506
12 111
13 31
39 438
61 973
25 91
19 225
76 5019
28 776
33 873
1 1
87 5417
47 471
82 4549
66 2890
42 312
19 108
15 152
96 4221
22 241
89 7576
74 3930
60 24
67 2838
93 3839
26 671
40 1257
77 2688
27 456
72 3016
79 2951
30 391
54 1201
33 601
43 5
5 19
88 1502
73 3387
73 2885
9 18
11 43
71 2720
24 560
11 121
79 317
90 6520
4 7
9 58
25 344
3 3
47 397
86 1705
68 992
80 1724
29 413
70 134
51 40
53 1033
91 7021
44 1667
47 955
96 2451
39 579
87 4540
10 16
90 7595
93 4316
55 599
92 7383
57 869
2 4
3 9
76 733
47 896
24 337
15 19
77 1599
86 4603
81 2712
22 271
83 834
43 1349
59 962
6 6
56 1625
30 556
51 458
35 693
14 77
23 69
42 777
7 27
86 3768
87 166
9 3
46 153
59 3302
44 41
6 23
59 3468
40 1071
38 552
29 551
8 2
61 3315
10 27
69 3151
49 246
87 4404
88 2427
17 17
65 1236
14 93
7 27
77 5002
38 353
96 2214
28 694
