1000
67 2207
22 67
9 49
98 1093
52 1331
71 1716
52 185
14 171
5 22
28 211
38 1324
39 577
7 23
91 4645
44 739
75 1219
15 23
64 228
97 5876
46 753
31 161
57 2355
93 6449
97 4886
7 28
56 1540
54 597
1 1
13 108
90 3510
66 315
94 3365
1 1
80 1251
41 1441
89 427
51 789
91 5369
38 7
80 3380
3 2
60 100
52 1214
72 2912
94 354
81 4214
50 2500
84 6613
17 193
68 3851
97 710
8 4
94 4860
44 1820
29 61
63 2337
98 4249
76 1238
75 3349
73 498
41 294
39 614
66 1243
62 1231
2 2
89 3752
81 848
79 1841
72 1725
92 6262
35 1162
27 728
40 294
43 1312
14 54
98 3870
30 483
76 5149
9 7
6 19
46 1660
11 37
90 4136
24 36
99 682
88 2599
90 4630
89 5684
44 1680
93 2249
18 250
35 1070
70 2475
98 7128
93 7867
50 1528
37 352
16 126
30 722
4 9
48 1855
98 1051
12 128
58 3333
63 3594
86 66
74 5394
66 4255
80 2824
73 4623
82 4846
11 1
28 589
99 8432
88 5006
4 4
49 617
22 25
68 2221
69 2893
37 312
95 5115
18 233
86 2736
66 443
9 54
15 211
64 2839
26 5
11 24
50 1058
1 1
32 93
7 27
5 13
17 287
97 2771
67 937
68 157
30 48
78 1793
74 1002
23 350
5 5
56 564
21 140
26 162
96 4360
7 8
23 16
10 36
55 1462
34 1111
86 1828
36 293
47 1578
65 3422
60 613
66 2950
57 2544
81 2893
30 113
59 1015
11 88
68 1549
49 287
66 416
8 24
31 232
49 1668
33 462
25 322
46 1262
35 97
3 3
48 1025
2 3
11 96
16 127
26 647
98 331
12 13
89 4026
16 228
98 2166
5 8
48 2297
74 2026
25 39
69 4642
75 2890
6 4
24 377
10 47
51 2150
58 713
96 6251
5 21
12 10
67 2007
53 805
92 5208
43 395
73 312
69 787
91 5602
78 2716
9 42
74 3237
11 79
31 170
21 406
73 1462
29 260
30 253
47 1834
69 984
40 170
24 293
56 28
28 642
58 484
46 1748
4 11
59 1612
2 2
39 437
24 376
67 1248
75 5101
99 7456
9 51
94 972
25 153
71 3553
24 425
13 57
6 14
44 488
75 226
81 3029
75 2350
18 44
3 4
79 1354
60 2404
84 3879
87 6642
16 54
2 3
45 725
14 174
32 810
16 46
32 426
42 1657
43 1300
96 6587
52 1105
24 339
18 75
5 14
73 1533
26 47
72 3040
19 241
25 436
86 1897
78 3937
26 40
55 1207
75 1964
44 1585
69 3895
15 79
95 3353
59 2670
99 148
24 277
73 805
76 4674
34 48
28 461
36 1096
92 4554
81 5274
5 13
23 251
82 4663
88 6115
63 3723
53 41
54 236
34 1063
31 459
26 296
38 1048
32 89
38 1031
2 2
10 27
11 79
30 348
25 525
22 122
72 2673
90 5777
39 155
25 136
94 4580
35 601
16 34
61 3628
59 1027
75 2313
8 54
93 5032
3 2
49 2170
77 4286
50 330
2 3
66 1365
25 349
85 5238
14 75
10 69
90 1018
79 2063
55 2966
42 1039
21 150
36 193
7 30
10 64
84 2442
54 936
35 130
33 255
82 6429
5 17
96 8039
52 709
20 185
15 10
47 1266
2 1
59 3353
82 6011
58 2356
23 215
84 2048
67 3704
81 4971
6 32
12 106
99 3539
55 808
16 14
61 2657
65 1689
25 262
46 1592
15 101
36 80
31 72
24 58
44 1255
71 70
49 1079
65 391
90 5491
84 6187
39 51
67 3672
32 144
50 126
50 1468
13 16
68 4548
9 80
18 61
80 4033
47 1432
99 8736
24 547
20 27
60 2389
46 339
62 1132
32 286
8 36
19 251
11 47
72 1783
43 611
35 664
93 6490
64 1770
29 608
11 101
22 28
47 1837
8 52
25 365
64 3696
42 128
80 3942
38 773
67 1453
24 222
38 1270
56 1579
14 175
85 5439
29 266
7 10
14 94
38 774
84 1434
21 198
10 28
15 37
45 1070
51 1052
80 2727
16 136
18 310
85 1359
80 3824
48 323
24 58
93 156
16 56
71 3005
22 191
15 84
79 1467
69 402
30 223
12 48
71 4586
49 1
98 8862
9 56
30 141
62 1562
88 7332
24 573
57 32
9 9
96 3908
58 3054
35 985
32 625
66 1254
58 1242
50 879
59 1226
59 69
34 997
85 4603
82 327
75 5113
5 2
92 8049
77 620
51 835
60 2131
92 1481
52 1844
28 692
24 56
55 2711
41 1206
11 59
72 3842
29 186
37 1108
71 1186
28 702
87 2137
51 71
74 3279
32 492
78 1310
6 35
77 2736
89 3651
62 2399
35 746
51 1359
91 2725
44 319
74 5094
64 3930
30 375
73 179
87 2624
60 1543
94 1328
49 370
16 90
21 190
76 227
15 58
65 851
98 844
35 394
68 1411
45 709
76 970
46 475
83 844
6 21
61 1191
6 5
75 1041
24 140
93 597
56 1307
73 367
39 53
46 1400
20 328
95 8428
64 510
75 3494
12 126
4 4
97 7596
90 2381
61 3426
60 1589
93 7244
10 57
7 45
77 2800
6 35
98 7033
61 894
32 523
40 345
5 11
12 37
46 1029
63 816
7 5
38 684
36 118
60 2656
56 2648
65 72
75 2093
35 837
54 401
71 1937
40 1254
5 10
98 3847
19 120
29 270
68 341
10 56
31 757
76 4191
56 3133
54 1683
71 1848
15 184
75 804
35 961
98 2570
64 1541
92 7598
55 2455
52 18
60 533
83 2956
86 2577
15 128
72 154
2 1
86 4441
90 2694
39 787
48 511
1 1
62 1400
76 4846
26 233
69 1340
16 243
90 3660
65 1440
45 1382
18 126
87 5521
53 469
67 2427
14 181
61 2733
40 1086
51 690
3 2
57 552
87 4951
41 935
66 4142
59 1881
73 4645
68 1574
66 1615
23 334
91 4749
74 2614
41 758
17 189
3 4
35 41
52 295
93 2446
91 2542
64 3169
94 7292
28 754
25 555
52 404
90 1347
58 725
75 4190
10 47
6 30
24 105
21 34
92 1949
61 883
58 3323
48 778
28 3
53 1868
31 755
3 9
19 180
54 1421
2 4
91 90
80 1830
92 4930
23 522
97 5448
34 817
47 2060
97 8834
80 1641
38 701
17 22
22 227
32 919
21 6
91 5471
38 1267
64 60
82 4629
25 471
56 2902
98 221
52 2527
99 1975
6 7
93 6284
46 2046
20 348
60 1151
18 33
93 182
66 275
29 799
13 156
87 2389
84 4766
33 1057
5 20
5 2
18 149
18 182
1 1
28 546
6 5
17 215
94 8558
79 4493
80 597
81 707
79 4067
72 3013
4 8
13 72
75 1355
96 8745
19 228
82 3079
53 2726
20 252
66 3462
6 26
29 777
6 17
17 96
5 20
73 1432
66 1775
38 440
46 300
46 266
5 18
2 1
56 1609
62 1103
55 1450
75 2480
12 62
57 2198
86 1192
21 199
96 7797
15 220
89 5883
8 23
51 2158
98 5699
51 1819
26 75
76 4524
71 69
30 636
4 3
41 910
22 342
1 1
75 3856
73 653
92 4717
72 3852
58 998
58 2613
13 27
1 1
82 2036
57 3217
84 3701
43 320
94 8166
81 3087
55 474
91 2621
59 1190
5 13
80 1066
80 2774
88 7714
78 5177
33 287
43 621
54 2812
68 3311
52 346
48 718
25 279
60 2991
52 1615
63 1928
29 266
73 4971
56 1918
24 411
51 1998
30 202
37 1240
86 4505
44 914
21 424
26 65
78 3110
54 2072
37 1323
10 67
44 673
33 832
88 4923
27 490
97 5832
40 1236
74 3039
36 1028
22 116
19 76
74 261
82 3844
5 3
8 62
71 698
40 1263
57 2728
12 58
53 2128
56 924
9 7
85 5768
15 138
8 63
55 1575
81 4569
99 4661
49 2118
16 161
8 48
47 657
83 4495
5 1
12 101
88 4400
83 5492
59 39
21 278
58 3280
2 4
67 841
21 373
67 11
59 2330
23 517
22 136
65 818
43 192
42 609
14 49
91 687
21 243
51 2196
71 2655
12 3
12 57
4 2
25 495
44 62
6 31
41 667
36 15
34 895
84 770
75 2017
1 1
94 3177
62 97
64 2965
20 366
18 9
9 21
27 420
21 357
28 570
93 414
96 4603
38 553
21 381
23 291
13 92
89 7228
71 196
69 4713
87 3629
53 29
28 563
44 69
76 1162
86 444
5 20
36 630
2 4
54 1212
36 218
28 396
16 210
75 1457
49 726
29 252
19 329
96 2393
74 787
37 326
46 1606
98 9028
98 7824
50 1604
35 316
12 1
31 515
56 1807
97 621
45 670
27 81
89 6293
32 355
24 460
82 5511
18 279
25 172
62 2723
54 1774
97 2501
53 2189
13 2
15 92
43 954
43 529
56 2878
38 963
67 3101
86 2859
83 5717
42 1045
16 55
40 1346
15 79
92 5721
1 1
92 687
22 145
96 5567
55 2085
28 331
65 85
46 174
68 2445
74 4415
27 284
83 672
4 13
83 3416
8 62
15 28
75 4303
65 2965
39 1396
43 1302
60 1656
72 2777
39 1474
34 489
85 6017
20 34
77 1284
84 5003
17 259
85 4191
53 1435
5 22
60 3139
20 381
40 301
63 3074
51 563
70 1601
83 5333
50 2263
35 575
28 783
75 1006
32 375
26 13
15 141
74 1071
92 188
85 6420
5 13
92 1663
21 239
66 3386
83 2270
19 320
35 169
27 128
5 6
1 1
96 3555
70 4795
63 1708
73 4203
62 3466
1 1
6 17
2 4
83 6106
54 2781
6 2
8 38
43 307
66 951
74 4503
