1000
47 650
97 3577
65 2525
96 1207
47 397
72 74
72 385
60 503
86 7026
56 2604
78 4312
4 11
65 3169
13 121
31 464
4 14
20 48
56 1153
23 331
49 315
85 883
40 1411
71 4238
12 53
72 713
57 644
32 210
26 551
27 229
7 46
20 9
32 993
99 1618
53 1856
97 1632
24 369
59 2462
1 1
88 6865
95 1914
81 4419
12 123
15 134
9 13
38 513
33 198
33 775
37 501
69 4126
66 1397
86 1231
54 1333
26 59
84 516
32 925
38 1062
33 950
14 175
14 121
4 4
16 180
25 585
76 3056
66 1151
48 770
43 752
93 5840
16 70
21 393
21 119
77 1074
75 5031
51 804
70 2597
99 5779
81 327
48 813
93 7451
10 68
41 1647
69 2287
5 21
57 148
91 154
2 2
2 3
25 100
75 4876
62 3590
24 154
95 6526
84 3954
15 136
21 168
44 1879
40 460
33 562
55 690
95 4970
67 2510
73 4887
31 567
71 2514
83 2792
93 2034
5 24
19 145
23 426
19 355
1 1
71 1853
40 364
37 366
21 206
49 1134
79 2226
21 426
20 322
86 7212
25 484
91 5045
26 241
32 698
30 10
96 3135
47 948
42 1241
58 3269
10 74
74 2722
1 1
30 757
25 9
69 912
6 10
24 341
56 841
99 9666
48 1171
37 541
90 5305
88 303
13 16
57 1436
64 1410
7 49
31 379
8 46
41 249
70 418
89 5609
10 58
63 280
29 473
52 2387
3 4
64 939
99 49
46 263
23 491
5 11
66 402
25 461
1 1
55 2576
72 5099
96 3531
58 295
69 2061
20 68
89 7258
7 31
27 423
81 258
25 21
35 248
69 2973
64 1437
72 1142
8 2
73 2382
25 574
59 2665
97 58
56 2204
49 2219
69 4287
9 47
23 18
98 8619
68 3581
27 358
94 3419
15 74
5 3
89 1032
49 632
22 374
43 1382
47 1194
15 202
19 201
30 432
69 3891
15 20
50 982
70 4627
97 5183
74 2634
65 1427
36 370
89 7158
39 534
64 4060
29 765
69 4229
92 4033
36 1151
75 5532
94 4311
36 528
34 821
68 4357
55 1111
76 1367
59 801
11 4
62 973
13 67
68 3934
71 2085
90 4713
86 1624
6 35
38 147
22 480
10 60
33 562
3 1
21 125
49 281
80 368
58 3140
97 2794
9 68
73 3713
8 32
75 4613
20 37
29 487
61 2641
36 750
71 4534
47 1857
98 8290
5 22
85 5557
23 25
65 2020
58 756
16 230
75 4403
73 4581
7 1
49 461
56 51
68 4294
87 6536
12 117
80 1022
65 3896
77 123
73 4160
57 377
28 265
77 472
28 65
44 798
30 684
49 1112
28 158
10 74
94 6433
20 66
40 379
50 966
36 1132
90 7317
78 1935
47 302
28 562
98 8964
60 2017
38 471
56 1668
89 5932
19 249
66 1452
51 194
49 1705
50 260
97 187
39 167
25 245
53 1877
12 88
32 145
41 501
64 910
87 4095
74 5110
99 7679
86 268
21 22
5 1
92 4995
55 1260
44 221
79 2945
44 1303
30 833
13 98
92 520
15 138
65 2030
46 750
7 1
79 2158
42 937
82 6238
7 6
66 44
16 17
72 1778
51 1559
75 2909
87 5877
69 504
96 7298
97 2589
89 4876
32 505
75 2066
21 282
80 2647
29 331
3 3
90 5307
46 398
99 7709
57 1967
99 4752
62 3188
51 902
46 1933
16 35
20 17
15 28
73 1958
96 549
88 4351
58 415
43 1380
35 489
4 9
75 648
67 1152
15 55
75 2031
68 742
69 3864
77 996
10 18
30 118
3 5
83 4514
30 694
55 1051
6 25
58 1105
30 805
32 119
29 500
64 2927
96 6206
36 910
42 77
92 7100
82 1667
59 2455
55 672
98 5781
41 1021
99 6457
99 1885
22 231
2 3
27 277
51 605
16 99
56 2204
7 48
11 28
99 828
43 1278
53 2100
59 1461
66 3126
8 37
88 7313
35 1023
10 21
58 2998
37 631
3 8
76 1625
77 3412
29 176
14 13
29 497
62 2458
70 4165
7 1
65 2195
1 1
36 462
85 3843
30 606
35 519
96 5199
50 1283
24 129
89 1675
30 436
17 28
2 3
35 416
22 77
33 191
85 2779
9 16
16 162
99 3221
27 214
12 134
43 94
84 253
11 31
34 629
16 17
53 957
28 439
36 1237
42 1440
87 1844
56 599
94 6767
83 5564
37 923
86 6720
3 7
76 1185
55 2736
15 221
52 1917
13 28
6 3
27 57
3 5
21 217
26 203
20 50
96 3002
85 146
68 2788
53 688
48 1661
24 527
78 1224
33 451
77 3267
70 706
91 7416
80 5259
37 1195
75 782
58 399
22 384
60 2989
83 508
94 5192
26 453
60 51
63 315
36 859
85 4660
25 141
8 5
93 1756
21 310
64 1458
40 333
48 81
84 3922
13 69
88 3708
81 2638
53 1601
43 278
94 5152
51 1560
64 2459
29 402
5 14
5 19
74 4891
33 496
83 876
35 74
64 2859
17 47
97 5536
61 499
29 408
46 1704
20 201
54 1856
32 165
7 17
97 8131
22 327
5 6
7 29
60 3468
86 2138
51 968
93 7410
54 2093
15 169
52 671
30 821
18 276
29 49
6 12
51 1261
65 3051
95 4236
21 84
87 1498
93 4503
25 189
59 1899
9 27
50 2296
87 3977
5 1
7 23
34 752
2 2
23 473
38 950
14 148
55 2219
85 11
11 10
74 4657
96 2811
80 5596
41 601
72 1620
55 2635
20 332
67 4289
11 64
43 319
19 238
97 1770
57 1235
59 2443
59 1640
49 1951
89 5566
3 9
86 782
28 21
1 1
50 2339
68 2733
86 1538
23 15
92 6614
38 961
84 5517
63 253
81 5147
56 1926
12 68
4 11
86 3410
13 86
52 2259
82 1409
17 14
29 380
74 545
40 647
25 357
51 1082
53 691
59 3344
20 298
96 128
47 259
20 268
31 22
44 771
27 260
41 552
26 293
42 714
55 292
17 208
69 4274
17 144
21 256
1 1
3 7
91 1900
16 213
78 3466
23 254
54 430
77 5001
42 902
10 36
80 1666
23 229
44 1675
49 1778
4 6
42 1107
99 2044
5 10
81 1134
30 368
62 2948
24 522
69 2853
91 407
90 608
99 3293
23 101
98 4392
14 17
36 1066
54 1288
45 853
4 5
52 1786
30 15
36 1205
19 98
7 33
69 1499
35 300
18 32
63 2520
38 76
66 3967
61 1727
61 3035
52 740
12 84
3 4
99 6779
19 56
48 1418
5 7
3 5
48 1889
88 829
96 2381
19 285
16 226
10 98
56 2848
16 187
98 6106
36 759
64 1903
32 734
20 11
87 4912
5 2
13 143
45 844
21 313
34 1071
17 71
76 3072
11 26
33 814
52 835
46 1721
82 2190
55 1394
6 11
6 1
83 2220
21 109
31 300
92 6592
71 3450
35 305
58 1448
33 303
40 379
86 1057
4 4
83 1284
42 1659
25 2
61 2492
48 1043
63 592
99 2095
72 3598
59 945
68 3172
72 2590
18 293
13 70
90 453
54 1661
79 1118
81 1126
97 8253
5 4
83 6126
11 26
37 677
44 1702
47 1174
71 158
11 17
65 2318
68 57
54 216
96 6826
25 296
74 1535
37 187
80 4865
83 4059
74 163
74 72
59 432
56 933
74 2730
14 145
53 1176
61 1165
62 813
80 2859
26 42
64 3713
46 669
43 579
67 3607
55 1400
34 893
11 120
56 685
96 8062
9 17
62 238
64 3106
72 4708
2 4
89 6171
93 2580
91 3989
4 6
27 41
32 330
43 473
79 3827
58 1414
96 4359
13 60
19 148
72 2090
74 4991
96 2996
70 3825
59 1545
60 2026
16 244
13 135
17 282
3 8
34 38
34 1146
86 2516
43 227
90 1627
13 102
31 953
13 151
79 5033
62 161
69 264
73 1062
66 27
63 353
69 442
99 3950
20 213
77 4626
74 2281
82 312
13 59
4 14
52 529
20 171
99 85
66 2781
37 514
89 4812
60 1752
70 2462
51 415
64 378
5 19
91 3260
82 2512
14 39
57 2371
41 885
14 14
38 605
23 159
61 2675
69 3105
29 655
94 2650
84 3861
26 483
23 291
73 2655
13 138
70 2510
65 4200
43 1003
15 204
38 1070
20 371
74 4331
97 6522
63 2177
98 1250
42 311
48 2161
64 2559
27 386
16 195
8 43
68 4536
61 2499
62 3371
10 64
96 5785
43 1479
90 4159
57 1972
23 363
78 1144
39 1031
38 1361
26 650
77 1279
75 3249
5 20
47 761
24 21
4 13
31 489
42 823
53 778
27 438
95 4384
76 966
98 991
20 199
95 8558
2 1
81 6155
10 82
76 4513
6 11
70 4206
98 8947
97 7113
42 686
34 565
79 4468
73 2523
12 102
98 2819
54 753
89 219
69 3516
94 4752
29 193
48 1745
9 71
42 127
96 4433
87 2759
50 379
37 263
83 3125
59 1363
81 3188
57 2995
55 523
23 95
50 1122
38 801
86 2541
61 3578
54 1606
42 1609
32 917
49 2092
35 865
71 3762
47 2084
72 3149
27 11
10 10
92 5817
37 754
5 24
80 5375
34 980
2 2
63 171
79 1951
43 406
72 4140
34 631
28 502
89 3900
25 40
69 2914
38 178
60 461
75 3027
63 1703
97 2009
9 19
3 5
92 7103
93 7325
38 1000
8 50
89 4546
71 420
16 37
19 62
79 3533
1 1
6 4
21 430
10 38
80 4893
57 404
60 2538
35 146
55 400
2 3
6 5
45 662
15 203
95 2791
9 30
21 409
9 54
27 6
67 3920
30 105
19 59
87 4285
35 354
64 3807
56 830
16 23
41 210
20 295
