1000
17 9
52 2158
90 3831
32 637
10 17
55 143
74 2283
63 602
50 934
33 743
9 74
80 1387
2 3
87 308
66 3259
72 1946
20 181
90 2666
50 1489
66 2322
73 4820
65 4154
94 1502
40 1488
30 676
69 1518
1 1
37 1240
74 1177
88 1601
79 2911
16 78
76 2789
72 815
39 1006
54 2583
40 249
43 269
21 428
86 3670
46 820
77 4421
83 4086
99 4418
83 840
22 288
11 69
75 3179
49 1059
84 5787
27 516
37 161
58 5
97 7515
11 34
43 446
25 180
42 1402
11 34
66 1139
99 5423
78 1976
87 132
78 5672
99 3367
84 1670
52 1624
13 21
98 7055
72 1232
24 70
33 860
12 77
81 99
69 4698
99 2767
38 1009
79 2721
90 3608
25 359
62 2549
10 59
82 3537
38 631
90 7324
93 6774
41 844
67 2434
63 2870
42 623
14 166
93 1756
8 37
4 4
55 1386
28 203
11 109
53 2094
89 7439
34 644
88 2876
43 984
83 395
90 4046
27 93
73 1160
39 792
87 1856
70 888
30 821
91 6036
22 347
72 975
83 732
82 445
48 2164
20 384
31 248
4 4
20 232
92 429
74 32
1 1
97 6690
79 378
86 6474
73 585
39 449
21 328
22 96
29 671
64 3198
85 6795
2 2
97 3115
3 7
33 296
28 66
12 41
73 3911
17 218
8 22
49 1995
17 207
44 847
38 1096
74 2337
96 5872
3 2
9 79
21 66
15 72
32 405
2 4
81 1935
83 2517
51 576
83 6091
80 5306
66 1307
39 1398
44 1819
79 3279
75 2508
34 567
92 5717
24 13
71 4641
68 1163
39 1389
27 16
31 363
58 1927
5 14
39 68
96 1865
77 5369
6 21
91 6861
97 2706
63 1945
89 7571
70 4447
73 2751
43 164
9 29
52 749
89 412
48 645
37 1012
4 7
33 1068
50 2360
34 1094
92 1991
12 80
52 1016
34 1091
6 27
56 42
28 574
47 2191
9 38
98 7355
77 1470
54 2054
32 958
44 628
66 3479
58 856
24 537
96 3117
24 225
47 1126
69 1107
1 1
44 1277
10 67
29 479
1 1
40 44
7 48
52 2160
72 3198
69 3613
31 27
71 2743
87 5985
10 80
44 472
43 1516
23 123
65 3134
63 1219
41 866
56 2328
41 1554
10 72
89 4005
42 117
84 2174
13 27
57 2882
29 89
40 1287
45 1237
16 169
83 1834
49 615
90 3481
10 95
8 35
48 2126
53 2709
81 5228
22 122
74 2624
43 713
60 3252
76 392
2 2
91 7742
67 2374
69 2925
49 357
64 2337
98 6705
92 5697
97 2280
94 2051
43 1327
2 3
1 1
42 1005
18 217
64 3658
98 3864
65 1086
75 603
85 5676
6 31
28 65
3 9
93 1472
29 659
62 2951
97 6191
4 5
76 1396
36 1029
94 4046
50 679
30 85
90 90
8 11
45 1661
78 5006
35 877
13 30
18 317
97 7382
3 6
6 13
60 2396
39 1015
92 2193
13 87
71 3356
95 2735
96 1830
79 3511
12 84
88 6860
76 810
7 21
52 1420
64 1537
99 7018
40 88
15 26
78 5714
7 49
87 5142
2 2
43 1092
67 1377
95 3134
26 114
54 1718
50 910
17 88
37 697
48 745
25 361
27 617
77 4275
34 323
98 4054
87 2959
23 483
66 2457
59 883
38 694
2 2
30 594
54 2043
18 130
4 2
20 247
18 158
86 4931
30 292
82 4853
88 3572
85 4025
3 2
33 942
43 981
36 892
69 4703
39 1242
10 79
11 28
89 4562
5 21
23 168
39 276
78 4007
57 1406
61 1267
33 169
17 126
10 6
69 1551
44 830
23 11
72 1930
65 3081
6 4
35 455
47 490
23 230
47 1454
67 2471
65 525
98 2375
60 2334
76 1369
56 1734
72 4292
51 232
4 2
32 13
86 7102
14 78
10 39
85 2121
24 152
94 316
30 301
8 39
79 6145
49 1866
12 43
63 3759
1 1
27 679
79 2805
95 8227
60 3304
19 95
77 3087
88 5776
6 34
96 2254
1 1
24 351
5 1
75 5407
37 214
82 2086
12 68
96 604
17 248
45 1131
19 298
38 958
44 1023
92 7000
72 1780
29 708
5 24
55 2881
75 3955
48 693
36 750
14 42
28 156
92 569
75 914
14 136
25 535
32 316
7 37
39 493
74 1887
78 3409
3 2
14 54
65 2050
70 253
89 2744
4 9
16 131
26 256
39 1234
9 24
38 504
25 417
28 280
47 240
42 1284
27 107
53 1328
83 2551
41 1095
1 1
32 79
13 80
94 3195
70 2019
29 546
28 121
16 183
52 308
1 1
7 45
69 911
53 2119
89 2898
66 4261
76 113
54 338
61 2599
25 4
44 767
94 7218
72 2009
62 2237
77 3457
92 7162
16 69
7 23
80 4360
62 2379
12 103
8 64
12 128
21 165
31 599
65 1904
73 1743
40 1239
21 89
8 20
76 3960
62 340
99 5649
67 3037
36 593
78 530
58 509
26 138
58 375
10 25
81 5621
1 1
39 318
24 215
76 1355
73 3539
72 3135
99 4246
93 2664
79 490
10 85
68 2757
88 4843
40 1430
4 14
90 3662
18 39
52 1071
58 1883
30 403
3 6
9 45
78 1050
48 428
64 433
82 5784
74 4097
13 6
48 872
88 547
87 983
6 1
11 103
81 3727
97 8919
1 1
55 2321
33 814
99 4304
23 121
67 1764
52 612
74 3131
97 3889
77 4878
44 748
53 672
96 6394
32 328
21 264
1 1
52 2313
97 807
64 2437
99 9481
67 2778
49 539
52 1438
29 204
48 1178
95 5001
41 1310
9 42
98 3682
89 2385
80 207
47 1854
49 473
17 94
10 96
20 220
6 30
13 105
86 1840
14 88
92 7748
71 514
80 1057
53 2664
99 3915
40 285
32 838
13 67
66 3229
17 198
43 1786
80 5012
76 691
90 4573
49 982
47 2094
83 4210
13 142
91 2953
11 3
23 10
27 199
86 7047
70 225
51 182
76 1615
31 135
97 5523
63 1883
9 22
9 29
96 5612
23 146
35 1006
90 5696
20 91
76 667
52 364
9 9
58 3123
42 1305
41 928
51 194
91 6753
37 1060
41 703
74 316
32 945
90 6935
55 1895
65 3400
5 25
49 1218
14 72
94 6069
40 522
19 334
21 222
56 209
99 9659
93 8088
79 4417
37 947
94 1420
54 1174
4 4
94 8254
90 968
98 5140
17 28
19 114
10 1
88 5902
72 923
61 8
32 496
46 230
83 2480
55 2007
29 636
67 1781
66 4281
84 4963
69 4144
24 434
20 170
1 1
16 128
17 31
52 2458
13 77
17 12
22 133
22 74
69 2482
69 4605
7 38
12 10
72 1388
15 186
91 7522
14 144
44 21
96 3851
35 1198
47 959
92 359
42 1502
60 609
77 4710
86 3190
92 3799
4 4
64 1106
17 36
73 5071
94 7301
67 4458
16 160
35 457
28 363
65 73
4 4
41 566
32 547
2 1
82 3708
48 1514
21 239
13 112
33 675
5 16
64 2961
74 1681
97 635
25 140
85 2665
98 8400
82 990
4 15
48 1162
2 2
36 982
73 4948
58 277
94 358
73 3245
1 1
69 4646
60 1390
38 90
25 423
85 2971
1 1
61 23
55 1424
86 1097
67 2368
19 47
45 192
31 291
45 1632
64 442
58 797
10 5
39 235
15 47
24 431
14 106
63 1535
53 1705
47 2029
65 599
77 5593
24 150
75 5281
95 2379
27 249
24 225
69 2401
94 5908
16 151
70 2557
39 480
62 1353
87 2868
25 289
31 841
7 27
29 690
33 409
9 14
35 323
11 70
68 452
26 121
43 1462
31 562
32 671
99 1248
29 472
23 419
86 7088
59 88
75 1598
20 389
30 82
84 1387
91 7763
24 365
57 1952
92 7322
59 1584
88 6338
10 89
86 2214
44 794
11 109
87 6390
64 1882
76 5639
19 241
63 2897
64 298
11 99
17 251
27 89
9 59
84 5908
87 7551
64 4053
82 4010
65 2173
66 22
78 1808
43 531
31 597
97 6035
73 2525
69 3563
3 3
96 2829
38 1419
99 1306
64 1896
56 1549
73 2732
7 5
42 844
17 167
17 172
80 3099
3 6
39 632
25 127
82 2636
52 2053
51 1832
33 210
69 2589
86 5786
3 8
1 1
49 579
89 936
19 261
74 5242
84 6061
57 2855
5 6
88 1918
56 1447
95 4474
52 1436
17 114
92 5747
6 20
58 3255
12 97
19 49
7 36
28 728
47 1462
40 1186
86 2759
84 1782
81 748
17 151
90 2602
11 71
85 2241
91 680
59 1106
89 4245
96 2972
59 3268
56 588
86 660
13 87
85 6174
4 9
93 2321
5 13
70 4697
80 5804
58 2616
76 2671
65 1109
51 1663
5 9
40 1209
73 3480
69 2180
25 464
49 555
57 886
7 48
70 986
55 2545
98 2532
96 4378
17 231
11 77
78 1478
62 1923
95 3452
16 205
89 6597
30 425
55 885
53 4
53 1857
70 2715
36 891
17 251
33 819
46 855
16 153
91 8232
48 510
80 392
57 982
88 4386
57 1476
19 114
34 32
87 6540
87 5660
90 4460
50 2039
1 1
89 5148
38 218
87 3478
30 505
96 195
25 477
28 240
87 335
19 70
29 516
34 399
90 960
6 18
87 3228
82 1733
60 2681
13 136
67 2864
41 1474
24 323
71 3680
11 88
48 400
81 6000
9 5
96 7495
41 1015
71 725
66 443
1 1
78 749
27 722
70 1475
31 280
52 1950
88 2743
74 1980
74 3758
47 1216
7 26
61 3202
75 1234
65 1361
28 266
66 3758
65 3804
37 833
99 3322
91 4301
67 2716
75 2656
52 1531
47 1559
32 19
72 2915
91 3465
33 165
53 2022
91 7411
