1000
81 3421
20 91
88 6388
39 1383
68 1964
71 1235
49 1128
66 3625
84 4337
61 3134
85 4992
94 5601
18 12
78 3151
57 905
56 1033
30 68
73 5203
18 133
54 2148
72 3600
31 289
74 2663
52 1386
83 2208
99 3092
7 16
39 1521
37 334
77 851
46 1049
18 204
61 2318
8 60
55 1802
38 1251
23 384
63 1074
43 1604
76 2419
5 7
13 22
83 4455
89 145
29 462
73 3811
68 504
57 1352
9 68
15 211
8 3
91 5466
16 255
62 499
86 6112
68 3474
87 1941
37 236
91 1100
38 276
84 955
99 8231
62 1618
92 5747
28 243
62 2728
11 16
28 180
78 1648
93 8133
15 219
73 1513
88 4998
76 4501
84 6162
2 4
64 3786
52 1708
25 620
26 273
13 15
91 6287
53 350
37 749
13 156
60 1405
16 208
36 1277
84 2725
10 97
22 236
15 128
59 1378
98 218
17 208
43 1644
71 798
37 144
83 531
12 39
85 1631
40 1044
53 2602
57 3070
95 4230
80 3627
46 332
18 228
92 4848
13 122
80 4491
61 2441
23 495
52 440
89 388
77 4560
69 1185
27 661
49 219
2 1
63 3447
66 3321
25 537
80 2650
33 728
95 3059
98 8813
49 377
3 9
18 107
17 59
93 6920
21 261
78 3110
18 181
63 3395
59 2941
59 1619
41 927
73 5276
81 1741
88 3300
23 365
16 117
55 2542
40 1151
61 3030
64 3496
59 3131
44 1220
67 772
68 2591
49 725
76 5713
29 631
65 1385
62 867
52 1464
41 1112
28 12
28 345
53 652
12 6
7 36
33 128
82 2371
62 2966
37 979
39 1323
8 61
15 119
96 1245
36 153
61 3656
76 4704
39 946
43 736
82 1981
63 847
58 3193
69 2366
50 1041
14 9
47 940
45 564
47 1681
1 1
43 1505
38 1390
23 243
95 1852
38 1074
64 3756
5 12
50 2122
50 1228
46 945
9 79
32 1006
8 9
27 541
36 138
91 4389
89 31
89 4241
16 52
88 2687
54 2838
82 2238
43 765
76 4111
14 147
74 3670
33 352
68 1818
79 2552
65 1790
12 81
98 1742
54 2736
72 2685
78 4008
88 5272
4 3
18 308
94 316
7 42
88 224
56 1027
42 1707
6 29
92 1497
55 1214
50 1559
19 10
22 228
99 7545
91 8261
91 4969
12 103
79 2263
15 204
87 2330
67 3051
80 1100
17 246
41 335
49 2160
24 98
73 4841
39 705
54 1320
73 771
28 749
4 7
67 4031
43 1632
24 467
86 4324
65 264
25 605
23 313
7 12
24 12
64 837
58 3267
50 738
99 8722
57 1561
90 812
8 51
32 184
91 1728
59 3101
31 232
93 2197
81 484
34 183
72 3534
3 2
56 396
91 5387
30 888
60 3103
35 26
99 1490
1 1
50 1741
4 15
70 4705
42 1411
78 2468
40 1261
59 1193
43 5
7 36
22 181
23 459
40 193
4 12
24 219
83 6697
62 120
47 1266
69 4737
83 5826
18 175
85 675
36 902
18 5
59 1976
34 282
54 2135
18 141
4 7
41 1366
36 33
65 701
7 12
56 879
97 2976
61 2615
98 9038
34 1020
69 4316
10 45
40 350
65 68
43 105
97 3304
29 99
43 1429
27 235
51 379
39 762
80 1858
89 6129
34 692
91 7645
38 869
37 1061
93 2300
29 23
57 3096
86 4382
59 2078
72 3254
72 584
1 1
31 888
53 676
64 950
74 5417
37 658
26 31
45 779
98 4824
76 1208
16 214
42 352
79 3846
6 18
59 1926
29 105
78 4099
87 2636
21 354
2 2
58 2920
33 384
78 3870
43 517
34 187
84 2820
88 121
67 976
72 4822
27 236
51 192
29 651
65 795
7 23
37 775
3 5
1 1
40 1462
96 4635
67 3683
44 1065
21 409
17 12
33 201
56 2528
1 1
70 1161
95 2636
4 13
55 2031
3 2
12 104
90 3929
40 699
56 1092
17 226
69 346
59 2164
11 31
40 1078
96 1026
73 3182
58 649
48 12
76 2683
5 2
68 3287
62 1191
42 184
18 166
88 3746
62 416
36 205
22 345
16 249
79 1417
86 5413
26 612
82 4575
14 78
23 227
95 8932
93 1314
10 25
20 314
24 63
16 132
38 287
27 142
37 998
29 293
21 330
80 259
66 1376
16 41
96 8774
69 330
96 697
60 2049
52 2153
58 1890
35 1112
96 2315
13 165
78 452
14 186
11 100
24 38
9 18
16 63
92 5973
20 236
83 4286
30 543
29 164
47 1621
95 7718
73 4617
13 75
66 196
93 2589
83 6464
34 652
68 2279
98 1724
58 1534
12 124
40 953
22 238
80 5276
33 573
7 4
80 690
24 503
12 121
34 127
96 6760
44 163
49 2107
46 5
76 177
73 3309
39 709
54 1907
11 41
51 1216
57 8
91 7790
73 2904
25 218
94 8374
16 140
8 12
44 900
23 499
40 325
92 1926
47 112
3 6
75 4351
87 3913
52 370
75 5586
78 3544
94 8260
49 1490
24 442
48 2022
11 114
39 1219
33 639
99 8158
16 169
12 30
58 2398
68 2577
99 8988
86 102
66 2836
6 5
73 3896
61 1739
45 1201
83 2124
31 955
27 344
80 5448
12 100
33 419
7 16
47 1536
7 17
15 72
26 388
78 2001
22 448
43 206
12 26
10 45
28 699
5 14
18 173
4 15
74 247
2 4
20 80
72 2948
71 4921
42 1090
61 3057
51 898
57 1076
2 4
57 439
15 130
2 4
26 86
10 53
20 67
38 1102
7 19
91 2055
6 31
40 1550
46 1400
88 3386
66 683
56 1887
77 1319
40 1328
34 856
2 1
58 2171
44 129
5 6
68 4278
2 2
72 2090
66 2319
99 425
35 321
32 223
67 1623
50 1234
39 849
59 2333
36 467
29 170
30 526
54 153
7 26
84 5057
77 4359
96 8990
28 293
32 260
35 566
93 1526
70 2080
36 31
49 222
59 599
35 997
3 1
3 9
21 27
74 1422
29 661
76 2699
47 158
43 1682
20 356
57 2242
16 23
52 1718
14 121
30 153
8 42
83 2923
56 2746
76 5240
88 6519
29 475
71 281
71 348
11 55
23 492
13 40
20 370
96 6613
17 282
68 1792
34 260
88 3320
16 48
6 7
14 139
94 5745
47 1340
71 1238
76 5554
69 1062
66 3450
43 728
86 6757
44 213
85 4934
56 1564
13 165
95 3650
89 4571
71 4614
8 5
84 6594
23 453
42 529
81 6018
16 190
94 1343
61 3569
93 4057
74 4009
59 3125
63 781
12 23
77 375
37 1019
9 74
49 1740
10 20
67 365
92 4414
45 861
72 1357
66 905
64 14
18 241
1 1
60 684
81 3491
81 6255
98 1274
70 149
48 1308
59 2155
12 102
73 4681
54 2
55 2634
28 403
55 1647
53 2730
30 79
33 733
37 1267
68 1936
50 2288
88 2669
76 5556
99 8955
38 1284
98 841
3 7
36 597
5 4
91 1368
51 1575
97 3028
3 9
1 1
85 3875
29 528
54 242
46 326
36 1112
25 65
13 135
33 1064
89 1182
93 2565
69 318
34 1011
48 1769
41 490
85 5361
60 1221
73 47
96 905
44 1819
8 19
90 830
93 1572
67 892
27 386
67 2504
63 1082
13 41
57 1584
85 6512
27 449
50 1102
98 2394
78 599
42 1456
3 8
11 48
45 344
4 8
75 1682
56 1708
96 8014
15 45
2 4
71 1543
28 432
23 73
74 4747
29 647
20 362
99 8687
25 280
79 1687
28 31
77 3053
15 28
27 260
42 650
65 10
60 903
94 6979
11 53
37 473
60 2421
59 662
71 2772
57 547
25 120
11 48
88 6826
59 3362
11 26
58 353
84 388
42 715
26 590
71 4816
80 2211
80 5519
32 293
83 1632
15 209
44 427
75 3349
19 249
1 1
92 2765
76 2304
7 29
80 1286
25 422
33 565
88 4003
13 53
68 2290
87 2149
85 3395
8 31
20 277
31 46
69 2155
80 6023
89 6078
10 40
71 1040
19 56
53 165
4 15
20 222
39 216
44 1535
31 594
48 1790
74 4410
86 2341
5 10
70 2393
5 10
9 38
22 41
88 5239
76 2206
10 72
81 707
71 3384
15 79
63 168
29 362
75 4160
24 34
28 79
60 3473
44 1663
19 198
57 1319
50 1709
33 67
77 5327
50 1532
13 99
25 488
78 5978
80 2785
33 124
31 149
46 736
60 494
85 4791
66 4056
69 3491
73 1547
49 1585
42 693
90 2381
51 1391
96 7636
85 2073
22 87
82 4260
26 237
96 1883
10 18
69 3722
59 2342
81 1697
58 1014
1 1
41 1414
60 1907
2 4
95 5750
70 3416
31 919
65 3178
91 3635
13 104
50 1395
80 3305
48 1760
19 282
4 4
83 2370
12 7
82 2561
34 937
76 126
19 298
34 21
78 2154
98 367
63 3797
59 1639
54 1915
38 955
2 1
82 4020
8 50
52 240
33 278
90 4978
97 7651
53 2114
53 1772
68 939
76 1817
77 1187
84 5855
41 313
32 646
93 2605
23 488
74 2715
56 529
97 8469
11 62
28 34
98 6679
74 3181
84 2102
3 5
24 567
40 711
75 224
87 2252
19 352
1 1
92 2876
90 366
5 4
96 279
7 14
18 1
30 533
81 1014
47 890
19 264
6 6
55 2991
14 52
69 738
84 4112
17 78
55 268
61 1175
34 272
23 13
8 44
49 1121
97 4226
37 503
69 2598
14 98
64 3421
13 129
68 3221
66 4275
98 6170
5 7
20 197
29 431
57 3093
88 3122
22 62
99 6887
99 8294
97 7807
32 920
78 5889
45 1378
98 337
60 139
76 2015
15 176
81 1389
40 275
77 5840
70 287
40 910
50 2028
17 63
89 24
17 161
59 2548
