1000
31 200
39 64
94 3284
70 4115
63 972
81 3368
55 1641
50 399
47 117
79 5364
23 94
1 1
23 86
15 162
18 67
33 995
36 1079
94 3055
34 789
71 296
14 158
76 985
50 1204
39 716
10 6
14 153
76 4135
57 1850
96 8374
59 1992
48 1054
12 127
7 36
15 49
81 5160
77 2107
91 1189
54 2892
88 2949
12 98
33 1052
21 45
74 4761
40 6
99 8379
86 3028
28 503
35 940
8 14
22 335
13 11
39 320
46 281
46 1455
39 819
73 300
12 128
45 82
58 259
77 4080
53 188
41 834
33 53
59 696
76 2762
22 454
91 137
97 8668
23 271
30 497
59 742
48 261
6 1
30 84
58 1263
35 262
11 60
18 80
79 5484
46 1594
3 1
61 191
81 3955
43 852
48 2226
7 3
61 1673
47 354
2 2
33 425
11 42
37 493
78 2421
67 4156
76 259
59 3197
30 472
83 6306
59 2248
7 9
16 5
72 361
22 48
82 4286
4 15
44 819
87 3495
93 5377
65 501
91 2861
23 390
83 3845
49 1975
28 457
21 148
98 4072
49 1752
95 2726
71 3739
16 18
93 376
12 62
25 225
10 89
37 1312
32 342
37 1237
37 353
64 142
26 536
86 5431
68 748
44 1831
89 4843
44 450
87 1766
65 1867
41 1329
6 30
44 1843
91 7120
9 58
72 2909
28 372
72 1394
39 613
43 28
85 6029
29 40
57 1571
17 184
72 1859
13 114
33 279
88 3709
59 2705
59 1598
81 784
87 5303
90 3453
50 1281
77 5554
2 3
58 555
19 106
76 2296
90 802
66 4356
60 892
60 2488
70 2052
75 1131
95 8441
87 4586
65 1816
50 214
70 375
74 4404
46 227
12 78
77 4417
70 1353
98 6293
81 1172
5 2
93 480
15 66
20 275
59 1909
76 5708
23 329
51 159
34 793
35 1199
32 771
84 6989
92 7779
26 674
38 1364
33 235
61 3511
30 853
82 2905
96 5351
50 1702
68 1204
18 77
45 501
93 4718
2 4
69 173
68 1793
55 1246
70 953
41 327
86 956
44 1674
6 25
66 685
82 2792
77 5239
4 3
22 114
10 91
90 2822
53 1053
34 232
85 2966
68 1604
12 106
51 1813
34 839
72 3
99 3621
81 988
9 70
12 143
96 5263
93 3576
56 64
92 7585
51 2196
20 107
37 264
24 64
11 114
79 826
51 729
79 2800
62 1042
11 50
73 2938
55 2521
78 1920
90 6279
25 1
84 2001
32 568
68 2959
99 7675
85 5580
54 2478
64 4086
24 402
54 123
17 190
95 3794
13 136
11 4
56 128
74 3752
73 4436
99 2356
32 586
81 6425
14 100
1 1
8 6
85 2616
55 2780
55 2126
52 1626
88 1866
19 4
31 76
39 548
22 289
15 196
9 61
55 2336
65 3347
75 3485
39 1061
70 2064
18 246
11 16
23 443
24 468
15 212
11 29
57 1984
39 648
47 1677
20 141
32 501
70 3930
17 48
26 656
3 5
5 14
55 2193
55 561
68 4364
2 1
27 493
91 224
4 16
64 3425
89 4310
86 3554
87 3220
45 1244
73 97
59 1339
33 65
86 1814
67 501
45 1659
72 1031
61 3043
83 687
29 401
24 430
80 2748
9 60
56 136
20 134
43 972
67 1542
88 6681
87 6392
79 2589
53 463
76 2591
22 180
76 3383
12 40
86 2585
5 18
25 336
89 3015
93 4571
16 244
22 197
66 3465
13 148
51 1582
68 831
15 10
58 188
33 358
71 2622
88 3786
37 881
20 260
80 5711
86 2437
61 3451
91 7669
15 118
28 556
82 5128
22 438
52 2074
38 1396
41 1275
75 5044
12 54
72 3373
69 1206
69 2478
53 940
48 937
89 4110
87 6678
86 1642
28 508
62 3669
19 293
49 396
6 1
43 1659
26 79
73 3435
84 855
15 139
75 4889
27 183
68 3163
64 2242
31 572
11 13
70 1030
55 1607
25 119
49 311
52 385
34 630
20 298
35 1223
67 3173
71 2928
75 2627
77 5408
55 2261
70 2596
59 3139
65 1957
94 6431
43 1812
94 6057
72 1529
67 4336
20 203
28 336
25 85
7 22
60 150
90 6869
32 1023
79 1743
72 1559
19 71
86 2878
41 444
50 1305
94 3053
12 46
31 636
43 563
90 5264
54 2392
25 282
7 10
23 367
26 68
43 1587
64 2656
91 2706
8 23
75 254
50 1969
53 1624
65 129
87 6605
50 2186
77 810
96 7335
68 57
94 7875
15 214
80 4767
32 496
55 1878
70 4440
4 3
82 1831
75 1247
17 169
46 1546
71 2748
75 5120
48 786
4 10
21 240
32 556
10 58
29 682
76 4686
69 4092
75 3393
41 1166
38 199
4 4
51 168
85 6936
11 14
36 237
44 830
46 747
60 2342
99 8595
89 2617
32 31
99 2077
88 7636
31 517
6 23
20 143
49 2195
24 97
59 775
18 101
80 4438
2 2
58 1562
34 835
87 42
57 2357
72 601
41 399
90 4917
73 4571
37 437
31 295
15 141
34 1120
63 1974
15 144
29 309
26 107
30 213
38 1399
28 116
22 188
49 53
36 677
24 555
55 1432
74 5037
59 3436
43 1647
25 561
19 183
21 308
89 7621
17 165
36 639
54 1951
22 76
72 4791
27 208
96 8537
91 576
12 88
53 143
84 2091
18 203
50 474
37 710
97 9370
82 639
74 1896
28 598
34 1117
5 12
40 2
86 5901
90 1532
88 1548
99 4975
18 175
36 331
44 620
19 2
90 4428
51 525
56 1714
62 2236
39 619
8 8
9 13
18 221
73 286
55 467
96 9186
41 439
24 152
33 204
13 40
4 9
48 2062
40 1331
78 3121
75 534
54 1222
14 130
24 438
87 683
45 1914
80 6162
72 3330
39 1374
62 64
81 1139
27 331
51 1919
13 144
75 837
53 2537
73 1280
99 7719
75 1627
24 132
80 5070
31 152
26 103
75 1232
71 4081
22 330
12 23
46 309
29 55
67 679
43 1042
43 1684
63 1845
16 83
44 1684
40 704
97 1952
80 764
86 6186
92 2932
28 113
44 1756
98 9021
5 13
81 4459
96 3992
57 2515
27 413
69 4751
18 234
1 1
90 6682
6 31
64 3955
65 967
18 186
94 8228
99 7370
96 4820
86 2564
99 826
37 703
42 960
44 1714
58 3335
18 202
84 4101
32 833
15 60
74 893
38 1444
9 59
16 129
46 1951
85 704
89 7567
82 5675
3 4
89 1611
77 952
76 5043
38 1107
89 6313
33 827
16 149
28 726
99 6135
34 544
67 618
13 78
36 71
95 7530
37 852
22 297
4 3
17 199
60 2378
51 1985
14 161
27 662
11 84
44 1772
7 20
45 364
83 3936
47 1745
87 158
60 1160
68 926
84 685
3 1
73 2490
52 319
32 932
74 1503
2 2
8 29
59 1476
38 278
40 1352
28 448
27 697
65 4020
82 165
98 1238
70 141
16 42
66 3975
3 9
43 863
35 421
37 719
2 4
42 1039
36 993
54 2796
61 3720
58 3255
20 260
73 4387
99 2437
43 1437
10 70
2 1
49 2144
23 124
26 540
54 700
70 3158
59 59
19 179
17 5
95 6058
29 11
18 295
94 7178
99 1057
40 868
34 826
28 166
37 1140
64 251
92 6317
63 1963
70 3096
21 152
10 54
55 886
84 5083
22 72
60 3131
46 1273
15 69
8 20
65 2946
46 1637
72 3360
23 256
36 462
5 7
16 174
18 86
26 36
51 635
41 195
96 8399
95 5950
17 29
44 472
45 1495
9 51
98 7585
84 6242
11 12
72 62
95 5481
22 354
8 35
20 192
18 29
28 457
26 359
71 10
10 88
36 460
63 3172
7 3
77 3047
20 129
13 48
34 632
19 176
50 573
12 144
70 3607
38 557
33 693
13 166
95 4933
17 254
26 107
34 792
71 4407
24 428
77 4306
37 526
5 6
25 387
4 6
22 293
23 500
84 5745
64 3154
30 36
79 2065
4 7
30 724
69 1900
92 1050
68 995
99 4810
87 2644
46 204
26 367
16 121
84 5840
20 195
82 884
87 6433
23 465
66 3917
66 3336
65 1938
58 2479
59 2933
83 4266
12 4
36 349
68 3376
36 1044
17 197
30 419
84 64
84 5088
83 2939
57 2042
43 1272
86 2539
88 6798
94 2826
25 454
37 338
79 937
19 80
92 2700
68 1576
19 61
94 4386
31 134
95 2905
33 331
87 6814
29 706
61 2886
9 34
94 7341
17 244
11 15
46 1321
79 6130
57 2305
94 687
49 2329
83 4837
32 101
16 54
35 225
10 100
85 5482
91 713
87 3385
92 1929
78 1662
16 56
55 68
33 91
53 1317
83 3069
51 18
66 1851
95 3408
89 7290
87 5528
35 140
18 253
26 396
13 75
65 4103
84 4228
18 261
76 2956
80 448
85 497
15 72
59 292
86 1568
99 3875
26 97
55 1420
83 4590
64 243
28 308
24 54
39 287
29 92
71 2307
76 5396
75 2193
63 2478
82 159
83 2454
13 37
31 257
23 455
53 1748
52 257
54 960
23 363
66 3080
5 1
23 132
23 345
20 368
33 876
53 869
9 41
62 2441
47 2110
65 996
57 1175
36 740
68 4523
10 37
69 3195
9 6
38 757
36 1097
72 2902
48 1046
80 5164
33 598
2 3
46 1856
42 1215
25 337
44 67
38 853
85 4192
58 1305
55 2633
75 36
48 2264
44 755
96 2045
95 3330
2 3
91 3569
86 2310
40 238
89 3956
3 3
72 2117
14 41
19 310
9 16
89 1262
40 318
14 8
85 75
58 1459
64 3300
91 1349
10 12
83 3289
81 1802
46 1118
17 78
22 52
15 69
12 37
86 218
15 216
44 495
62 1984
67 1678
22 394
