1000
118750 3426166396
55499 1797227315
59171 3289591874
106810 6532677268
736705 334737158660
421845 60216922379
781016 280603769527
260102 46688890437
209113 17439594595
408401 78127772308
431529 112140205282
168844 12196711828
610094 141590775352
185929 23778622415
412000 101875279679
374202 11227567584
730086 218280317134
918069 244855340673
875115 637812645389
601466 44100993653
418976 157207248812
453724 156229947443
635374 376696652230
903462 31649841654
642480 246242320163
184957 1751231668
683433 219754310809
864294 520548777174
784561 18876714805
317472 81103982108
863350 433316393801
100591 1538504775
440877 138377017999
611721 86612879318
758997 487113032447
486300 135347971374
998296 76493710007
756191 232813978692
643863 29115935523
625593 238070902382
478495 15348316239
889916 75325541531
642481 326914384341
545948 59017932325
427732 91678301267
677042 111183436526
733764 112263289661
54509 1086063656
663472 163600903901
430944 49027121
358246 83242804981
303244 82276899322
256171 15353884455
611656 324804463532
490835 100646500310
758907 111871026725
159485 22891806685
175744 1556194916
219627 39800983622
940585 295747572382
444769 196664434474
919223 692202504364
703958 155588074109
159833 15938294975
180460 12225521870
940710 423056362742
408465 4991605652
654704 403560628267
583697 266333969432
443101 14492517384
430833 77057144377
682430 46450163182
435963 29956101072
190988 30637241922
302247 84040631542
159052 24591679354
216474 40221657414
801822 263537737498
114913 6179510610
311769 11184691614
73784 5042032068
505988 169777851999
489252 232010671734
553418 83535699732
831493 222643163616
908876 650068038273
99949 694207399
816497 189081186444
160052 3068701197
637061 228334952378
887950 623377167833
891552 692143645484
379129 115348032397
524917 104619827075
117908 507217788
106910 9944811244
975723 616293941397
362706 66228461379
22541 184890740
171045 22740460500
981663 420305210747
472852 13944902800
194252 10973567196
606712 228497285131
213919 37549761746
127581 16071028441
930849 708302487535
143587 18837941679
172359 921577110
21733 90376255
600083 196408645571
648693 367760930176
662585 58211846376
11748 53411032
437624 84309932801
336862 85989201808
64269 4058763155
49057 1598057871
386926 51471263000
353216 81192068793
322160 54557571189
596047 232602160423
212965 4181204028
242670 30968469150
354119 79806237256
795166 540489908166
581763 304179507574
420643 139392364729
106168 11002423463
142933 10856967017
929090 463247043577
195733 13186627585
419793 36106925754
869526 648586713175
263110 5964148277
379480 88907655774
993351 911682243775
975946 893123340008
545038 120750336114
467096 160792421499
462337 73048966418
946152 459497744704
750448 42771530255
41670 740392141
225008 35347300154
596874 262204772356
186618 29037429051
545970 212177584482
496766 37789630622
857767 721714877921
951014 697195910588
143237 16534386179
307701 12887093737
71311 3064596015
324547 76543536954
761443 507194519304
871442 115457038991
380589 47996759574
411684 169185679895
276580 29034380941
207032 27558483823
49177 777322719
413614 43829347282
176635 15593658518
573551 92657470255
304693 81021443989
79431 2742692858
331237 39548627870
868021 399720345357
786846 397473376329
9676 63270787
407380 87224885502
842630 563398358479
182894 6171593038
352057 87572701147
517990 77327082392
398097 74587922306
359939 98631057345
996690 751769364280
885908 179448442330
693716 354144827459
266868 18950057052
461011 71887953443
939376 48751836378
178022 10802685091
419559 140254676436
47993 621529363
627684 343705419341
269902 71076421948
751425 304946712610
341839 59108606039
364540 74106097636
771309 67439990717
910183 258674047342
219812 11666937577
818566 478012825365
72427 3428275142
220496 6027383846
590534 102631036603
463416 27385258305
141486 7828028281
214617 23197544907
188719 13840723214
933810 237040231861
705118 412707908546
642129 143064329397
331183 15779392167
950343 325026309729
167789 2808624697
167903 12982638979
536783 86754357369
222651 29642803347
570665 292751527722
115883 6394962810
593712 98831705840
55434 682342523
662095 35881419466
822651 236535791053
335891 84646361336
443772 186504292192
781217 394785803518
952437 479505749717
831680 340125608152
272825 8740309816
769598 236007465166
784390 326917505331
897074 536211594335
638332 155990773267
894710 95022731420
882140 58615591226
976179 468598727725
11629 71506894
270332 39935269005
708421 370818361212
998439 26283555398
749222 154587298607
617836 297654859070
791283 69604891481
176393 16281388816
783855 209627947072
189115 6536775860
338612 110640716236
380325 140368732079
247945 11114985461
411889 31118079838
823325 629365931918
668773 377314609308
665189 77529139857
108112 3951805182
830979 430777738041
167452 15419853234
518080 244882789829
237375 27727617610
488984 203437424465
540100 132457629868
172296 15915079897
103178 340375916
203950 27865013174
711188 146827819805
953031 445076414072
402036 120593073686
500885 44599316598
377441 125699271615
75413 3961244897
494453 118512219388
331418 70748166528
334595 49515406173
161800 1341815057
566475 42887861922
925479 201099122564
352559 46121307048
628384 41997776375
120275 9741676453
637551 338343238825
937967 223252951784
431193 1279100789
904036 801121872762
111622 2704076750
349706 119153281341
668147 149491508560
620339 166185836644
745079 163349284401
549449 200923907603
708285 78049249320
266830 59023227003
99949 3713555352
606936 131611030967
157111 24533509645
881863 440704719848
664288 159699123999
566378 259800805488
815894 341903588818
341390 98949244550
664519 135165871636
719508 185821886123
767103 82371848203
208340 41993305427
869729 13545966801
55142 2672735045
765373 60900499718
827038 357734598788
762048 408503965271
825261 103250677136
21317 188938128
27873 329750228
150438 19716496110
552235 241612896791
437207 152519587721
636830 312176744995
325892 88270369146
920042 128697590208
457196 168289192638
690517 195736486856
499746 165609030160
897809 472828145105
936068 77029779105
455394 171217678744
137514 11483082621
431284 153212029224
485667 120602542933
63978 2009922531
844222 237409538948
338746 83395258910
164302 16698227484
900439 218599008989
796171 210385684818
711922 38740410253
255922 8577769699
423449 76690646516
418104 56451401306
316248 69622924665
372456 52010790895
531955 157934968613
461819 136182829227
478783 19003549935
393196 24293281500
793436 333456336656
40276 448951600
881589 534145181773
736400 473007325798
967923 454030985983
518994 138824630078
542442 52396243697
435053 174834883749
207650 10248717759
253276 11201726492
869222 457360647733
848090 208370002480
925031 263778270226
41707 1493076300
476677 118109185648
450482 115362684137
394893 43123274423
62351 3431866456
482330 111675153743
958222 896990835547
141111 7726864303
159742 8305742388
656816 431041586539
344013 49251885722
395363 133000240127
818826 389754203768
788978 202930242104
421671 72597493951
466223 17469868946
597990 13975833771
916443 340492721353
47330 1485565980
730941 518500167722
77604 2376971788
736200 507029024805
338714 44274539915
785695 177683997831
682182 442977070337
114327 9031527390
870397 732093200686
621662 171456903524
965808 126031671691
209950 34599678352
490326 28005164255
90502 4959967394
866016 402804975260
460726 197923186689
252205 63056516111
973384 349877590196
416644 120612647078
18871 107371006
215151 38558284777
785007 452564932587
998554 722899901006
561751 172120603751
482283 136603433813
891874 133994892929
115833 7914768670
817182 617390618960
373417 38498715045
72643 2081490687
105273 525317144
708184 16121211453
469205 127605090816
271920 54740606408
571929 221335031401
741414 219693179828
247314 21954623711
889671 547356484562
394208 137925446206
201770 33477711977
124957 6876412179
186492 14642373322
312951 9367419958
935379 236072263608
799716 311637962100
707391 164681463654
580718 26384045706
988329 755615033151
768863 484107453881
50351 1437808804
463728 2883875316
283399 55806613861
878447 378057860650
856353 551144117476
820669 20584186940
801546 14391613108
557801 112073582827
977292 724846701662
858582 70395396968
936994 303003316980
5885 14430370
439969 109033372377
397365 148908400433
524208 259673714741
545585 94578062425
155612 4552523054
97183 1839644287
737704 98261138331
745124 396599921270
354845 45233804149
150068 19341512151
69728 2917906823
119382 3778558804
116973 6697556519
449814 100832888117
134831 252065834
868388 635492533280
513445 68151099536
2613 2697604
18136 326664802
422765 151942780777
70478 3731869434
687413 370045214070
385604 50707347508
260802 41553435703
325028 91190167248
365474 95068039520
587380 295347617453
683610 307642792738
747609 152831806833
496185 98675487354
477555 102470213911
511500 101204409743
507771 234418699531
941784 810365548515
489978 68640716750
243840 42145462636
714644 196766310118
650324 334276208186
500570 200615243117
397410 145365752149
367431 80789929528
319149 35481493962
687519 171370007290
788175 281521416006
537931 144530153193
950170 248066793512
39154 20786609
466113 3073450140
315047 21758928681
344771 70581538082
311760 87959303315
308072 75946851458
207577 11380855262
753297 3306051798
828276 165499058952
228372 22536771169
834202 572452708632
13644 60655903
539189 10931603617
293202 48965600741
398334 21853520057
905241 216124994986
502694 74757971928
603501 184175776541
427832 181433246303
641447 17641193809
782014 28137693308
254858 13724721956
670934 224963484465
643128 407409928858
863464 623294101249
208359 10709294080
45366 1701747225
453608 111898868490
930996 859980083198
581271 212952046320
817312 224837191350
83471 3994668149
500260 144513524360
710806 299257622249
304181 52962367782
44628 1728212512
209601 41663327374
199368 2658514484
88953 3153074762
730469 115553317700
715426 129775760516
108806 11094934233
980704 287247439345
434014 89965476023
815308 49627515273
239382 36563725715
69830 2894864332
514780 18117224908
821522 343761680511
446333 104649495468
961884 748130071321
811031 315265045918
15779 183457736
628088 357363707013
836324 124408823284
842687 702869969364
160569 20771760547
911624 598791479630
998381 278615155888
44950 1740647198
437745 161459015973
163500 18410336562
298147 45394866546
678776 23794587525
840186 548427474763
818216 519029741946
580092 72336199859
493858 130217384270
965574 656961473099
461963 60490517167
94459 125323068
175722 25604786790
705035 220279540710
380418 117758257067
419962 112857420186
990980 899004224271
819289 127437209771
932753 77159176181
536401 212117770753
6465 12273361
636479 20475848568
956505 273622678324
718015 479856464190
696027 478921193971
290602 14267492100
551657 126087027601
623051 252884381209
220176 20235241169
731482 97087997475
474155 164673688342
668791 3476449579
526456 188256964443
974878 894738676774
244423 8164322661
610873 220407701550
6300 27209162
317984 98608902330
576856 57484839927
183389 24543337296
893872 525383433383
18623 213312947
475143 215694205968
429913 146712663303
249747 47874839475
122811 6435226475
592613 82029902705
755697 445188673877
520524 39637058582
528094 271817937773
236518 34957647550
906777 196273513505
431799 51610585696
302748 20020369485
455435 195273178758
958109 239802161791
650166 87477463284
137067 10517533374
579591 178820129862
254549 26792884682
745328 492737707208
55285 1956848620
174022 20644051027
456421 104104627908
185609 24306970711
645159 323771449957
7889 37478330
691407 261205662335
617202 22035415623
206485 26624953144
170476 21207258913
848106 64886804100
751882 17158602017
958658 390427832103
460859 106745051635
982138 357355043845
903177 425457974796
298127 22958243238
32562 791304682
796165 138892420752
942679 688792216062
433188 157964107834
646405 295807087822
511844 216545092921
675015 237551112120
943008 106469475437
170301 2887176778
848211 4850215233
124731 9876520758
653876 250429501128
868806 688963276741
432637 25069475525
106196 10080982363
281670 26028913299
110196 4774610527
472213 33707010070
737365 98711740709
100424 319257288
83347 4010123748
232690 22266988634
471383 166319003551
82229 151328504
400298 25042910960
452029 52278488285
359733 90260220056
409545 44484625471
761775 201370378439
381563 82751320597
417992 152837846008
233821 53881880446
606752 107092228661
201257 27616093111
162299 22959557651
888787 618108699951
627681 2030427754
80816 2649021578
741828 159764555711
32502 877520928
25209 107546917
669536 130678793067
909930 535214990819
757277 115884286424
536073 88469489800
562553 297486333428
233754 42073056799
635969 351538247234
104709 3301942730
494295 67905499367
610425 183003923720
48460 131327034
551520 31732280076
457515 154724561088
677322 98076941139
350695 20427761027
943330 787534342316
440043 83197578487
180768 22188795279
362433 57962198122
882183 578551959186
698604 55450162032
882709 496584346812
382363 128501562897
710638 347234236119
134849 11422761129
475691 124908945891
30105 263078455
108622 2652129289
636186 63591386280
320813 65262233190
34064 97396906
761153 188618972202
899246 744289680836
787899 309834727894
538311 248852415771
701463 236969570444
891039 194253897805
188991 27792482093
222210 34640053776
771215 573682011872
265046 58642309363
316603 43630149158
905444 208092743165
585144 65484055523
690950 265897748707
753618 179256603592
776347 256035139857
159488 16367442815
629013 273094738958
364889 124930011760
233678 16705325905
479071 85671324700
962543 823139855438
659073 57119522067
795447 100702038951
954928 744684844486
523194 211487823022
883260 419748798690
430290 31942937663
279327 48286129688
15926 144118865
556746 263928652593
78078 5835129955
820549 213047410946
380414 102588214784
567837 177290779733
107844 934023152
457303 25305926951
195306 26383153306
623271 199880266714
710832 417055952407
957683 137881859805
363789 32120624679
4780 9714030
170080 371319393
44451 1099445075
79119 5549673957
648318 199713082430
331495 62512681548
486756 152792864825
976615 306999405382
146284 16702657562
805410 628355592916
274057 17569932252
558437 140787060689
141404 19110263553
663092 408894772387
947562 616157224346
573821 78299989968
605381 145537816500
525397 114357106245
839532 2501842702
403848 34037058335
571162 191985719568
642002 167051611510
957398 107166325270
30997 919799542
198690 37808571086
287205 78891415195
514787 24054339159
8262 57593800
554311 14228044772
712053 123592666186
167693 26840135603
966916 23012508355
306091 5726114765
502199 130616006472
716642 210157716421
198184 27345547352
109562 5135449982
892247 227669398806
368954 61071111205
69859 3429465796
292555 51874245892
459738 91454965189
962070 164690808046
513577 129006859387
707895 4535581523
75931 4348126844
829552 24354990587
604681 245068164976
961842 460784762467
643161 171884110237
494559 10574617379
960464 580320505109
287263 39843506944
447857 19326965721
174630 21239125383
703553 187820482542
435370 88390932853
547586 279880074428
783946 295071718886
50113 40697177
831590 459159906520
887973 349928335465
868413 67283275068
75051 4242170079
475532 181618174451
23533 395026800
981174 410230167359
105626 7902912088
734305 498108877629
280073 71382870970
220866 587785869
930422 663387606297
301698 18794910396
294897 70068930442
875510 448222013196
191325 26342875687
740966 333076202298
866294 12211170639
781567 583468720452
898380 312451756581
619265 287825638538
726021 351522322800
800625 327704030043
892764 367466601373
142066 16713469791
501588 34855858632
494389 118153046884
243252 39138595614
319257 75776453247
743943 359544619027
114876 11385450412
282679 23772555123
442015 166546399151
405209 112422920898
177372 5361691433
581952 321450976894
940639 772926699544
816896 118046797270
20207 199902872
359712 3822754212
954552 463336461798
434286 145156699510
35603 398550339
329543 60415360323
79459 4072479603
318319 62921995017
526621 69136866947
748847 193290392845
694249 425019671130
166239 22746575352
554859 291061012913
359678 17021552685
69200 2012406065
304573 35158728181
9896 47952993
513380 212877005831
966780 340386304386
986428 581350404226
27778 529462133
439708 126173456568
274887 17679179066
199602 35118252101
981986 897407506437
764331 432473575382
501170 133881371901
423076 151394983419
599923 334614728883
493174 164882891578
121924 1024596447
333343 50155299067
521681 143989991346
733418 184550279814
571529 250250492898
823313 626833403596
624717 140438848338
649710 186412481843
870951 757579796812
711820 6058502294
104771 7099034677
54822 2579515318
324911 96811777208
272761 3902967096
106581 5268400936
122077 4243087917
260686 57269953657
753487 332231945791
574229 172578514651
296240 65240107501
764417 192656326571
25245 489920997
128796 4650596990
859298 622187547888
538921 231186790738
943406 510496550649
906947 337985884661
953897 755049135733
691882 447970896326
513307 131986773148
261408 67320086404
496656 145575843385
108551 1403315579
332440 56904425088
194467 6872984509
555033 166687053865
104083 8462017089
987129 871952778896
619491 73531709556
58517 1704773186
965056 752979557977
549500 21976568440
677572 213841438887
19310 101275818
24371 3328529
186066 15805251791
357881 79520666367
632019 119857012735
792973 342595238826
883382 305471419294
922048 777043788203
233160 25545372569
301372 16078012893
391611 119844269934
833550 41170112567
255201 54152173082
524104 84220554594
103046 4729249983
733891 475100110332
657344 181356080928
557420 137217014019
192691 19211495855
493011 121499370664
352971 48297824148
970910 497264557408
287708 38348558162
261515 31325571628
146618 14415423311
142235 293799602
498170 121037195951
644269 198362410452
196006 19826139662
209605 36663589739
733388 259025389524
842287 368897928716
502121 100226433365
204740 27591873971
357043 99744655336
836455 383897274218
846010 519096267861
788415 616354424419
38822 1087862872
807469 168628905029
406267 39961309763
439428 152411400425
509498 29574714084
972850 589698661147
75375 4542951294
1669 986277
399207 140842522588
575648 197782006612
830953 522668311077
824575 414894195532
971228 808409052292
790943 495656501905
524129 80914715058
978271 148068867337
469071 108908790722
33508 234525779
74377 1944482024
482935 125435775413
200992 517346453
84032 305224613
261726 34851554555
557670 74874071708
360869 28418451101
227428 33437145061
764670 255977258216
471650 144892307094
288824 42692602554
535847 129085740806
323632 39927787618
120545 4038844362
47049 2196865558
205745 2339091708
581234 323149293990
588070 123566940400
876745 764599299555
356629 11953115711
477587 156262275403
87559 169863938
348115 9648377397
376060 115302613545
571915 312007993921
283812 75629511552
316667 4682896535
513604 76489137581
484527 173401597486
463109 204521520002
925737 688278116771
185723 4849624937
853502 252958462953
708845 255561206025
140126 472300851
87172 674805450
464437 125730841993
165784 8861899630
988426 783496934305
929996 94574006164
971882 786175948225
868744 366725135061
710746 87240230646
378801 120826710721
151555 13663223149
320695 75070117952
988317 326170415166
414541 154185866548
