1000
55 2226
83 2966
50 2337
38 192
77 244
52 1342
83 4164
95 76
46 1125
94 1269
29 757
51 1670
77 659
17 92
79 538
56 857
51 1593
64 90
34 36
85 4715
6 30
84 4972
93 6627
60 1294
61 3218
62 1234
63 3240
10 38
27 386
16 80
69 3559
8 12
32 145
91 197
18 105
60 2476
25 354
94 7043
98 2269
46 504
9 49
74 5449
57 377
58 3248
18 161
43 306
11 68
65 719
16 220
79 421
82 669
51 783
22 234
29 619
34 183
51 1513
66 4170
93 234
33 1050
88 235
53 96
88 5466
78 2527
40 840
65 1147
5 9
4 9
62 379
72 1011
30 153
74 4795
3 6
39 600
59 1075
91 2886
41 1183
21 126
86 4896
46 805
41 801
38 618
62 599
94 12
89 117
94 2515
45 100
65 3188
14 60
23 493
8 35
98 3145
87 4228
7 44
52 1401
39 1169
44 1129
89 7310
35 440
24 143
97 6105
9 66
93 7722
52 2670
17 273
96 5529
71 2161
80 3444
92 5526
16 224
18 54
97 4881
25 50
59 3054
24 96
35 1215
81 5215
57 1244
67 3003
59 476
76 2559
8 1
44 476
60 86
42 767
84 2404
29 625
40 1438
16 182
28 69
26 299
7 29
75 5574
43 709
48 257
25 515
34 750
6 23
99 8052
43 1445
11 114
81 1539
26 193
71 4627
7 38
58 988
80 4563
61 706
85 2560
50 1440
77 1984
47 1348
18 241
75 4735
22 174
91 5037
31 39
5 14
26 644
55 1195
49 487
95 7962
28 126
76 4332
72 4368
37 667
67 3561
79 1461
30 94
18 223
63 111
64 3051
8 11
9 12
34 1017
74 1934
16 234
15 86
41 646
36 1290
86 3234
52 1164
37 1246
66 87
34 211
69 4676
99 4693
9 54
56 81
3 8
51 653
24 180
51 764
76 2396
95 8440
62 3833
80 1024
67 3903
29 486
36 756
59 624
94 741
44 811
29 496
94 4957
65 498
86 1071
69 3858
45 1636
1 1
99 3293
71 4738
20 237
75 1368
95 1287
63 3521
38 643
81 4874
86 5568
12 39
29 149
43 891
10 3
72 2348
81 368
94 531
19 244
87 6406
71 3778
75 4173
4 3
48 1676
76 4767
61 3179
27 54
64 2060
73 3749
38 1160
31 124
27 473
5 3
11 76
73 1927
37 159
38 1163
66 4189
11 95
43 117
30 317
10 93
69 686
15 222
91 2918
51 900
60 2361
53 2173
63 3010
90 245
80 4520
42 456
74 1254
93 4617
86 3110
54 2580
78 5519
28 578
10 74
9 80
16 35
65 3024
99 5996
61 2137
56 586
81 6372
26 636
17 133
63 594
21 216
54 624
9 19
31 750
7 22
26 344
6 33
68 2419
54 1431
37 1213
3 8
16 67
58 3198
78 532
99 8025
7 16
85 2764
98 8758
30 438
2 3
54 2206
7 29
93 4717
20 13
52 2050
73 4260
13 59
22 238
80 3833
40 310
40 434
79 1516
48 185
99 3114
61 3532
33 293
42 1658
22 14
32 984
83 2891
92 4882
58 1265
9 59
70 4823
33 967
4 10
81 2227
19 298
99 6061
51 1632
45 1112
89 7315
18 242
88 3016
95 3852
93 3710
31 218
37 518
7 32
20 350
5 11
9 71
9 7
86 2174
40 823
28 285
56 2779
90 2292
57 2500
85 6207
57 3103
70 1411
80 272
46 467
97 1217
15 114
50 200
98 2063
82 3092
74 3170
7 45
76 1355
99 6698
68 442
31 110
20 30
5 17
79 2752
10 29
24 391
50 1135
53 395
10 61
48 1312
37 1201
99 1983
15 45
75 4999
77 2944
58 933
66 1392
93 4443
76 734
28 759
28 466
32 779
48 1581
36 789
75 936
71 1228
29 328
18 141
81 3618
16 202
72 1296
23 38
14 12
8 38
23 499
84 1926
15 136
78 1621
74 272
81 4341
76 3115
7 48
88 7500
41 62
78 2422
38 1054
98 86
46 1925
39 634
8 59
47 920
30 454
40 706
4 10
97 5262
83 811
36 139
99 7417
74 10
55 2116
21 260
48 421
94 4877
52 902
20 204
89 1864
76 5331
80 5027
89 2972
78 3531
4 16
93 6551
36 1232
96 2443
62 3034
11 46
53 1976
96 5390
76 2905
63 3931
57 855
90 8035
94 5508
52 202
78 5173
97 7253
66 3943
22 329
56 1793
43 165
54 2229
65 3199
35 947
33 45
6 8
30 586
31 706
74 3031
96 2265
66 1158
77 969
20 228
43 528
31 464
84 2627
14 174
47 312
3 2
85 101
25 530
85 2621
67 593
80 3856
16 80
71 4412
81 1741
42 1589
2 1
60 1979
42 864
25 222
56 1743
53 780
66 977
12 70
57 1446
93 2999
50 1215
42 884
99 1661
1 1
39 85
65 2439
35 49
59 1825
68 4330
24 421
48 409
90 2805
73 1785
49 937
15 89
97 6362
27 54
36 1137
42 1466
28 588
87 17
52 1488
83 713
47 1289
61 3499
33 182
88 7361
5 21
63 2085
4 10
7 49
45 1765
93 376
75 3493
2 3
24 120
40 475
53 773
49 1254
24 303
46 1795
16 191
23 522
83 5669
84 2508
55 1852
92 8104
79 3623
4 4
91 4505
88 6607
96 6666
1 1
50 598
50 1064
29 68
36 624
39 1049
47 676
45 359
41 841
7 25
59 2672
10 46
25 337
24 463
60 2973
77 1880
8 4
2 1
61 2928
82 1226
79 3974
8 53
96 8291
10 34
16 67
97 5857
19 96
6 6
75 14
82 908
47 1817
35 857
63 3629
43 514
61 752
63 696
80 927
93 2926
53 877
55 1491
70 4736
34 852
54 307
4 13
51 850
14 156
56 1939
90 3664
35 22
51 886
71 4556
43 931
93 1781
15 115
6 13
95 1448
28 424
42 1302
48 1493
59 2781
50 1216
43 1204
60 387
94 2102
52 586
99 9616
12 9
78 1897
5 1
93 3424
78 4293
15 65
56 3063
5 24
15 202
19 335
66 4287
56 2954
90 1771
68 4234
37 56
8 49
62 3541
90 4279
12 15
31 434
53 1689
62 3154
83 5230
97 3880
96 4022
88 6764
3 4
86 4201
57 223
75 413
84 1186
66 715
74 1620
76 3626
87 1904
58 1865
53 442
55 2618
39 798
68 2395
6 34
92 5859
64 3190
70 2446
36 840
59 337
89 6198
21 406
93 3723
48 419
21 110
48 1957
41 333
45 1533
47 1118
62 3831
38 222
75 3211
7 12
92 5231
63 1900
79 3039
49 1511
24 259
46 524
12 100
75 1802
83 6543
75 3105
59 1059
38 95
31 417
96 3286
48 1619
26 349
14 134
21 2
91 6464
13 61
22 117
36 276
67 3140
7 16
26 477
84 4486
88 1220
37 1202
60 1537
48 1128
37 987
78 2344
86 2242
62 3810
52 2691
7 19
81 4104
18 238
39 951
84 2849
36 1228
27 528
78 305
88 5066
19 344
36 1230
94 6016
39 389
73 2872
22 156
85 3995
49 1482
97 6867
58 2678
53 1992
7 30
1 1
16 234
58 2253
57 1331
66 2921
59 3322
88 2605
38 646
10 97
94 5547
9 14
76 2727
36 1096
50 364
13 122
27 614
23 446
52 1697
71 1243
18 40
35 131
36 447
32 979
1 1
72 2373
66 1951
69 4539
75 1637
49 1011
36 634
39 1041
98 4274
2 3
96 6498
3 7
36 100
23 12
71 3422
16 89
44 135
9 72
87 6075
47 363
98 5202
10 47
85 7014
45 657
54 172
29 156
69 1574
51 638
48 2233
78 1778
40 608
90 2152
22 242
47 1042
8 16
4 15
34 841
76 5083
3 6
12 74
76 2657
82 1130
46 1793
29 763
80 5813
3 3
41 947
90 4598
66 183
73 2150
45 2004
84 2420
19 261
97 9052
19 212
92 2319
79 1084
41 573
25 402
26 95
86 7174
91 4126
55 2505
19 108
96 4818
66 515
77 92
59 2767
66 2890
97 5497
74 2965
14 84
5 13
94 6651
78 1757
92 7705
71 3804
4 14
17 268
31 509
22 148
94 2846
26 412
51 1594
3 5
76 1025
47 597
1 1
7 28
78 5008
13 70
40 1450
55 1641
83 5895
35 165
57 2019
30 846
25 317
57 1674
13 113
60 3394
91 7203
7 40
20 221
72 2704
1 1
42 834
53 1031
19 296
95 1619
88 6126
83 2652
53 2133
71 4007
35 818
18 224
47 1391
87 5260
92 4367
52 63
88 4630
11 33
15 107
82 6052
37 1311
7 2
44 1105
27 638
38 696
70 55
2 3
24 106
40 1440
40 652
1 1
27 652
76 4075
72 3451
48 1262
28 721
70 51
36 1105
25 517
82 1793
44 408
7 28
86 262
64 2359
70 789
76 3071
86 4478
86 6562
48 568
22 398
89 1148
98 4603
63 789
9 29
40 45
33 509
70 2692
90 6212
1 1
45 179
50 1482
58 2929
85 741
13 19
65 4130
87 5145
68 4214
47 392
50 2389
98 6041
99 535
44 1895
20 400
63 3849
89 5049
84 6751
55 1189
65 3145
95 952
90 4900
12 141
57 2293
34 585
58 13
24 354
62 3390
9 41
66 268
58 363
33 1007
97 5444
48 2290
43 607
41 1152
28 128
10 22
63 2512
63 318
88 3017
30 63
76 3656
69 2235
92 2120
84 4706
47 1590
95 5605
81 31
24 416
44 1437
28 476
50 1936
82 5118
63 1501
46 1444
32 473
57 745
15 10
69 3208
92 7855
35 1086
39 408
98 8111
16 110
91 2780
2 3
3 7
38 634
29 689
57 2648
69 1133
78 627
94 6932
96 7430
87 2868
34 534
42 1027
25 472
94 605
93 4864
34 1005
74 4005
27 48
86 4461
20 381
19 156
16 231
24 502
72 939
76 123
24 409
41 103
42 786
19 191
