1000
62 1028
50 889
35 145
96 7940
68 295
48 1418
28 12
28 540
81 4255
48 1380
69 2553
55 494
1 1
96 7902
63 2407
11 113
26 493
10 12
58 1804
77 4227
52 175
69 204
9 65
23 495
74 330
42 1198
57 716
4 3
44 445
7 49
1 1
1 1
88 907
15 8
12 68
72 2157
81 4977
81 2934
87 4924
38 469
23 254
51 2585
67 2067
16 17
95 3392
4 16
89 645
74 771
57 2114
24 210
89 3641
38 1291
20 144
76 4247
35 807
95 3390
28 3
10 18
75 3635
69 4414
34 1057
38 1234
3 5
74 5246
77 2417
33 1084
40 453
4 14
95 4354
31 475
94 2015
46 782
74 4601
69 234
46 1269
3 2
84 6231
48 1863
49 2122
26 619
70 2725
37 805
38 509
67 855
97 5544
27 198
35 1065
92 3301
48 400
97 579
78 2002
70 3293
42 1511
65 548
62 3604
87 6575
19 341
56 1029
40 944
38 1170
29 589
50 1401
59 712
30 643
71 3402
77 1043
61 2504
56 371
32 1004
45 830
9 51
47 1882
37 1086
58 225
54 1255
40 340
43 940
87 7285
27 497
65 3970
92 7810
75 1518
79 5758
20 133
7 38
29 665
79 144
41 628
14 183
10 47
83 3185
6 18
53 1053
36 130
84 2672
78 57
10 1
48 510
90 4240
45 821
63 2314
8 7
19 39
36 197
93 2275
63 3608
89 6307
10 19
84 1984
22 302
98 3123
81 2322
11 13
99 5939
17 68
52 2327
65 216
36 34
84 499
7 39
36 504
1 1
90 5114
35 151
91 4832
40 1063
11 88
98 539
24 60
29 789
31 381
28 418
11 99
9 66
7 13
13 57
62 366
34 510
73 2724
67 1479
33 152
75 4400
14 1
88 5693
6 23
68 2841
64 1004
95 8774
30 623
65 2291
97 1402
34 367
13 105
26 285
74 1114
45 1045
73 4832
54 112
44 1465
32 658
92 7144
77 2248
66 648
6 17
68 1174
55 1500
70 1886
2 1
44 481
45 1638
86 5383
93 5593
6 32
87 867
30 651
80 2159
87 6833
28 521
58 1826
70 471
63 3638
26 355
4 6
19 170
97 8148
91 6273
56 2972
81 4583
36 1104
29 777
27 52
84 3633
61 3721
34 663
78 5516
46 1630
55 1899
39 403
66 212
15 104
32 258
85 2341
65 707
22 289
1 1
88 5371
22 101
72 2300
59 3183
71 3863
34 8
88 5308
71 3005
86 3344
39 100
41 1060
74 974
16 9
47 38
16 172
96 3722
45 467
11 97
6 11
79 3555
46 344
5 22
25 110
64 3536
64 2539
82 374
84 562
4 10
53 2746
95 1216
42 230
16 221
64 1172
21 254
43 1247
51 2132
14 26
96 1451
99 3886
96 4360
70 1125
7 41
58 671
64 631
12 137
62 1464
54 2636
73 1657
14 146
84 4646
81 2862
47 975
42 478
54 2338
25 475
45 48
43 563
98 7026
71 1207
48 1418
7 27
11 55
41 1215
3 4
54 1208
57 2280
3 6
71 4855
35 408
12 84
44 523
51 2494
45 1966
35 820
94 2912
57 961
41 504
27 134
66 834
47 1606
21 159
18 311
56 3087
31 546
45 1080
35 467
85 1185
12 101
26 296
52 2032
58 2507
68 1531
86 2982
62 1947
53 1622
45 1317
37 685
82 1008
20 129
67 263
29 561
99 2127
83 6129
74 1607
18 104
33 869
92 6065
72 119
36 1139
37 663
80 4120
39 618
42 434
64 1565
90 2377
62 3478
56 2657
51 1166
67 4037
82 5095
30 9
41 375
78 1083
4 5
4 15
35 944
4 8
38 65
94 6292
12 83
82 2494
90 5788
25 443
79 3763
88 3844
86 3693
18 306
3 5
85 6718
5 17
77 1742
82 3137
30 830
9 14
19 82
19 335
95 3187
82 1046
59 2745
53 1320
34 925
37 642
23 476
53 9
91 2493
1 1
16 1
21 66
24 67
37 920
25 467
92 5577
52 265
41 1640
65 2782
10 74
56 499
53 1258
92 3370
79 3530
15 207
30 271
29 726
99 2166
75 603
70 3794
94 7801
52 248
77 5807
94 3990
17 216
39 109
72 2841
50 2086
24 304
68 2090
27 319
89 5464
90 314
96 3598
2 4
76 4779
28 412
75 1127
5 4
45 709
76 1828
41 655
18 296
37 300
12 17
7 6
1 1
74 4989
74 3391
39 690
66 1841
56 1918
50 580
31 304
16 199
67 3655
62 1248
34 218
55 2482
86 5329
61 1586
49 1263
44 1317
33 1018
64 241
53 720
31 727
58 1820
37 615
57 2200
56 2107
70 2656
92 4881
29 730
56 2243
51 960
72 2494
24 32
22 308
84 2672
73 4622
7 7
39 313
27 706
85 4025
46 547
40 276
38 1433
76 3600
56 1554
45 1017
58 2347
69 1894
76 3340
37 110
63 664
73 2201
51 619
98 7811
7 21
36 852
69 315
25 268
38 371
77 4233
38 364
27 640
99 671
65 3735
12 83
6 21
96 3466
98 1806
44 747
95 8517
81 3251
44 1572
98 435
7 24
86 3806
71 2465
39 360
81 488
26 383
27 167
55 1646
66 3861
62 750
16 113
83 5567
29 696
7 32
8 18
42 1263
38 1143
77 2493
35 1203
69 1935
21 238
16 176
25 122
11 54
40 1245
12 95
50 2097
90 3600
21 284
94 6798
32 272
42 1374
94 6496
24 17
8 57
50 1512
6 30
43 1308
75 3507
18 16
56 744
90 5781
28 689
50 1427
85 2546
43 150
49 692
71 2291
39 870
61 101
53 572
45 335
5 17
54 866
6 17
21 155
31 204
45 1588
61 2592
4 13
31 599
64 1560
84 3425
86 2836
15 57
85 2562
15 149
77 2469
85 5842
13 81
61 1459
54 1291
41 310
95 8736
3 5
64 1989
16 108
56 518
25 363
68 4097
53 714
99 7415
68 1573
52 742
18 213
26 339
98 3053
16 192
58 1149
59 82
27 551
43 1185
11 25
41 379
95 7859
69 1287
75 2723
30 53
12 116
66 2498
90 3961
23 14
57 1368
5 7
76 724
20 38
44 626
94 7718
54 145
69 266
25 70
56 2660
27 326
51 2148
16 238
91 2402
47 1321
16 1
89 930
46 174
28 721
27 384
37 382
36 1234
4 1
65 121
62 2816
1 1
43 1593
2 1
48 301
89 1805
54 2781
29 450
69 1934
86 1378
74 2494
49 1164
49 703
58 1460
93 697
1 1
49 920
36 653
62 2545
35 1111
27 78
10 41
1 1
12 23
91 49
31 774
1 1
43 1324
19 34
86 7271
46 506
98 6416
37 369
43 1568
81 5789
50 313
40 568
77 3262
47 284
67 4038
31 62
11 41
42 1364
71 2064
66 3246
49 297
18 323
36 761
89 3578
34 579
52 643
31 392
43 1184
59 952
88 7439
26 479
38 46
16 40
85 625
57 1548
39 1175
23 425
16 250
74 1061
19 310
9 38
91 2539
59 2941
12 65
94 3677
86 4528
19 38
93 1398
40 17
97 152
77 1061
88 1296
5 21
6 34
80 3500
68 2243
63 2339
74 3607
83 6358
95 2586
45 1518
67 1664
34 165
22 56
48 2204
69 1318
47 1937
24 478
4 16
37 661
16 223
94 6721
47 1884
10 96
51 2052
15 165
96 4125
48 308
96 8576
99 1272
6 4
83 2808
99 5394
35 529
91 7487
14 81
93 2845
95 5666
29 271
76 119
62 1698
58 678
39 1089
90 2415
61 2095
68 4307
16 56
98 1834
17 64
32 306
82 3567
2 3
53 303
77 3325
32 795
42 612
87 4477
75 3027
66 2942
86 4478
77 1800
47 580
11 90
2 2
41 898
71 3760
86 2401
84 4965
79 5035
25 65
35 618
57 646
42 1405
33 745
25 62
10 35
18 270
57 1704
48 1620
25 408
53 1053
22 162
37 61
58 2785
86 381
90 5108
81 222
16 129
90 4646
18 30
41 98
75 5606
87 3170
60 2736
93 7447
1 1
56 2648
62 1925
73 1599
22 335
98 14
3 8
75 4696
33 1088
40 161
5 13
36 959
52 1241
4 11
84 4190
4 2
10 52
87 6893
41 605
46 1211
31 611
87 5481
43 1317
57 1056
16 192
35 1025
49 449
12 122
88 6446
3 9
81 5687
22 80
94 6054
1 1
39 601
65 222
86 5557
22 470
16 195
37 1123
90 6539
5 12
61 1223
82 6368
90 328
94 4963
98 7580
30 379
45 72
53 2735
88 3751
54 1138
13 37
19 167
22 200
85 6383
41 132
34 543
32 467
61 187
27 12
13 169
40 964
9 48
64 938
63 3632
15 19
54 2850
76 74
77 789
34 428
4 6
65 2840
98 3236
4 14
62 1480
2 2
79 2738
54 2797
66 2142
29 92
77 767
97 111
97 2761
94 5942
49 1230
59 46
63 3725
24 560
67 4013
77 2264
11 8
7 21
45 1026
64 1079
95 7404
16 118
57 1018
99 7941
17 205
95 73
33 673
93 1572
56 2839
65 1675
65 4138
14 5
70 318
59 2965
16 244
71 1344
50 1465
4 16
79 1753
92 1193
21 110
76 2537
12 49
83 168
44 1249
60 1968
61 567
31 562
48 533
16 187
77 3039
37 1127
43 1337
83 4873
30 256
58 2948
91 6136
33 504
43 188
7 31
39 323
53 43
59 3412
4 5
24 552
26 431
42 73
19 102
29 491
86 3
90 5285
24 471
24 447
78 4726
23 472
65 3327
17 257
24 15
19 46
85 5809
75 2635
2 4
78 1327
11 46
89 33
1 1
1 1
72 4023
4 16
62 3031
81 5613
82 2190
81 5866
34 413
83 6621
52 616
34 420
97 8736
73 103
35 1104
2 1
29 134
73 1179
42 64
5 13
23 159
15 70
15 145
93 553
15 150
