1000
50 977
16 120
53 1872
32 522
15 137
22 64
99 3656
97 2134
73 1009
63 331
53 2201
77 4366
57 1583
72 3321
30 266
80 748
93 5799
43 792
79 3809
45 1159
75 3799
67 489
96 2532
78 3573
33 90
88 3857
94 7347
79 3699
88 6034
25 25
92 2158
30 491
9 11
79 5250
4 14
69 3869
36 332
61 13
31 485
88 5705
70 700
18 171
45 221
85 4646
20 191
11 107
62 361
48 46
1 1
87 2839
95 5521
97 9036
40 601
59 2542
91 7322
57 2930
85 805
2 3
22 77
42 1114
26 434
6 22
36 401
50 1713
90 5211
3 5
64 2809
23 350
46 248
11 118
10 44
33 787
32 779
14 159
49 414
36 1194
24 569
62 691
41 1327
61 1185
41 1251
35 707
70 2716
6 36
98 9331
52 1532
87 4945
1 1
82 4555
88 2562
34 951
3 4
51 1403
53 1976
32 124
69 1269
31 300
67 2346
28 569
14 160
71 2108
65 1658
50 685
40 496
2 2
74 2390
31 187
90 7565
23 477
66 3808
38 1394
22 184
84 2183
75 2056
84 5167
78 1737
1 1
65 1666
53 2348
46 1487
72 1652
5 9
65 1848
96 6290
91 4542
44 206
30 116
81 1285
99 2568
85 4312
50 1534
10 48
45 49
22 366
58 1876
76 3601
33 1007
32 553
95 7367
93 6525
93 2235
44 1180
28 691
51 19
15 170
29 37
57 1625
70 898
83 6721
70 850
67 3811
62 1652
58 50
73 2324
5 2
50 2230
92 2293
42 153
6 29
80 2971
81 3871
34 859
1 1
81 2795
19 310
80 41
57 2695
77 5082
28 122
64 3974
84 1715
19 361
65 2526
28 447
28 25
13 73
64 2315
36 503
4 13
6 14
88 3457
51 78
96 697
68 1536
1 1
75 5459
15 105
7 27
1 1
64 940
9 61
46 1523
93 5999
26 298
78 198
26 61
39 1152
87 4623
6 11
41 1641
7 27
90 5180
45 352
79 4025
99 6731
12 67
18 190
14 90
49 805
98 4300
51 1561
52 2304
32 902
63 1772
69 2879
38 197
77 1409
65 2537
5 23
59 3265
88 4760
99 5835
24 288
93 315
89 6701
59 1236
92 7881
99 2576
62 3710
76 2018
74 859
89 1091
86 3509
58 2262
72 3165
70 2651
89 3394
15 166
33 207
35 507
92 5324
25 108
61 851
59 75
91 8281
61 3280
10 47
83 633
12 134
6 15
54 1569
70 3680
63 191
51 511
2 3
7 14
90 5163
36 955
52 1725
42 826
63 1768
76 1259
91 2113
43 1281
19 103
3 6
49 2095
99 1647
12 105
20 109
93 5497
74 4584
63 2205
36 1111
54 2096
59 925
65 2267
98 1402
14 165
42 401
1 1
41 215
85 3599
51 811
30 75
82 6104
74 2468
7 35
92 880
19 219
37 331
51 966
3 9
35 509
79 4746
73 1770
66 1593
29 283
68 3470
5 14
72 2136
4 8
52 660
51 756
58 1934
88 4794
26 101
81 5746
63 2375
68 329
83 1139
26 595
58 1992
45 342
55 1842
30 891
62 1656
18 251
78 2535
2 1
89 512
43 970
14 143
11 107
97 7349
41 939
19 70
57 1589
27 570
58 1495
53 2043
75 3061
23 360
93 3635
43 581
16 134
27 435
45 1415
40 1192
97 3438
2 2
65 1901
5 15
1 1
38 825
10 42
34 371
2 2
52 2420
25 390
5 20
9 18
53 1667
58 1689
58 1994
27 252
16 35
89 3851
46 1966
64 3382
95 5698
68 1060
47 736
23 261
91 1568
41 701
80 2739
46 851
4 14
45 60
4 1
11 44
95 2407
31 260
11 26
27 343
26 373
73 4597
39 1226
15 12
29 309
74 1738
61 1703
68 3640
78 5201
12 2
93 732
77 4840
11 64
29 104
87 5725
58 1400
9 27
91 3599
18 32
52 891
47 1470
96 590
32 602
87 6490
38 1225
76 3652
9 68
90 4885
37 547
64 2353
78 2681
56 701
44 954
73 3747
81 342
23 164
4 7
7 1
31 82
68 4391
90 201
43 596
49 2226
65 3845
43 1252
6 16
12 139
50 1047
54 950
88 3607
3 9
27 507
56 1098
31 581
82 6255
54 244
67 2592
33 670
28 615
59 364
7 40
74 2735
47 920
99 1917
14 69
10 57
42 337
53 2191
16 179
52 212
89 4928
17 130
30 619
99 2780
95 5062
35 699
40 863
89 6705
92 690
35 389
46 679
48 1402
66 815
60 2808
28 740
98 9443
32 154
68 2333
48 1609
4 16
24 336
44 105
23 504
26 341
16 165
23 23
52 2209
45 369
57 1213
66 4292
73 5222
97 110
16 168
27 284
1 1
58 1738
62 2233
15 117
12 36
24 390
58 2846
15 176
12 62
32 164
11 49
98 6340
9 47
97 4721
25 241
49 1997
96 6016
13 106
89 3579
57 2015
95 8020
52 2170
49 780
58 820
47 1921
51 2211
72 494
38 509
12 46
77 1545
52 2087
40 639
80 6360
95 4997
9 47
49 8
86 3245
53 2109
60 2191
71 3703
13 75
15 169
33 224
87 5656
88 2454
28 327
80 6320
68 745
30 662
29 603
12 25
14 129
1 1
3 1
63 1506
6 4
49 2391
83 3844
8 4
44 431
78 2306
37 862
20 69
94 3936
68 3990
73 2294
61 3044
40 1168
42 583
1 1
49 2360
4 12
96 5338
60 1786
8 33
4 9
98 9356
51 1680
57 2428
20 83
75 2980
44 736
46 103
92 4911
87 7471
70 1538
35 63
13 117
86 3993
84 3451
37 777
83 277
24 494
15 181
1 1
78 927
47 1784
14 87
24 543
98 9532
92 1364
85 5371
11 5
16 182
98 7931
55 2430
66 813
48 352
26 618
68 2744
71 2704
89 5049
43 1362
69 155
51 678
58 581
1 1
33 718
44 347
24 375
55 1289
2 4
18 172
96 8487
82 1125
26 96
3 6
13 102
93 1441
3 8
97 6850
8 58
85 5241
84 5962
6 1
77 2941
78 4818
6 4
82 5134
39 1091
44 1117
64 1880
21 29
49 2263
45 1511
32 569
86 5262
81 6078
72 3567
68 1331
58 1367
11 94
26 501
7 30
25 174
56 2329
54 572
64 2157
66 1549
74 3701
49 1072
45 1810
5 16
40 1569
36 485
9 40
76 1080
71 2019
68 4344
76 2440
36 810
71 4860
51 1399
33 98
62 1073
5 4
58 3015
12 101
5 15
79 1932
37 453
59 3439
72 4584
39 260
30 193
17 130
28 632
45 1631
35 1117
7 4
55 1626
36 778
25 389
23 26
46 1253
15 157
68 3633
65 64
38 349
22 38
72 3683
38 260
23 432
50 746
95 768
61 94
93 100
62 3667
49 1180
58 1936
33 879
37 255
89 2073
4 5
88 7402
93 5192
46 1733
74 591
19 273
58 2337
79 6221
30 716
19 338
9 67
34 776
48 1135
86 7286
41 679
76 5627
80 5502
29 349
79 1931
49 1233
94 154
64 1082
97 6699
75 3753
45 1108
8 58
56 699
72 2853
39 13
69 1325
45 932
23 482
58 1460
27 563
45 64
46 1338
15 20
81 3400
35 593
38 45
31 430
51 268
10 67
39 335
99 5131
87 3632
56 2767
30 390
83 6463
71 159
38 1414
11 5
89 1069
87 6196
47 1972
97 5216
98 4336
78 5148
72 3737
19 216
40 728
7 24
62 278
91 2576
27 229
58 1515
83 6777
74 2181
44 1588
47 1370
46 395
56 5
14 64
18 300
3 9
63 2733
6 25
85 5857
90 7622
73 2443
54 527
23 301
48 1503
56 1521
5 23
3 5
47 469
27 405
46 241
28 358
73 5276
4 13
90 6897
10 54
14 158
38 659
37 709
97 8814
51 2596
76 3737
5 2
21 4
10 7
12 10
58 1308
28 45
27 309
3 9
93 6509
95 4456
23 20
6 32
46 1370
35 144
2 2
85 4202
70 2956
32 598
6 14
74 976
41 1029
43 751
91 708
28 563
49 73
50 309
86 4451
97 3932
19 34
43 1447
52 1551
80 5576
23 258
58 747
41 751
65 4044
49 2169
28 115
69 3361
27 257
88 4686
98 8531
74 753
4 14
25 181
21 218
48 47
77 4170
64 3291
90 526
44 1339
23 48
64 1041
59 2049
38 809
7 12
57 312
97 1370
7 21
70 3580
83 189
99 5466
90 3043
20 32
73 5230
92 6564
95 5407
65 3956
23 146
83 6092
75 2759
21 11
12 44
89 1357
4 9
22 306
8 10
13 69
78 4796
60 1255
50 457
43 688
65 933
54 2824
23 374
49 2036
24 162
87 2402
77 1916
59 3185
59 2713
1 1
83 200
64 374
67 1131
83 1274
57 1057
17 135
41 545
83 1001
3 1
14 61
30 245
20 166
68 2709
23 50
27 549
99 5972
57 2856
60 3094
16 25
12 95
11 95
70 2267
60 2264
18 254
33 375
18 220
56 855
24 93
37 555
56 397
6 35
99 7523
3 9
38 711
75 48
86 2248
90 5460
53 762
37 1351
53 2404
93 4173
40 91
64 1855
18 43
46 436
85 4592
11 36
23 313
59 944
30 4
58 2962
96 4982
25 243
46 701
68 1517
44 1725
12 22
48 1569
95 3054
93 7456
17 244
98 8026
81 5686
83 4922
82 6106
35 626
20 189
23 456
19 4
98 7376
14 128
13 91
7 49
57 423
70 3277
33 889
40 525
58 721
12 108
16 79
22 70
95 7246
90 417
7 17
90 1426
89 3940
40 1513
27 660
89 4828
42 285
85 6073
91 4163
61 2379
13 141
32 52
33 1050
87 6693
16 5
25 528
1 1
23 385
62 692
29 836
84 3197
23 157
36 1053
21 167
35 832
71 4163
97 2145
95 6079
51 184
2 2
79 1190
41 695
