1000
90 2558
44 406
66 1776
43 425
91 6090
20 32
43 1808
20 156
48 646
30 641
34 881
39 1424
72 1572
65 2126
41 1490
62 3830
18 318
89 2860
25 557
12 112
40 1036
16 204
92 4281
59 1570
1 1
91 2804
28 735
9 1
25 151
94 2574
32 295
28 661
29 762
5 11
26 628
32 903
80 3707
6 5
88 3644
95 5248
26 632
3 4
56 2351
13 165
51 1283
44 471
56 2422
66 2782
75 367
46 736
82 3147
30 680
56 1693
96 3470
94 1572
63 3495
33 377
91 4004
80 145
4 12
31 118
44 821
29 192
60 2927
4 16
84 4092
14 95
39 913
69 1559
69 1676
93 6409
87 5163
46 724
13 123
1 1
80 2437
98 7041
94 7728
69 1350
62 317
66 2995
33 665
72 2976
69 2470
33 472
80 5978
24 323
72 430
32 608
98 7313
72 2004
71 493
15 192
49 435
73 1280
50 1855
69 173
44 1757
11 51
40 688
26 185
54 1390
38 199
25 434
90 2303
12 136
30 268
96 7310
82 4225
50 1447
34 425
26 377
43 1687
40 257
41 1403
31 905
66 3346
78 4473
55 1390
56 2786
60 1082
60 673
17 268
55 328
4 15
6 10
64 3566
21 208
76 2730
48 1196
35 275
51 695
67 2754
25 49
21 102
73 2674
53 2436
46 1646
4 5
92 5718
73 100
72 143
51 929
12 100
18 291
71 4266
71 621
57 2901
43 1146
73 1580
65 2704
71 1095
72 1772
77 3791
53 2151
17 195
46 635
47 1179
4 2
64 218
74 1720
77 3075
30 614
95 5525
97 2650
49 1883
83 1032
3 3
34 64
5 13
36 672
30 870
3 6
7 1
41 1562
59 1323
71 1286
33 101
28 137
44 329
95 3905
94 7633
41 1248
7 37
85 4538
59 3174
24 434
25 322
60 2134
36 1103
64 1399
52 493
42 823
59 1502
40 49
76 3251
86 6344
85 4313
63 1649
72 1464
46 1419
4 6
61 2530
51 1489
20 4
2 4
38 556
49 2173
42 1554
68 2647
92 3797
64 1180
28 541
12 51
62 1272
46 1428
98 4336
5 5
52 505
38 836
98 3252
34 846
25 260
73 2264
92 6870
39 1359
73 1646
53 49
31 343
71 993
55 1532
91 6140
33 123
66 560
75 2003
10 74
4 5
78 3015
29 575
77 1246
84 2126
43 858
38 1044
92 4248
49 2018
66 880
71 3390
84 3985
22 297
72 4248
99 7621
75 952
73 4639
57 1447
39 923
37 214
2 1
37 485
75 1274
17 48
42 652
90 7819
57 1117
71 4359
58 2249
82 4669
7 1
68 4012
40 682
35 807
56 626
39 1178
44 641
84 5158
68 4008
62 3693
51 1203
40 1546
14 49
10 22
48 1577
6 22
4 5
20 270
27 5
76 5338
30 405
5 6
26 573
98 5486
86 3486
48 1571
33 694
48 1384
2 2
26 553
53 1301
71 3301
95 1125
58 2221
89 6830
86 4853
43 1399
2 4
58 1058
2 1
33 446
62 3642
49 1939
91 3813
13 99
60 112
75 472
46 1043
40 1081
53 1036
49 1277
13 135
71 4256
13 7
98 4109
68 1711
23 93
73 941
63 1148
95 6913
47 2183
36 402
6 17
15 74
76 664
26 74
95 4793
35 562
95 2276
88 2445
67 1042
63 2106
63 279
76 5285
85 263
67 2180
88 1577
83 6846
89 4207
64 1135
74 427
45 734
61 439
72 568
73 4581
87 6332
26 189
54 771
58 425
88 1344
72 4656
44 980
88 4942
22 74
81 4419
42 56
76 2959
16 25
62 2583
29 283
38 574
10 66
16 29
55 2897
68 1244
16 3
92 3337
95 8739
87 797
79 5400
74 1803
89 3788
48 1235
15 160
53 1159
4 12
58 1215
37 511
54 2196
94 2644
21 327
31 471
65 786
81 5084
94 4663
89 1348
80 6394
53 1475
57 2874
69 3956
84 2425
92 3740
13 62
14 193
37 88
20 156
67 4277
73 183
44 735
16 201
42 1584
34 238
9 74
13 92
61 1288
38 161
14 106
89 7643
85 5025
82 4190
40 676
90 7097
54 1159
61 2284
27 473
3 9
84 3143
14 147
54 877
6 36
96 6205
1 1
31 630
27 116
98 2331
60 462
43 726
61 401
21 266
26 400
32 574
93 1280
31 581
15 87
90 4568
3 8
22 289
73 4323
76 2092
96 2297
48 37
16 202
1 1
92 4254
47 1060
55 663
5 16
54 2672
7 26
25 95
32 883
85 6828
25 453
20 99
57 2646
51 2435
71 62
50 1259
46 1006
87 6205
45 392
80 2851
99 4246
33 224
7 24
45 251
37 1056
8 59
1 1
31 254
60 3066
75 141
47 193
22 46
59 1902
37 994
40 400
49 2380
79 4507
49 1342
77 843
22 212
79 383
22 345
96 923
5 2
19 79
33 614
79 508
50 2280
51 1244
37 140
65 319
49 1520
17 281
62 2272
29 259
47 2052
51 63
93 1432
53 1340
3 8
99 178
49 39
97 5191
52 2400
9 24
50 1355
13 131
2 1
81 6257
5 11
51 262
14 126
34 107
24 234
61 1743
71 700
34 882
95 1317
73 2784
51 196
66 428
86 389
31 91
25 236
88 559
29 311
79 5212
56 2684
39 669
29 249
16 249
82 5106
81 398
37 381
7 26
64 1034
29 413
73 4489
42 1508
14 192
5 7
52 1530
29 429
37 962
78 5753
68 3012
85 914
10 20
86 4122
9 7
88 3620
3 9
89 4260
90 6599
86 6945
23 38
62 2153
67 1114
85 5147
82 2532
39 1011
50 1057
56 72
58 1012
3 3
79 1904
83 2586
25 156
50 1230
37 588
6 6
22 445
8 16
47 125
52 554
47 54
90 3064
53 924
95 5172
19 121
40 1211
56 3031
59 1194
35 312
67 2419
69 768
82 3279
33 133
67 2106
94 4956
57 1807
39 1281
10 39
80 5174
4 6
48 164
44 707
83 5818
74 3382
3 5
91 1836
63 3450
91 2464
52 1516
98 8767
70 3337
98 598
87 4117
94 8170
31 893
32 741
13 14
80 582
37 692
27 697
97 5110
41 511
43 1549
80 5683
54 470
9 6
85 1093
11 30
1 1
26 489
77 4288
19 77
26 36
51 983
80 4258
55 2900
63 2528
84 4273
2 3
70 409
13 35
79 1879
51 2536
38 771
99 6113
88 7334
36 836
24 166
29 725
22 41
54 1554
59 1629
91 863
44 526
73 3763
4 9
42 1190
9 42
13 31
91 1208
81 3463
75 3480
55 1629
22 258
48 1763
29 674
64 2129
67 534
55 2917
49 181
40 940
69 1218
46 990
54 1918
97 8302
89 3397
39 518
35 308
48 688
23 339
40 315
62 1779
60 83
65 2377
25 483
34 43
82 1808
82 6209
19 207
56 1068
76 2449
27 707
80 5570
49 1806
66 818
90 7681
77 1534
93 7530
3 2
97 6281
64 1475
19 296
53 1350
36 43
59 2133
33 529
78 3517
6 1
74 4081
89 3572
75 4999
30 881
10 30
96 4684
5 1
76 1953
81 3611
35 199
22 384
5 12
2 4
96 5675
41 450
85 4600
63 742
27 660
7 45
59 424
98 444
58 1526
97 5026
22 364
95 3925
36 1289
83 4645
17 186
98 856
33 449
66 517
77 2352
62 1116
81 4564
61 384
40 919
30 67
99 2130
8 35
35 558
10 13
61 580
89 644
64 332
37 1162
99 1347
4 10
94 3630
77 1234
63 3141
65 1880
54 2107
57 1002
19 78
60 2299
70 2884
99 6817
49 72
99 965
66 3833
59 1303
57 2834
82 5962
17 222
22 210
48 2043
40 178
71 1335
93 4293
39 852
97 4099
95 6774
35 398
69 2819
75 197
3 5
46 644
96 2380
54 1336
60 3080
33 708
44 160
93 7200
48 1432
61 3182
78 3957
3 8
36 810
60 1371
98 6399
85 3185
73 1113
99 2726
63 3852
43 103
53 1516
71 2548
60 191
51 1681
74 4026
54 1994
76 5630
73 3060
94 216
22 24
31 494
16 202
39 747
53 2120
10 98
45 606
80 4477
79 4690
1 1
55 2391
48 1521
84 1578
23 192
4 6
32 332
67 1010
88 7664
20 351
66 189
76 5395
84 2716
71 4145
22 451
2 1
80 2331
22 212
3 4
17 207
57 1030
52 1502
18 288
58 385
85 1563
51 2125
83 6557
60 3003
62 1158
34 690
70 481
92 674
11 106
49 1672
69 3570
18 147
96 3230
33 524
95 3640
66 2219
61 2857
77 3509
96 8600
74 5117
40 1263
48 420
68 2836
48 2290
95 437
86 5780
75 3875
30 231
8 17
54 1193
19 62
57 3178
41 333
13 130
26 282
2 2
84 6794
42 1462
75 505
63 3421
96 6418
20 136
87 2427
4 11
41 1194
18 114
93 3051
51 426
11 100
15 169
82 1034
85 6617
16 145
9 15
1 1
96 7784
60 341
51 136
11 11
73 1353
7 45
8 48
43 1695
83 2788
50 2466
72 1449
30 740
90 3
47 497
37 650
69 580
7 37
43 1799
25 237
47 2131
94 324
12 47
93 3886
24 70
56 1282
56 1851
69 2448
61 296
29 80
21 308
42 1546
72 1732
96 7212
48 1394
77 4360
55 775
95 2553
30 520
43 942
47 92
94 3201
66 1565
47 135
96 8057
55 2422
69 1509
46 15
74 2288
90 6827
30 176
30 895
68 1679
4 15
49 948
64 279
54 854
83 5585
13 83
52 1281
44 303
26 172
9 26
18 175
67 690
48 1011
95 5783
33 391
53 2795
6 36
46 1146
29 374
68 1899
36 540
52 2227
38 1121
50 1363
39 1115
78 2033
50 511
39 1024
52 2487
6 33
97 8008
11 7
47 1297
47 481
72 2731
62 3205
63 3495
30 710
7 19
96 2172
98 1786
94 869
74 225
44 1099
59 82
