1000
84 5237
46 2091
93 7208
63 3915
86 2775
3 4
17 212
95 8811
16 94
47 1247
12 31
88 7395
36 1137
17 260
63 2499
62 3772
70 555
99 5134
94 2506
1 1
69 715
90 1879
98 3873
99 6325
69 2467
16 210
41 1229
63 315
76 2121
86 6402
30 7
59 87
37 847
62 1963
67 1150
33 423
28 37
67 3595
56 1419
44 858
81 4733
52 1556
31 229
89 1811
19 276
41 683
10 32
49 1759
41 407
75 2682
27 229
74 4125
53 1205
3 8
64 3724
35 1210
98 5107
45 1851
22 179
97 9292
97 624
89 2134
69 2496
41 630
66 4030
61 81
7 12
92 8369
15 23
17 264
44 1486
60 2539
24 385
87 5276
91 5559
31 619
36 738
6 33
50 388
98 8284
24 479
64 849
74 3022
28 107
51 2566
15 110
93 1409
84 3899
43 980
63 3165
65 1320
35 1179
40 210
8 58
36 245
4 2
94 160
56 2986
59 2421
17 173
46 1635
99 8472
27 289
18 289
56 2854
3 2
22 16
23 263
61 1413
73 4358
21 265
96 4558
39 589
17 223
64 519
94 4075
35 784
99 6586
84 4808
89 1856
60 3527
37 1238
66 2276
73 2041
99 2720
72 905
62 39
58 2816
17 58
30 154
27 481
38 949
45 24
6 33
66 2103
57 2833
1 1
20 100
9 60
90 6880
16 102
26 643
8 46
77 587
3 2
85 2398
71 805
97 8705
75 2557
26 114
30 794
22 397
6 22
66 3372
99 6861
43 419
33 8
79 2068
71 763
3 1
70 3164
55 476
89 7881
35 135
53 637
85 5827
83 6419
56 2517
17 265
92 28
77 280
21 69
67 3599
66 121
46 2094
22 284
69 1915
44 215
20 35
99 6341
52 1075
74 120
68 183
25 566
68 2244
68 322
5 8
97 5859
65 2173
27 141
85 2303
16 223
45 1805
22 10
66 1157
4 9
67 3198
65 3016
26 586
81 4236
29 468
67 1935
84 1833
44 774
85 4401
76 3281
18 163
18 81
80 3605
31 491
39 1399
83 4521
35 236
14 141
51 2046
45 1452
7 29
60 1425
87 2386
23 446
67 2916
33 962
13 52
59 752
73 4533
55 248
28 254
15 225
43 1079
62 1072
92 7038
44 456
21 105
50 1932
38 559
28 285
82 1136
78 3259
16 6
17 273
76 233
78 4910
77 500
19 266
22 90
85 2348
92 8158
38 928
6 28
34 1092
27 205
15 158
9 41
76 1574
93 5368
80 5773
25 149
49 1523
45 809
8 37
81 106
92 6672
78 5831
40 330
71 2730
89 5032
74 1293
73 3788
25 563
49 657
25 507
52 940
83 4172
60 2761
86 6036
47 1141
42 109
89 4857
4 11
70 164
23 123
90 2125
97 3031
15 157
5 1
80 3266
65 4133
97 3358
70 676
50 918
75 1661
32 86
54 2072
95 674
19 14
57 3198
79 1812
43 1298
25 601
53 2676
20 356
17 178
35 115
91 4847
57 248
32 739
5 2
58 3129
45 1071
40 966
54 1101
93 4593
60 3436
25 304
14 128
77 2682
52 866
34 482
87 4682
11 47
23 174
61 1367
7 19
26 558
63 2492
81 5989
95 122
37 441
30 498
41 1078
19 131
49 2134
66 1904
22 115
9 17
34 815
73 3554
91 1124
22 24
29 400
36 522
8 53
87 1470
85 2567
77 5182
92 5168
69 120
37 51
32 275
55 2969
23 444
92 6339
45 1817
80 4395
4 15
52 2510
33 930
37 593
40 1139
86 1384
14 2
29 712
45 1830
35 235
39 202
74 4169
77 5157
59 478
7 35
41 814
33 475
96 1715
12 22
80 2591
39 1037
76 3092
23 327
50 1701
43 1025
83 4706
18 84
99 8087
37 1019
18 66
91 8004
40 575
5 9
27 349
56 3131
38 1370
93 8195
27 642
16 50
63 2965
47 854
70 1236
91 3927
70 148
22 320
33 856
11 88
4 1
36 337
70 1488
78 830
17 174
20 150
7 18
36 247
86 2472
1 1
21 231
59 3179
17 163
56 1598
13 136
73 4081
90 560
30 866
29 718
24 268
17 217
47 1465
17 201
79 4880
19 311
75 1977
81 2716
17 110
7 19
48 525
27 709
59 695
9 44
4 11
27 25
87 558
39 1100
76 587
80 1451
3 9
78 3865
18 160
28 296
17 41
7 31
56 973
26 559
72 2723
97 4454
25 606
35 618
50 1089
52 2353
37 754
22 418
39 1136
92 5316
27 625
84 192
78 4207
29 121
18 220
29 610
57 181
16 182
1 1
79 4867
61 2543
21 231
24 288
9 52
26 115
33 9
39 343
46 1242
48 604
61 2176
41 1134
64 1903
38 549
90 8009
49 378
21 240
49 814
66 3257
58 404
64 4070
97 8326
3 4
10 59
53 714
28 495
56 1227
52 2677
42 581
44 1601
27 666
6 12
35 302
23 412
18 8
61 1620
29 681
27 628
60 2313
3 3
66 1325
46 919
68 427
77 5517
90 4985
38 843
84 5093
6 35
71 4017
42 1235
88 444
87 6058
84 2150
88 4771
63 786
60 3247
13 38
68 1043
71 2138
69 425
44 44
8 19
42 230
91 5291
29 742
82 61
27 239
80 228
4 11
29 588
86 1947
92 2755
89 3096
7 45
27 68
40 83
10 17
76 567
30 207
45 820
78 1122
80 2556
23 191
79 5527
87 817
88 4776
51 910
73 3889
65 171
3 7
14 72
17 226
75 5331
58 1106
30 558
73 4786
2 2
30 340
38 882
51 773
33 1024
93 1123
98 9381
49 1859
46 1525
66 2256
39 1247
84 1994
23 447
22 439
7 39
78 998
92 8404
60 210
99 3776
72 2385
7 6
99 3345
86 3363
55 2499
2 3
8 38
46 337
62 3564
64 2314
90 5162
99 6913
48 1147
29 188
13 86
50 1524
96 6777
5 2
47 495
29 202
88 4158
5 2
98 8753
2 4
75 4735
59 3357
75 5397
24 216
8 27
85 2589
68 1436
16 133
99 6494
98 9352
73 2718
16 169
5 21
40 170
61 3215
70 3697
22 29
76 2327
74 2904
44 862
25 241
70 3223
19 346
94 7104
75 274
5 21
36 909
30 286
88 3511
6 13
83 5542
92 1545
31 576
43 1058
16 93
34 762
45 1626
89 2302
71 2123
47 1801
26 304
66 2697
28 322
51 486
62 679
48 42
16 112
62 3403
77 2731
68 417
78 1155
91 4845
10 14
32 298
75 5468
98 3034
3 2
28 67
34 1020
31 31
89 2220
41 293
67 446
8 11
35 652
9 57
15 21
39 5
67 1532
78 5345
38 892
45 996
34 1107
7 8
3 4
65 2715
42 586
40 789
56 2806
74 4134
72 4134
24 184
50 542
57 474
64 82
42 1344
25 250
27 645
88 6244
93 6422
22 161
6 7
4 7
84 1493
24 491
91 851
10 77
95 7352
71 3182
93 1828
43 58
80 4410
89 3229
19 78
16 53
71 1600
59 2818
40 92
91 6767
78 5741
56 2918
53 1739
79 3027
37 920
21 107
90 4110
51 522
99 7145
15 153
81 4914
29 19
24 479
43 934
88 1570
77 5614
5 15
70 2263
30 553
28 77
10 29
64 2594
67 1098
93 6297
33 1060
4 4
14 50
69 2222
62 522
33 175
24 360
1 1
35 159
39 626
71 4416
91 704
2 2
37 1365
88 3518
89 122
92 4907
95 8333
8 15
67 4279
48 1032
86 5961
14 16
21 359
29 278
15 195
92 7862
73 3408
36 526
76 1951
88 6011
14 77
83 1533
82 6201
5 14
26 102
91 6935
33 27
40 560
44 1369
6 5
63 822
86 5649
37 1147
2 1
59 344
38 581
1 1
52 1567
88 376
1 1
26 558
94 3291
72 2745
48 974
35 639
68 2466
86 499
44 114
86 6165
79 2336
4 14
46 1525
98 8927
86 2478
45 1839
79 364
73 2545
29 662
7 28
1 1
79 966
87 3834
43 955
70 1472
4 11
13 142
9 51
1 1
34 461
52 2021
59 3440
45 835
42 831
18 12
62 2363
9 60
93 1391
56 1316
63 1391
38 1375
16 134
49 871
8 1
6 10
69 2366
86 257
65 4020
51 2424
79 3778
55 2580
67 389
20 52
69 4670
26 205
78 4069
97 3660
57 3070
57 1484
30 419
88 3666
80 761
62 684
16 81
34 37
48 1966
54 1257
53 1237
42 966
26 407
8 14
70 219
55 2219
29 606
76 1311
12 5
78 5527
60 2334
8 30
60 1868
97 9043
69 778
72 1475
75 2151
80 4109
48 76
46 803
64 2520
18 225
98 5138
80 1444
7 26
20 43
88 558
31 562
94 5613
66 1256
82 2053
33 510
52 732
4 16
63 2485
7 16
10 3
5 12
65 1271
6 15
46 107
76 88
77 2826
69 815
42 260
66 38
52 2213
64 1640
42 1392
86 7087
55 902
93 5434
84 3664
70 497
62 123
45 654
10 48
68 1044
95 5310
51 1309
54 2303
68 3029
37 74
89 6098
95 3090
10 5
76 1660
88 4368
51 344
75 2640
60 664
34 1129
18 252
99 5936
45 602
75 4084
25 479
84 211
99 2325
7 4
16 121
81 3722
16 137
37 980
41 1104
51 1278
48 1616
89 3211
1 1
31 169
92 4115
52 1204
19 313
57 240
38 423
44 572
59 3195
29 341
76 3405
75 3335
3 2
7 37
27 318
38 1337
65 664
98 3123
91 7371
44 1846
90 3916
25 52
29 608
36 1076
50 2018
52 1407
2 2
74 1266
77 3639
81 185
6 12
93 2878
97 8783
9 81
62 150
12 65
78 5748
7 10
79 5361
70 2494
30 35
94 4013
47 1695
51 2168
39 162
85 1695
92 201
42 1204
83 5264
53 539
81 140
9 17
98 5750
85 4628
34 732
15 108
