1000
21 153
18 240
35 496
49 2210
60 3166
54 270
57 1046
56 1046
82 492
75 478
85 1837
50 734
47 261
46 1805
36 865
59 2691
62 3461
93 3335
75 2446
34 1060
69 691
14 130
70 2437
55 127
42 1326
28 212
53 1860
78 1460
52 926
98 6238
7 34
49 1475
88 681
83 6317
48 2159
43 873
50 1203
53 1480
31 597
84 1707
96 8719
39 873
50 2250
63 3340
36 1106
19 103
34 624
5 7
87 5175
59 940
36 50
81 1896
21 356
5 23
85 5461
19 82
51 292
16 244
15 119
54 875
12 135
13 40
65 1739
57 294
22 75
75 1338
48 811
85 3517
71 652
62 865
36 37
98 2825
64 2408
27 596
99 3104
10 87
99 4245
14 75
22 51
11 111
1 1
63 3959
43 817
56 133
21 402
19 160
69 255
8 24
54 963
70 476
85 7130
76 4345
71 342
72 3656
47 1784
39 319
90 5387
33 846
94 5900
71 3097
5 12
8 29
86 2010
84 801
66 2228
61 1244
89 3533
5 7
41 649
68 3881
40 560
31 902
45 229
17 128
30 37
29 164
85 1407
93 6404
19 59
60 195
16 212
6 8
93 839
49 356
34 143
55 2890
46 387
87 6549
81 3018
81 4125
84 3941
18 299
45 396
13 28
3 3
61 542
38 367
28 431
62 2460
78 1955
52 539
51 1206
90 4687
92 3230
74 4775
71 431
89 6265
6 29
2 2
66 462
30 551
39 78
99 1728
78 247
78 1972
74 1125
96 6422
46 207
66 4158
68 3828
3 4
62 290
71 778
99 8543
4 6
6 4
18 112
26 286
70 4110
27 159
72 95
72 4730
93 1708
47 1582
26 375
88 7231
9 74
85 1913
8 59
12 114
90 4007
68 1898
45 271
15 199
14 118
64 3373
77 3520
85 6958
55 1742
64 3581
31 892
49 1701
33 680
79 4875
64 3020
31 659
42 704
33 1071
61 1415
54 872
61 210
9 20
58 2325
50 2473
90 5950
31 612
3 8
67 2191
6 23
52 1930
22 338
2 4
14 100
43 874
87 6117
83 5713
32 748
20 258
52 2164
4 3
27 96
66 3396
8 54
34 75
41 399
8 11
75 2941
14 87
39 846
19 178
49 162
70 419
14 60
17 236
10 21
92 4183
35 119
90 2853
1 1
11 50
17 259
94 6566
86 7314
67 2613
80 2346
31 480
91 774
88 3812
66 652
31 758
35 756
4 4
27 685
80 5826
10 74
74 4827
92 2494
58 2030
91 1519
83 4866
91 2513
90 6331
9 79
61 1974
93 1396
38 1353
64 4004
3 9
50 1389
17 85
37 230
87 639
91 7410
29 485
96 826
43 300
44 1395
13 1
60 2524
5 11
67 4129
83 2215
10 56
95 2799
34 809
89 7103
79 1937
17 55
67 3549
37 1289
66 2042
85 929
44 1832
59 1958
57 1718
21 327
18 98
51 1226
91 5900
5 18
61 2276
79 374
65 1274
22 302
83 2175
26 534
47 1576
74 104
78 5744
19 136
48 1462
38 162
25 530
90 1002
96 7665
66 3543
17 101
76 2315
97 7374
57 1535
64 3194
33 1041
98 120
93 5378
3 2
73 2662
88 3829
86 1683
26 610
30 571
52 575
81 577
30 418
19 218
47 104
89 3930
79 2311
87 2095
52 503
68 2735
96 4153
19 297
99 7535
81 8
89 5844
18 206
18 30
69 4728
89 2006
80 364
86 2508
13 43
38 1361
56 3120
58 789
40 823
34 813
82 2555
86 3329
18 59
91 5349
91 1769
31 495
45 766
40 1383
67 3298
32 238
57 85
51 2154
43 1719
24 75
44 1361
22 395
75 3300
93 8295
34 353
48 208
36 270
1 1
80 3527
97 4233
70 2943
80 3362
57 1418
42 1626
18 189
97 4616
52 479
73 4330
15 92
66 781
59 1606
93 8209
2 1
56 2607
88 296
73 1817
88 2383
99 6991
62 215
44 182
87 3828
22 419
51 476
97 133
29 24
42 1213
4 13
43 321
83 198
66 3399
27 651
90 7660
1 1
31 451
62 3712
81 1962
66 2337
42 561
6 26
48 1147
54 2584
97 7152
31 200
72 2796
76 4106
67 1756
57 178
99 1206
22 122
30 512
99 8817
20 34
74 1421
15 34
66 4186
76 2418
14 50
99 9045
77 1965
90 5011
81 4107
66 1307
38 1070
11 86
27 37
41 49
7 36
44 1386
18 92
90 6362
39 714
13 46
2 3
77 4102
5 4
83 618
19 183
67 2280
33 962
67 556
83 4063
44 140
52 849
25 144
37 1159
78 1824
82 1510
55 160
92 3865
70 1022
69 1873
54 1045
8 61
11 28
12 96
18 322
74 318
20 349
57 490
51 597
40 1460
45 757
30 82
79 5715
24 337
79 1562
62 1262
71 1834
36 113
98 7829
31 497
88 2440
55 1223
11 87
82 3926
41 1466
2 2
82 3820
60 2582
60 1580
3 9
33 829
72 4117
78 1615
23 115
47 608
38 1247
14 74
5 13
89 7867
80 6377
48 774
53 1662
86 7334
12 143
91 1375
26 414
69 3126
3 2
12 97
39 1311
62 1253
99 3056
63 1889
45 1205
51 1719
67 3904
88 1333
88 5287
82 5359
86 1234
53 390
80 2766
83 3923
46 659
61 2006
54 1955
75 549
51 1882
88 2851
78 1802
64 917
56 2268
69 2140
92 4186
82 3084
65 1156
37 795
71 2579
90 4179
18 129
72 2576
82 5646
39 776
52 393
71 3510
14 141
1 1
89 3792
5 13
44 924
89 6258
49 1898
31 324
79 4787
59 1589
24 62
20 48
31 838
88 382
50 1828
14 178
6 1
50 1463
33 43
7 43
3 2
65 1757
86 1329
96 1609
74 1362
78 3828
23 106
94 4481
55 2462
54 648
27 114
60 2777
17 176
88 7710
13 21
15 150
7 12
17 259
85 2034
52 87
37 917
9 39
19 319
53 300
54 1859
24 227
73 4408
42 1041
24 35
81 1836
12 9
48 717
85 2005
21 23
43 952
52 406
31 441
89 1807
52 1219
50 1528
16 131
98 2177
56 3107
15 40
82 2708
68 2681
33 61
88 3051
51 317
43 975
17 138
58 173
30 181
45 460
63 2308
94 6838
23 37
40 1497
83 5291
96 3650
48 744
6 30
61 2981
3 5
76 2572
87 2559
31 26
86 2107
5 5
85 7029
57 2601
84 953
38 843
9 37
24 361
72 3050
59 1932
90 6818
12 11
55 319
41 637
16 239
49 488
58 2767
86 1191
16 64
82 6322
94 5092
38 121
49 26
61 722
54 1591
14 79
36 559
16 61
25 224
98 3278
65 3092
49 1661
56 2270
93 5550
69 2648
53 1758
81 2247
97 3841
60 3570
19 40
60 2872
31 769
29 577
41 78
27 407
64 1743
29 142
48 815
4 13
71 2169
64 2839
84 2675
37 1271
41 1617
22 363
57 692
71 4112
46 1570
11 40
62 3102
39 671
83 6136
30 346
84 6768
86 5729
24 494
1 1
33 865
11 107
21 304
85 6012
20 63
32 194
98 2241
79 6194
24 241
36 102
97 4128
19 295
97 5058
66 4352
9 66
33 52
25 453
10 25
37 711
99 8802
96 8910
83 3212
64 3637
72 4306
1 1
77 4692
49 548
62 1136
71 845
46 560
16 104
97 4616
68 420
91 1017
8 29
71 4748
60 764
57 1440
86 1106
7 19
98 3113
79 6052
19 116
31 831
2 1
29 101
91 6698
28 41
7 29
60 1748
88 3533
2 1
99 5186
98 4609
39 629
52 757
11 25
85 6522
40 1023
56 2261
31 83
64 88
8 48
9 56
73 2456
39 1275
54 1310
97 302
98 2188
88 3964
66 242
84 5034
56 2308
64 2375
29 19
48 763
42 6
15 167
2 2
10 42
67 1291
92 5760
57 2784
83 3241
59 3036
77 3219
20 10
72 2311
45 1157
80 6295
99 391
21 222
8 17
27 323
66 2513
10 1
47 851
12 107
14 190
65 1021
41 352
74 461
46 975
49 258
14 32
88 7165
74 1827
80 1007
74 5331
24 377
28 289
85 2864
97 6272
31 539
85 5687
25 391
51 2410
20 69
71 2021
80 3334
98 3797
68 2632
11 84
92 7989
94 5060
75 190
67 4279
53 2382
16 179
48 718
47 1968
71 3928
26 223
51 676
98 3085
59 2023
89 5218
13 69
94 5530
21 45
60 80
49 710
34 912
75 3668
55 3023
23 486
17 155
4 8
40 45
64 2104
30 651
60 2130
2 3
42 384
6 12
46 227
25 384
91 2566
53 442
25 333
74 205
20 231
26 188
49 1397
79 2667
77 2060
59 2402
54 2672
27 107
27 471
20 294
89 4746
36 329
13 37
55 2994
48 200
19 108
44 879
72 3147
9 65
81 5534
34 147
2 4
19 119
42 1008
41 538
9 1
78 3610
17 11
58 268
51 2045
73 3776
64 2588
34 680
70 2512
86 4797
73 4635
89 1468
1 1
58 3186
4 12
67 2950
11 55
79 5191
58 1552
60 1750
86 3173
43 605
34 579
71 1460
44 608
34 1032
85 3793
67 1516
3 5
39 605
68 1153
80 91
83 6002
37 1326
24 359
89 3146
40 481
82 3901
43 1683
49 1902
12 100
79 3482
74 1953
16 237
64 3432
78 2633
36 817
73 2657
26 211
38 993
68 1776
39 303
28 647
51 321
7 40
5 25
80 2334
53 913
57 498
2 3
1 1
19 18
23 518
47 180
62 1558
80 4646
63 1052
80 319
6 1
23 84
70 519
34 430
13 168
94 3998
23 503
42 1506
17 71
59 352
85 752
80 6024
79 4075
44 1382
80 4716
44 1529
99 2341
36 525
42 1291
67 2377
27 666
34 233
94 5008
59 3165
11 101
7 42
71 1252
17 275
9 2
18 293
19 122
95 7456
50 1175
14 137
54 875
