1000
1 1
9 27
67 1660
85 5780
54 887
39 683
14 49
90 835
51 560
93 7005
7 36
75 3940
17 116
70 4181
30 451
58 2819
32 359
27 138
75 5202
40 1466
88 2826
60 1356
7 32
60 3513
1 1
98 5020
4 6
56 1297
70 3248
51 2265
88 7161
10 56
42 340
7 49
74 4214
46 1052
27 109
64 1714
62 1250
28 429
96 2433
30 194
94 8499
14 136
16 175
34 803
93 8301
63 2374
75 961
51 832
24 13
16 14
17 135
46 1079
60 420
47 1940
54 1300
73 3561
22 45
14 178
37 840
96 5557
89 3152
17 185
97 8233
98 8766
80 1236
4 12
49 1635
93 3862
18 99
89 1189
99 5779
77 3440
5 7
88 5806
18 189
46 826
99 3428
67 4008
14 72
81 1952
84 5402
2 1
70 2864
4 7
68 1982
10 51
42 190
3 4
37 1171
17 169
19 276
7 6
16 80
98 4130
20 292
16 76
72 2955
60 2515
5 11
17 288
22 470
27 224
22 214
76 905
78 2379
97 8984
72 3603
49 739
2 3
9 6
2 3
72 4941
11 81
52 2057
37 776
43 1551
30 268
24 554
51 955
92 4699
39 458
11 82
41 393
87 4947
76 2535
29 337
70 3932
50 444
62 3063
22 301
36 474
61 214
39 1478
81 4871
20 287
48 372
4 12
34 516
21 92
19 353
57 946
18 166
47 1407
64 3887
71 3544
96 6664
14 154
76 504
31 740
88 66
18 218
54 1611
60 2685
6 5
36 505
6 5
1 1
18 36
4 10
65 569
25 178
24 366
58 1177
97 3705
97 8418
75 3111
16 100
47 1104
21 306
81 5833
38 151
69 2178
61 3161
93 8552
31 817
40 1142
55 1073
56 349
95 9023
13 53
91 4887
94 1577
5 16
69 1878
40 803
20 46
20 122
32 200
40 1024
8 63
39 1468
86 98
62 826
58 986
46 1823
56 2312
36 323
39 1245
58 1269
88 3184
16 98
35 45
32 79
8 51
53 493
13 141
5 24
46 1227
63 2765
44 718
10 88
71 2543
71 3311
77 2615
2 4
22 81
85 933
51 2418
59 1132
79 3352
71 2310
42 495
2 1
16 10
76 807
68 1018
97 7238
84 1355
34 807
97 6378
95 6092
23 205
69 4514
17 68
90 1800
19 355
25 227
79 811
94 3995
61 1480
21 155
96 6676
67 2503
87 6904
51 133
16 29
45 57
42 505
32 82
12 56
45 732
22 1
85 6796
77 5129
65 1295
45 451
38 708
45 935
13 80
65 2110
54 878
41 1645
70 246
37 630
14 180
70 4374
36 486
56 3021
74 3653
63 1661
87 1938
3 8
67 2218
8 8
96 3654
74 4058
98 654
8 37
21 243
3 3
13 32
2 1
1 1
42 564
95 8532
2 1
98 5940
74 4308
55 1271
58 1502
78 418
58 2615
74 1301
40 878
40 252
64 3138
44 341
33 424
98 1105
37 508
40 111
59 1710
49 1579
19 39
43 1562
47 939
6 24
24 155
61 595
92 6622
93 2119
82 611
25 167
25 386
68 274
94 7207
2 2
61 1580
57 282
94 6687
48 65
30 861
82 4369
67 200
35 598
20 323
76 1932
59 607
16 239
91 3493
49 1758
17 74
12 109
22 406
68 598
77 4025
7 14
93 3573
31 318
93 4851
6 1
71 3208
1 1
70 2665
65 224
65 224
95 6039
84 795
26 525
41 1367
98 7319
74 3972
49 1982
49 2032
36 1062
90 7482
28 761
46 497
92 4228
47 553
65 3095
46 1686
33 877
62 3307
83 2446
29 513
84 2893
43 1066
86 210
26 347
12 107
23 198
82 21
99 5497
96 3206
27 548
65 2821
79 975
12 48
99 347
52 2433
99 444
32 721
33 1
62 682
65 496
66 1656
64 1716
67 2370
11 37
76 3510
66 1107
89 442
65 3538
83 5718
32 952
48 1947
4 15
50 86
61 964
43 1682
81 2776
87 7454
39 228
59 2385
76 5555
12 110
26 641
30 28
32 649
92 6164
83 4263
49 1336
53 1364
15 129
86 3531
62 1343
12 22
61 1763
48 832
95 8151
51 142
53 635
53 959
5 11
57 1587
40 240
95 3864
56 2001
56 2214
72 711
29 15
98 7075
88 2593
6 24
7 46
47 1249
21 247
6 14
35 756
97 4369
65 3584
87 90
6 30
64 1524
67 4209
3 9
56 2163
38 525
37 457
64 3109
42 717
39 754
47 808
38 1068
61 2743
29 748
92 1410
68 2226
67 2446
37 144
26 57
14 143
70 3513
82 2623
19 290
13 82
27 35
13 36
86 7072
70 4066
77 4993
23 473
25 617
78 2211
39 1029
42 1064
97 2217
59 972
12 52
72 2773
3 8
93 1043
16 23
74 2061
40 1261
5 8
44 728
46 1098
66 3873
16 52
65 1096
17 203
78 3252
35 177
27 278
34 645
5 16
57 3221
22 75
17 55
71 310
26 169
83 4575
78 5951
97 5680
28 705
97 3961
8 9
2 1
75 3847
54 1528
1 1
32 464
75 2919
24 224
63 3185
72 1819
66 2872
21 122
89 2440
28 387
7 38
90 4262
23 259
58 1946
78 469
55 1327
42 1602
59 82
77 5884
69 3313
68 3842
14 111
49 2134
47 974
38 823
43 1141
62 656
32 152
12 3
25 480
25 242
77 1760
33 764
53 168
49 758
79 4745
20 27
80 3119
75 3268
80 4675
89 143
84 539
5 7
44 1175
54 1447
64 869
57 3028
33 642
13 157
82 3180
73 4330
51 1355
4 16
82 5507
61 1119
25 65
71 2419
83 5142
63 715
98 4929
2 2
11 74
99 857
78 5572
10 68
98 2305
28 381
50 730
12 85
70 2391
47 201
83 119
38 418
11 61
48 1559
42 1718
92 6805
1 1
15 77
62 3602
66 1846
59 573
64 953
11 80
84 5
46 1136
5 12
16 34
88 1161
33 210
62 1175
1 1
33 1004
5 8
6 25
57 2160
55 201
33 964
93 2239
40 452
2 1
34 521
21 433
77 3620
20 172
86 3042
75 4325
94 159
73 436
15 14
58 3048
96 3266
50 1539
21 405
90 2656
38 473
40 1206
40 930
51 1892
84 3353
53 1708
2 3
66 3963
23 211
89 4588
7 3
78 1456
84 795
10 96
44 1879
80 2119
40 1277
72 1600
60 3027
3 4
33 871
36 1179
66 4067
39 1259
5 20
17 220
22 398
9 21
40 1143
5 12
74 3769
32 96
23 7
83 100
76 3412
3 4
94 5857
34 991
78 4169
79 2922
98 681
88 2967
33 754
6 25
18 102
86 376
61 2429
29 657
81 5306
43 954
24 175
37 66
1 1
69 4079
96 7387
25 288
16 253
96 7658
83 2292
27 104
92 7292
89 383
23 30
29 24
22 381
21 237
92 1224
28 270
72 5178
60 3121
80 22
65 2992
95 8698
59 3298
27 258
32 275
51 2461
90 6564
44 216
46 17
20 353
79 3592
27 655
61 3088
67 2530
76 5604
45 456
8 32
19 223
90 5268
72 3870
35 770
78 4647
11 31
80 31
89 6939
77 2385
51 889
13 33
37 963
87 4635
88 2704
68 4271
85 3188
26 666
83 6789
26 264
18 322
93 4698
87 601
30 417
54 1083
65 2768
42 267
49 2288
32 698
26 441
25 180
60 3369
78 1786
80 3154
7 13
75 5216
59 2851
93 4419
39 193
63 3125
16 120
55 534
83 2366
21 214
33 482
58 2322
20 334
75 661
43 60
81 5892
80 987
28 536
41 180
18 150
40 289
30 298
55 160
87 2543
72 438
11 83
56 22
59 3139
58 2559
9 43
31 54
28 83
39 1289
60 2651
32 292
5 23
85 660
81 3913
16 75
47 1748
30 184
9 4
50 935
16 200
61 722
72 113
94 4795
31 703
90 4295
44 939
83 538
16 253
39 601
18 154
37 374
23 221
91 2432
78 2972
97 5743
25 95
4 16
10 51
31 856
65 4197
8 63
45 819
13 64
39 89
11 83
8 16
39 582
99 7615
95 6157
76 5544
53 1440
96 4836
10 59
63 3048
60 2729
4 2
39 1359
54 2487
32 348
45 296
64 1512
40 1279
16 256
19 98
72 737
54 1539
56 1497
60 1973
1 1
61 3444
53 568
4 6
72 1453
91 1851
9 9
65 1797
27 112
95 205
78 715
9 8
35 850
77 3450
89 2663
20 149
5 10
71 2136
58 1336
14 103
8 39
51 1741
92 6508
62 275
10 29
30 434
78 1829
56 2702
59 1405
39 1337
22 54
60 3010
95 2694
85 5654
76 1165
96 8172
78 321
79 3194
46 1369
87 5633
42 402
75 2866
25 483
83 1193
34 8
63 3413
70 274
26 253
45 1417
10 87
57 1714
71 136
31 677
92 272
28 101
83 4358
73 392
6 12
90 1981
79 4959
39 460
9 58
97 3156
77 335
90 3885
54 2491
67 385
42 554
82 6365
70 4860
17 262
12 10
6 9
75 2109
77 4978
82 1561
13 169
67 4076
12 11
46 1446
20 296
33 182
55 2976
8 10
36 1278
84 1771
20 135
41 672
41 1122
27 188
57 1778
62 2381
23 82
34 181
58 932
48 1319
75 1667
90 8088
86 934
6 34
95 1519
21 439
91 427
42 1322
29 828
78 4590
66 1598
17 154
51 186
34 722
12 62
16 177
1 1
1 1
6 18
61 3398
71 2935
49 175
87 7032
51 576
67 1679
75 4392
38 252
31 603
80 905
54 2564
47 954
34 41
57 749
54 624
65 679
61 487
68 3856
85 4770
85 7113
78 1869
14 192
75 2156
58 1531
20 275
39 1280
10 89
70 2236
41 1034
72 1880
68 2936
12 8
31 916
19 233
16 221
96 411
40 39
96 34
99 3925
55 633
62 1173
62 2781
38 640
