1000
93 4025
74 1312
55 1898
34 765
51 1040
81 1756
94 1495
94 7948
46 585
62 822
68 2642
39 126
54 492
53 2375
82 5590
36 1147
47 146
38 1434
6 16
75 4332
26 493
94 7004
79 3177
49 1601
65 2462
87 5792
41 1514
87 6064
62 3246
55 744
61 2794
43 852
70 4739
62 2842
90 354
81 117
64 3142
31 838
93 2456
9 40
15 105
54 1006
27 97
38 523
10 15
81 1143
72 671
75 330
25 53
26 281
82 1766
99 8906
18 178
33 861
79 436
90 2874
40 1254
83 4572
97 2058
53 1237
83 2133
90 7842
40 663
73 5306
34 846
7 13
52 785
17 285
25 136
13 10
82 6624
34 920
56 1533
53 2000
47 817
82 884
6 23
16 85
62 2243
11 104
7 37
4 7
57 2369
9 70
34 479
24 492
93 6453
52 1810
48 822
72 1265
14 137
61 3711
55 2686
47 2086
60 2301
58 873
68 846
72 2311
69 4377
38 691
88 6845
80 1439
36 1207
1 1
84 6231
40 1011
59 703
99 3245
98 6586
25 530
72 3393
53 2214
83 399
39 11
64 2214
9 9
21 149
62 2379
18 30
77 1189
68 1553
7 35
83 5048
28 6
92 2755
45 1062
21 176
98 3842
91 3650
74 12
27 381
62 1544
66 561
94 1488
92 8356
91 5011
23 133
4 9
4 10
4 3
22 294
36 17
60 3350
31 900
71 616
17 66
79 3313
22 401
82 1847
46 235
98 6532
43 994
52 1659
86 1673
78 4240
7 8
78 4816
17 233
94 894
13 125
49 1807
79 4688
38 1109
40 1573
3 1
17 207
59 2987
64 202
25 346
28 650
38 303
48 787
27 525
42 1146
22 97
33 46
78 3809
92 1613
46 1863
92 2793
70 230
19 152
2 4
84 4045
93 6522
39 84
32 378
20 158
47 1234
48 362
91 5644
56 1535
78 5366
85 1218
1 1
14 66
28 139
71 2024
80 3709
53 2073
8 63
4 16
58 2577
87 5555
49 1889
67 637
77 1664
70 4277
26 588
5 25
1 1
67 2789
98 2397
1 1
10 76
16 232
52 1073
91 2583
38 316
18 134
10 51
32 136
60 2383
5 15
4 6
45 1263
37 1118
4 6
63 129
28 493
25 136
47 333
20 219
82 85
20 254
87 7208
1 1
28 143
33 502
12 85
24 218
3 3
27 3
58 1843
41 452
35 402
91 1250
1 1
4 10
17 148
97 7997
5 11
90 4984
24 420
58 816
3 9
49 1068
10 80
54 1485
41 1680
61 1039
88 1499
75 3357
77 1763
60 1466
33 506
38 316
48 487
3 5
98 345
51 1933
10 58
81 1334
41 606
92 948
96 5877
10 45
38 642
27 423
1 1
91 7145
27 201
58 1172
16 232
45 347
74 2711
5 14
72 1418
42 964
75 5343
79 4966
17 278
87 5616
43 642
32 1009
68 136
47 497
7 10
93 7292
41 813
63 2296
88 5637
13 87
85 5207
19 63
63 3425
86 4362
12 99
38 364
14 38
93 7054
62 1789
46 715
69 1245
86 2282
5 12
34 334
92 6966
75 164
84 6121
67 570
90 4679
59 2000
33 620
23 437
60 3326
68 2472
79 1706
56 1315
91 7072
18 93
74 944
36 747
20 27
60 3508
57 1427
40 1342
92 5870
95 2684
75 220
30 898
31 53
41 324
17 230
81 2343
39 564
5 2
36 43
75 5622
69 2353
97 3572
99 5620
38 1431
13 12
63 1108
46 369
93 6444
3 5
80 3454
15 64
59 2399
23 56
35 806
62 2087
83 4587
25 537
21 101
56 1107
27 649
64 2335
90 5319
43 549
63 1941
26 316
2 3
25 165
93 5307
10 28
45 1856
67 845
97 3204
75 3409
27 372
3 9
93 3693
90 2388
90 889
59 2220
9 56
13 21
2 2
55 2183
52 1373
38 447
68 2934
78 4527
1 1
40 456
60 1358
63 514
19 74
16 16
95 877
99 5171
23 373
77 1472
9 13
82 4652
45 1444
20 226
9 28
64 3184
15 30
52 1659
48 2254
86 675
22 38
9 18
88 656
53 2050
79 6070
84 399
82 5130
69 4270
49 2064
14 118
79 3634
51 1680
96 490
89 1641
90 4222
97 126
47 1783
67 2816
68 893
52 2012
9 19
40 6
55 579
36 345
25 141
73 4025
18 157
30 11
40 79
56 481
90 6539
88 5261
81 3428
79 1038
96 7710
96 3695
33 541
27 323
59 2706
67 1620
3 6
48 481
93 4013
21 230
9 49
50 2377
92 1313
33 146
42 1606
12 117
79 5832
33 584
45 1951
39 1251
30 784
3 2
60 2293
39 1255
69 1699
65 2513
82 2057
51 1458
24 34
81 4308
74 3328
76 5589
78 5490
46 677
91 4045
14 169
95 3078
75 3480
97 5309
24 427
67 1330
72 2021
35 27
37 780
77 2218
97 417
60 3129
49 299
79 4416
92 8201
84 4858
56 410
72 3666
50 2449
22 282
60 3544
80 3120
7 8
44 1333
80 3502
88 5705
20 296
8 48
89 7682
10 52
30 61
84 2884
40 376
95 7653
51 255
5 22
68 3422
6 30
87 434
35 656
56 154
81 3183
97 3357
83 2851
86 97
9 65
19 192
94 8784
12 67
66 3323
66 2693
23 176
33 1040
20 307
27 193
85 4102
4 16
17 232
21 425
58 2600
53 974
55 2721
67 1897
4 16
11 87
93 6272
87 5731
52 580
79 3504
6 12
63 2348
37 231
32 147
69 706
81 4781
68 3576
30 792
56 1235
40 518
36 386
51 2166
49 304
30 346
14 37
98 9095
30 518
33 241
11 7
33 593
62 1626
17 9
79 6079
89 1458
21 183
24 58
86 5364
39 282
24 568
52 2611
82 4713
83 4718
52 1409
59 2132
44 54
7 43
52 2626
91 284
27 283
17 15
47 1239
12 9
70 264
75 1952
60 2137
2 2
27 250
93 1151
91 5971
54 2844
48 1603
2 4
86 2171
8 55
31 792
99 4810
39 675
17 155
65 1378
83 3117
51 1071
91 5495
63 594
3 3
12 36
56 1125
38 776
24 391
96 4440
68 1297
7 38
51 1970
96 1118
36 891
4 14
18 20
71 4657
69 430
16 63
3 5
23 281
3 9
58 2547
46 1501
91 7665
58 1796
54 2047
39 800
89 5995
47 1100
88 6028
5 8
35 854
85 5211
69 4041
3 9
40 892
44 616
14 21
87 1368
48 1611
80 2844
79 3179
13 158
26 423
60 2857
51 148
89 1559
58 941
27 630
41 636
30 448
72 1757
43 551
58 1922
16 15
26 543
43 1748
93 2282
72 1358
49 862
32 209
75 1590
28 484
69 2019
72 2974
32 132
97 7745
75 3613
16 15
83 4983
47 1328
2 2
25 268
54 2247
75 996
23 53
29 669
86 3919
86 7188
1 1
18 271
1 1
90 6506
74 3463
95 1427
70 4438
18 59
42 336
32 721
74 3848
81 581
61 553
39 1096
24 553
24 323
92 3095
48 562
31 325
30 40
74 4321
16 73
31 618
23 500
72 1795
18 273
16 192
65 4059
50 1306
84 2297
59 2121
69 3117
97 4839
98 5243
78 359
34 684
2 4
8 47
30 503
25 337
53 1100
41 1196
49 323
40 622
37 1082
37 514
13 108
10 14
90 3550
21 70
96 3159
63 2284
77 1951
63 158
88 6681
60 3484
1 1
48 2196
35 1168
29 13
79 1766
2 3
52 612
71 2449
42 1565
46 633
86 2794
87 7361
82 3488
86 7110
94 4259
82 4375
26 144
48 1478
46 1364
60 556
53 2076
42 1705
91 4666
73 1341
90 1141
48 1979
69 3970
79 1669
80 4677
25 226
22 74
58 440
2 3
96 9137
72 407
47 1498
58 1260
4 13
91 7426
59 740
82 2302
35 110
97 9175
67 2288
57 1630
21 398
63 1182
39 111
50 302
1 1
2 3
48 1519
80 3141
25 604
81 5880
46 1160
46 739
12 86
76 1569
15 116
57 2449
76 3578
41 1633
21 383
68 3129
82 5406
4 7
30 177
24 159
30 550
83 4314
9 50
74 918
99 4752
48 323
79 2369
35 538
57 1152
80 6007
65 2818
43 399
80 2962
21 385
80 3777
79 5497
84 1521
64 1579
40 1119
39 759
72 941
50 377
1 1
52 7
20 315
42 360
9 2
80 4164
89 1200
10 99
78 1874
19 32
48 1859
66 1631
44 935
90 2442
70 3492
30 366
91 1321
35 1142
66 4003
51 2074
78 5492
6 29
66 767
77 4365
58 1558
95 2480
25 11
76 5011
64 1249
39 681
4 12
23 195
40 1536
21 181
29 245
53 1853
15 23
78 3166
27 441
96 7537
53 375
58 286
46 1766
80 4686
52 2602
73 3244
38 17
22 284
84 3126
15 120
29 133
67 2552
37 930
15 33
43 613
5 25
99 1656
50 725
80 4002
35 1107
67 234
87 168
66 852
95 4355
86 2229
6 27
93 7960
64 294
70 1975
77 3262
42 627
2 2
51 692
54 1412
43 528
92 989
50 1335
66 620
45 849
45 1345
55 1596
51 267
40 865
32 359
78 1002
68 2718
23 276
7 5
21 394
62 412
65 3883
32 986
21 416
78 2304
81 1195
85 1326
3 1
5 12
15 194
19 129
15 104
25 103
92 1495
39 1247
68 952
64 3476
42 90
15 78
19 203
72 4083
22 318
31 583
44 449
46 1859
49 2370
3 7
82 3349
74 2867
27 328
63 2942
12 50
4 13
81 3494
98 2365
56 2172
72 3924
44 369
7 4
56 1416
95 4232
79 5956
11 54
34 516
93 5671
51 1240
57 955
45 1760
76 3250
9 50
31 553
49 190
99 4296
49 1869
92 1890
54 1944
93 7317
37 83
14 194
95 7440
84 4295
36 557
93 172
21 174
53 2235
62 1107
76 3786
55 273
58 3193
60 2577
