1000
22 147
73 4808
82 3880
77 2733
2 3
39 140
37 510
58 857
60 2285
43 359
73 2712
96 7459
52 180
8 8
28 440
65 284
31 448
70 3963
91 1375
85 937
22 115
34 793
26 330
57 259
45 803
80 2676
50 1135
19 147
67 2443
58 2532
6 11
15 119
54 1932
10 71
29 736
87 2389
2 2
89 3927
25 46
52 699
27 45
33 104
72 2430
34 306
46 65
35 127
91 3938
51 746
35 505
6 20
36 157
46 55
28 168
14 47
55 311
45 626
87 5626
81 1566
81 2554
98 167
87 6149
55 2523
24 543
40 9
53 213
64 3620
30 559
30 16
21 325
98 1903
86 4524
49 2353
83 5468
53 2420
66 580
87 1585
81 5325
81 1895
78 1963
70 3846
20 42
21 103
63 275
29 260
65 2355
94 3470
84 3927
73 1188
51 1323
29 86
63 1864
31 871
53 169
61 2907
21 241
2 3
93 2524
61 2043
46 958
36 1256
87 5116
43 1360
10 79
73 4604
59 3400
3 9
89 3368
22 184
37 260
59 3175
82 465
17 136
99 7679
60 2850
43 1763
28 163
60 1211
26 86
66 4034
54 512
71 1543
61 1976
17 126
84 260
76 4343
32 242
99 7438
88 4250
26 357
82 6574
85 3504
64 1279
2 4
92 1733
76 4438
39 360
87 6444
81 4002
94 4642
27 199
82 6455
41 1642
61 1783
50 1378
9 51
33 1023
2 2
53 317
29 269
98 5064
99 1554
69 4107
99 6920
6 36
89 3051
59 2464
15 91
57 2652
34 928
42 1419
78 5355
33 904
81 2920
67 2687
65 1944
36 249
7 18
97 799
51 97
69 1865
74 4987
90 4565
19 242
32 182
50 91
59 439
90 1111
49 2121
77 5617
60 2998
19 320
10 64
98 370
61 800
91 265
67 1399
80 5162
14 31
39 965
52 895
6 24
77 1169
65 3137
34 431
46 1976
93 7672
78 1092
46 1045
11 49
29 40
36 888
26 93
36 768
87 1963
39 520
47 806
7 20
34 787
52 2648
16 225
44 1642
50 1295
1 1
63 967
42 770
96 2487
11 38
48 1658
14 184
15 77
32 708
78 2428
95 978
91 2254
83 1241
40 1147
55 1710
32 108
96 4752
1 1
40 626
32 129
86 2281
95 1154
78 4293
32 1001
22 353
73 2993
69 586
49 1084
48 2097
63 3107
34 113
83 5377
70 1979
85 3826
48 1934
87 7513
92 127
52 1521
23 253
24 550
28 292
8 60
97 3531
58 97
63 521
80 1080
2 4
93 5770
13 40
7 46
66 1363
75 2927
87 3435
14 156
44 1412
35 847
69 3660
21 338
65 1708
96 7629
48 1878
59 28
98 8500
16 138
63 3832
46 176
10 27
23 344
80 5221
38 1016
96 6364
31 268
75 3663
54 2030
81 3169
70 2619
75 2689
33 985
40 1288
79 2715
64 1580
17 167
79 2917
88 5183
98 5376
35 1153
79 4473
31 608
18 173
54 2189
63 3782
21 112
82 5860
5 3
62 1287
28 133
15 28
15 64
8 11
9 56
44 974
10 50
17 140
31 641
94 8057
90 1368
45 1006
82 2942
5 15
23 404
34 1019
34 590
66 4349
44 1133
77 173
23 207
90 4196
86 1610
41 213
13 69
48 1875
68 4455
22 463
59 1330
66 846
14 193
26 66
35 527
34 98
74 1975
14 83
18 305
49 2109
52 2225
60 660
45 1768
35 685
88 2936
99 4069
35 19
21 108
48 559
50 1776
65 1862
19 51
41 1581
28 651
87 1143
92 4194
54 98
79 2418
9 62
79 2413
37 1307
39 620
71 4599
72 3473
9 31
33 21
45 1688
92 1031
70 1964
69 3852
83 4969
52 2147
17 56
8 62
71 87
11 71
49 2220
70 3971
19 112
69 4568
14 160
1 1
65 10
18 54
4 7
77 3137
78 433
69 4301
46 1465
70 1512
83 897
30 6
8 21
79 3166
3 9
37 15
61 3231
16 63
69 357
69 2684
6 24
57 126
30 869
54 520
32 374
97 8181
91 3742
98 5953
16 102
33 944
31 224
83 1666
70 595
93 17
42 1741
82 187
3 9
64 3566
43 1496
67 1024
29 477
66 1940
36 496
41 544
24 213
92 1588
24 422
5 3
19 33
7 32
82 5758
8 61
86 2397
37 313
33 385
77 3480
83 5005
5 9
96 7775
22 70
97 2848
53 1570
95 7846
30 500
69 4674
60 2037
13 135
93 291
22 235
67 3323
42 726
5 14
61 2319
25 351
74 2910
9 45
56 2594
70 3974
21 5
15 127
28 670
8 61
26 192
19 84
77 4354
39 1140
26 349
24 327
42 548
97 7914
18 165
11 97
24 541
61 959
55 1154
48 1101
65 612
41 1284
76 5653
38 1249
93 8098
18 63
35 1071
29 251
10 10
53 90
2 4
87 6693
61 1720
46 426
4 1
94 3974
56 2018
60 817
80 4587
20 217
12 40
28 572
50 911
53 2325
72 1268
75 31
59 891
31 144
49 1479
77 4312
43 1790
52 1671
53 2330
60 179
51 1487
12 41
71 3466
92 7657
83 1235
71 2215
2 1
88 5535
25 286
70 482
61 2174
42 765
18 67
36 934
76 5066
22 156
18 282
28 658
92 4436
10 45
95 4909
67 3854
25 331
56 1346
38 1064
28 34
37 1193
24 178
35 808
60 2735
71 3006
3 9
30 482
81 2158
26 73
17 241
19 345
97 8947
70 2777
27 314
7 36
60 1630
89 5793
7 34
54 1238
46 1156
23 7
88 6174
8 31
63 940
99 4052
20 163
1 1
34 951
10 74
47 1263
39 1191
91 3218
48 334
30 719
79 4880
44 1106
17 241
96 6621
50 1162
48 1934
83 5424
94 157
67 168
55 2491
72 4415
63 427
36 935
63 931
3 2
55 1196
87 3646
32 689
93 4472
39 792
60 1501
68 2308
46 216
46 2046
86 6810
48 247
37 996
45 287
8 28
20 363
97 5735
41 1525
15 111
31 650
94 7912
47 1159
13 117
20 219
80 4215
41 380
73 181
27 266
65 960
57 218
11 64
19 355
30 239
43 454
9 7
69 999
60 1076
16 235
77 2436
2 2
26 276
97 3598
98 3759
61 392
56 2372
68 2858
28 637
5 16
9 72
31 246
24 89
46 1859
4 7
6 7
8 14
16 252
92 1041
92 3189
62 357
49 1802
38 489
4 15
26 374
98 1359
52 593
39 534
34 843
95 1053
9 55
60 2527
65 3632
72 1328
35 146
60 1724
50 1306
36 923
48 2067
31 186
43 1463
50 2034
35 325
9 79
90 4764
30 101
30 867
42 91
67 3887
91 4117
12 96
21 230
99 2354
89 5000
10 42
1 1
33 353
42 167
24 539
74 1964
65 3359
12 12
53 1173
20 242
53 2330
74 1497
96 8969
43 1844
8 52
35 1183
17 125
79 1400
22 434
29 31
41 73
51 1968
66 1065
30 168
57 2893
72 3842
6 13
86 1778
17 265
59 2123
55 2624
83 708
92 826
17 54
68 2428
50 2044
13 119
66 2472
96 7207
7 41
84 2738
65 3162
88 595
63 3766
81 2295
49 2064
1 1
28 408
93 6324
76 2886
30 450
96 8389
97 6857
8 6
19 132
26 124
74 4727
12 73
50 369
54 815
5 20
95 3729
66 3040
89 3078
24 155
91 5300
62 1542
8 29
87 3772
79 4737
1 1
47 1014
85 5575
38 906
79 1966
67 1124
2 1
36 491
4 14
33 207
33 550
61 19
21 268
4 5
46 514
32 207
85 2477
16 197
50 2164
69 2465
76 5514
22 465
50 1431
18 55
49 93
3 2
45 302
30 708
4 13
30 821
3 7
83 368
31 736
90 2211
71 2898
55 1105
43 439
94 5451
63 1575
60 2839
58 3358
96 2130
6 22
91 3913
20 369
76 4228
30 678
19 186
36 595
67 3190
51 1508
85 6204
37 875
22 284
3 3
64 182
27 506
96 8516
97 5546
74 5398
58 3059
49 1485
33 946
14 55
68 2890
67 1236
56 2956
43 35
87 3542
89 7063
84 3417
53 1530
47 2161
45 765
16 2
51 1692
59 1126
9 42
64 674
97 3533
90 2974
93 8606
13 104
38 525
41 347
44 1082
61 1154
86 6903
4 13
46 994
25 397
37 137
85 4883
78 5911
37 3
16 15
84 3028
88 4038
68 1370
20 397
89 1519
10 47
88 3882
50 612
18 114
28 704
32 945
12 37
62 991
15 97
46 1822
97 6047
4 12
68 4033
35 1041
64 3687
42 1104
82 3401
40 1495
79 941
98 9568
36 456
57 2383
69 3314
13 100
90 1292
78 4440
95 550
4 4
42 1648
82 4114
42 1604
13 4
41 608
55 13
9 65
96 93
25 602
16 256
23 434
50 945
34 991
57 1835
47 26
39 443
22 142
56 3113
10 57
14 151
89 5206
9 3
8 17
7 12
40 1475
62 833
12 7
5 20
57 963
61 2593
96 5290
78 5673
83 5260
92 2542
77 5
55 1573
39 143
35 731
5 10
94 1248
31 803
4 10
43 953
75 425
29 560
9 61
32 232
23 159
47 752
55 1681
40 313
23 205
18 46
13 14
91 3410
64 3344
37 1118
16 54
79 289
34 635
54 1519
64 3609
80 632
32 946
46 839
38 1318
22 9
13 78
90 7106
97 6424
2 1
78 4058
22 446
9 35
49 928
49 157
3 6
49 1466
67 494
75 2988
3 7
60 1336
50 2363
27 368
16 134
35 264
10 78
58 2094
76 2929
77 1141
13 93
7 3
3 2
20 46
15 102
12 93
72 2656
88 6266
73 2791
62 1811
42 828
51 1423
13 128
68 4429
62 417
78 352
20 199
58 2947
56 1571
87 1586
13 109
73 4378
58 401
13 88
16 58
76 1450
85 6191
80 2108
52 1462
8 56
