1000
19 338
3 5
83 1087
91 2817
80 4842
34 496
94 2482
82 5538
91 3745
39 93
23 409
20 185
99 7285
35 1140
92 4964
39 419
11 5
8 57
16 10
19 318
55 409
52 1406
65 4053
35 516
46 2049
56 3030
38 615
47 1881
69 2714
19 72
20 36
98 168
32 922
62 1456
88 575
89 7317
64 2470
10 40
36 230
97 2337
30 657
96 3032
32 247
33 197
64 535
9 71
60 3511
98 2726
54 500
81 1120
24 20
15 21
12 51
62 57
66 2036
55 2065
58 1963
6 24
52 1891
73 4629
80 2234
8 31
63 1464
11 33
50 221
77 5265
75 4247
24 501
52 1921
87 5005
94 2791
44 1164
29 680
89 5130
34 1106
21 68
64 1333
23 447
22 431
34 63
74 2996
54 1641
77 5590
8 16
26 307
93 409
65 2222
71 2731
4 5
60 1641
5 11
70 3026
30 547
55 1894
67 3532
5 11
76 876
56 3115
77 4683
9 64
21 392
61 3306
88 4614
64 1485
39 925
68 3769
59 1074
98 8984
3 9
37 621
50 1792
64 2818
94 1405
39 28
5 9
48 692
68 3154
68 1626
47 1494
8 25
10 52
76 959
11 108
57 586
46 895
3 7
12 136
82 5077
7 26
87 4835
91 8202
47 278
96 889
78 2739
40 1156
16 37
64 3470
60 1905
92 5640
40 1331
68 4277
59 429
34 120
93 7442
64 2651
41 367
71 4384
27 617
75 3851
62 2345
28 222
67 2474
21 10
70 4690
78 1437
94 1731
35 813
79 1322
77 959
9 79
21 406
88 2487
13 40
36 641
48 431
63 554
1 1
3 6
78 2965
62 670
51 2254
36 336
69 2592
77 3564
22 428
98 1760
73 4909
82 5072
57 1807
1 1
70 2869
33 853
60 1480
85 1815
57 1069
88 317
84 4722
79 245
26 463
24 228
74 3879
92 7948
17 153
79 4797
52 752
62 2143
9 65
33 923
80 4305
4 10
42 1012
14 112
8 38
91 254
61 38
28 281
60 2905
42 1409
12 75
23 207
88 7735
15 84
95 2773
82 4317
89 7106
51 1585
95 3207
36 763
18 3
80 4373
81 5172
6 13
46 1372
79 2156
99 5793
78 381
24 46
17 64
31 645
89 2779
70 4182
39 1254
74 3769
51 1357
78 3871
39 868
14 72
3 6
85 7130
34 764
11 24
68 7
40 1384
50 2066
84 2180
64 3094
62 1170
53 536
62 3295
93 2009
32 438
30 356
1 1
73 1950
50 1305
8 33
89 3929
26 643
41 1474
73 3125
55 1102
98 3041
91 931
10 73
90 1263
80 1
65 1650
45 778
90 5073
79 2508
73 1642
24 446
18 297
62 1833
8 61
51 2540
55 490
39 563
11 10
25 51
78 3236
77 4809
12 138
94 4064
22 404
49 548
89 2361
63 599
14 83
18 213
41 1258
2 3
32 132
86 7121
94 6511
85 4303
96 8259
78 2823
74 990
58 381
9 31
69 288
45 1385
53 229
65 3097
4 15
64 3792
62 1399
9 15
75 4592
92 86
61 1511
90 5499
53 2232
33 107
86 5719
55 1121
68 3151
36 1148
47 651
56 880
13 141
69 797
94 4761
32 846
9 39
61 1159
35 474
58 1793
31 354
19 45
27 701
98 7306
45 1185
69 303
42 449
65 75
4 16
28 61
79 4340
96 872
68 2575
36 564
23 287
1 1
59 1236
36 1123
82 6385
52 1647
23 450
70 561
34 1069
83 264
25 375
42 296
60 2131
44 1027
40 541
35 45
98 4474
31 280
73 383
23 354
97 7120
9 72
7 22
19 103
31 229
58 1985
91 8184
94 1551
72 1325
90 7982
68 59
50 1267
91 1508
54 422
56 1610
45 600
86 850
11 92
67 2872
40 995
66 3310
20 96
74 859
75 1255
73 659
29 137
23 181
57 1401
20 103
86 376
17 69
65 3150
49 525
75 4924
59 148
99 4938
13 13
11 56
50 2479
96 3390
4 7
15 84
35 656
34 3
48 900
50 1795
61 1687
68 3817
67 1874
49 2140
46 777
92 4425
29 482
89 4551
59 2453
21 428
26 298
59 3411
14 101
72 3774
66 3042
16 242
98 3441
78 2516
69 1695
93 678
23 106
18 237
65 3410
74 3885
68 1937
95 158
52 2682
5 4
47 29
61 3565
91 6202
74 3749
95 4074
95 5802
47 739
48 1273
22 40
1 1
59 1473
67 3958
82 3776
31 455
67 4160
52 2540
13 7
18 232
22 244
2 3
35 1069
70 624
67 60
30 452
23 365
50 1921
36 307
8 34
26 149
59 2389
70 1147
71 25
87 249
87 5108
95 8629
42 1519
37 815
67 191
92 639
34 4
22 465
86 3473
2 4
44 748
96 741
63 847
85 6408
89 3750
71 1638
53 2594
66 3790
49 502
35 342
89 201
39 612
68 217
68 2291
97 2879
67 1218
50 1898
62 683
76 3198
7 10
11 111
78 982
77 5648
89 5307
66 2469
29 618
81 1740
70 509
23 307
38 161
60 2018
12 113
22 162
66 3365
24 243
81 2427
80 1755
2 1
64 3133
24 104
88 3218
62 1272
24 350
35 1015
22 47
66 3538
42 747
52 2290
22 251
79 5582
26 264
11 47
96 6126
93 6180
66 3927
52 547
42 59
50 937
18 280
32 645
66 540
68 2279
38 298
24 132
49 1433
77 1182
45 1800
1 1
81 2184
95 3199
73 767
40 192
1 1
25 349
26 617
30 783
47 983
69 73
63 3677
35 192
64 3122
30 240
86 734
24 366
27 39
46 2076
79 3961
29 79
8 48
57 1825
18 146
40 1149
52 2502
47 183
80 5687
56 467
80 5669
88 3743
94 3725
67 1263
45 286
49 2203
51 2533
77 1424
92 451
89 6061
79 3237
98 2648
96 1833
79 2328
92 4842
73 237
95 7615
10 39
13 151
35 496
51 682
16 5
34 676
23 491
9 5
51 2335
53 88
98 8226
16 127
55 1664
70 1945
89 6507
84 5823
78 1744
38 892
89 1582
77 4536
87 5216
67 1833
83 6700
51 618
89 7196
42 955
55 2863
87 5103
41 168
47 367
79 4360
21 377
87 4019
67 2557
17 255
65 1465
52 1618
98 2460
1 1
98 1534
73 433
55 2470
49 1494
37 292
21 103
17 230
87 6672
42 797
20 206
25 538
39 540
68 2103
79 5909
34 125
14 183
78 2070
4 4
33 251
68 2683
88 4835
65 451
61 2589
76 1162
19 84
44 1059
29 205
79 4185
76 4394
64 2262
88 6850
22 439
81 254
82 2862
40 261
19 261
3 5
3 7
60 794
78 2542
18 211
26 439
91 4846
75 559
80 3939
86 917
64 3525
29 222
27 347
57 381
45 1130
65 2716
84 1275
38 922
14 108
40 1038
80 3932
74 244
80 1264
65 3787
50 2425
23 10
32 289
86 2159
88 4501
36 810
78 2372
30 729
50 2141
66 688
21 324
68 555
40 1084
53 884
10 64
30 458
23 77
62 3717
59 2621
70 4688
1 1
1 1
81 3862
46 118
81 4616
77 790
78 1606
81 4565
18 83
64 3523
58 691
86 1033
25 430
90 1838
6 16
9 67
53 1913
32 547
44 1232
33 949
18 296
16 217
61 3268
98 2527
9 76
98 2764
1 1
85 2872
26 649
55 729
13 86
54 2295
77 3761
10 5
86 2614
23 241
79 4580
6 31
74 3701
16 119
14 97
21 211
38 857
13 128
52 1415
41 675
34 463
13 165
79 3222
22 289
58 1750
72 2569
85 1770
79 1758
24 556
25 102
98 4643
99 3587
53 379
12 51
15 206
74 3287
88 3853
77 1992
99 7482
1 1
90 1593
55 1351
5 13
97 8315
46 1858
79 3089
46 320
62 369
71 11
20 288
86 3454
54 1237
24 545
20 124
92 1376
28 443
89 2297
14 47
41 1359
17 61
4 1
13 1
6 1
19 156
83 328
66 463
54 557
5 1
99 7009
53 1712
11 33
26 421
14 87
64 1118
32 242
98 4051
96 5958
42 16
86 5777
17 288
46 1511
54 609
3 6
46 1948
70 2859
65 575
49 1985
45 759
82 5757
24 353
77 1802
66 4324
40 170
14 105
20 387
35 113
75 1865
84 4658
3 9
52 1457
15 85
79 2892
2 3
64 692
18 45
9 13
7 11
94 7207
30 655
6 15
95 2492
65 2944
13 157
18 166
73 4659
30 228
16 35
52 2475
75 2433
91 5126
43 1143
88 482
14 58
43 1635
46 1731
27 166
78 5104
19 184
58 210
45 1448
82 4159
17 283
59 2028
73 3128
16 35
39 827
92 5438
10 40
3 1
69 358
67 1107
20 21
41 645
83 2351
62 487
16 203
62 134
15 7
71 1050
6 35
72 1318
72 416
56 1151
59 3361
37 1004
67 4395
19 299
48 1252
9 23
55 799
63 1941
35 96
23 328
3 6
18 33
59 610
23 173
35 151
7 32
34 882
49 544
84 2827
1 1
12 89
30 36
90 808
90 6968
93 3529
55 1912
85 5633
73 882
91 6123
41 631
81 4259
39 869
42 806
86 900
36 1125
25 408
3 9
14 32
27 525
55 2056
69 2681
18 296
33 1047
99 7548
68 3119
7 43
1 1
67 4066
80 4535
77 4637
40 380
52 2084
82 5202
64 1338
7 39
26 541
67 3225
91 8206
59 2791
33 589
4 10
47 106
81 1455
53 204
27 450
89 4905
74 1699
8 29
3 5
89 1628
91 4484
93 6976
14 40
88 5668
34 1072
97 3961
13 20
82 4928
97 9178
74 4279
67 1574
42 347
20 4
56 1014
46 2104
30 861
40 1503
60 2225
36 543
43 1554
27 590
12 132
53 2385
77 1192
14 116
55 205
19 219
51 1114
2 1
13 30
84 6861
21 422
63 2239
69 792
22 94
94 5264
28 256
35 700
73 4351
