1000
569011 183624292224
487357 187168564148
867963 21078437040
221966 5029808946
251221 23923310233
785733 408335886967
675458 28356635725
641017 157651396948
922264 829162384546
295764 58354811951
626572 115135475611
898323 484858195282
837495 108069904801
147304 18517745270
985023 568192673831
607684 134181728295
781527 214288210359
438104 92708386875
739212 90519019460
965743 694343585169
718437 149986044088
659627 125529852082
878366 308802617783
917476 36827928318
541163 102732275034
393596 1568001154
568444 53563894129
311512 79204259790
143231 7429528943
804458 193459540765
909815 720585867089
785028 169785058798
761638 475357536530
558694 193000181412
375251 55860602888
557749 230879548453
51991 1463666730
862385 339832898525
197741 26466526565
448403 20087512856
76708 2749829667
839476 634798016640
571903 131009719528
165872 13494606140
366102 129741930447
436063 3801484067
186412 27512859619
189077 5938234539
516629 3456054391
28699 696691269
26880 264614444
825610 338089307723
89952 3316937508
42292 1306586044
306197 65950150645
437079 63148186078
475877 168533829760
591902 7424542008
669323 361972971558
422724 107054944286
659677 137310209475
876896 573287117987
255976 14588279744
748833 473705260339
142267 6443317277
53919 464291085
489444 46143861215
253777 58401010743
819754 349738894298
887602 463179077800
886591 104446075457
708692 212617008840
615073 195346300518
910302 510388535590
507152 42129500559
436835 114412793860
408375 95511209344
521687 262782734974
85140 5854273998
98419 8805414967
107087 1934596449
155961 9891045335
574632 278231997385
987885 359534703696
180972 4848408489
468888 8903267492
784434 34331089130
23894 175876289
340041 9657700537
88239 4039707440
550335 131155545308
792147 567802943804
731029 168426015078
787862 19643531272
486153 176828699194
320659 28703305284
57875 639695234
826732 587577801022
517224 32108541286
273111 17123358360
848987 527312304372
239035 10069548136
910152 7656406818
921250 498142679317
500731 229828138697
276318 3213128168
845572 514321806865
940651 455793762836
801641 398464108644
368741 60414815784
904386 300118608450
174988 273947231
213975 34125278254
948834 762254095366
207688 27984938761
38687 1128443425
179713 10786908761
75301 160569991
828946 196575391405
719436 190265791702
272191 14801272182
461007 22891925731
453909 120048691316
858977 282259263613
915559 768603369420
549128 105526106863
991225 461898129249
333421 25943665239
357507 122051046015
808699 311798506168
159405 22296276646
904456 4495342501
124421 11510218211
60831 1871630147
79455 1021424531
696566 306635006801
673166 204108814806
575018 39273627201
376960 2372527423
119855 11102384343
774859 480520518354
404323 27481420746
532058 256390415958
605134 214705245571
727259 382489816827
247734 28377213465
594597 313183310954
976064 588824207855
952628 354200190391
462664 133244660130
108396 8702988275
589422 18793022196
220374 27629865709
359783 127672130415
780358 218266047831
360396 62750212366
229352 42713823786
318219 9501417228
505031 104486308938
876783 595109880532
8876 54713389
488961 14838961362
699829 229737343308
880533 272311212327
505463 65309745508
765963 198831555862
265779 45404513616
178648 3051397066
381229 95007970730
986319 413668078012
942725 795501501462
911885 42838705195
640178 184074675190
194615 23044799147
392728 12784380189
233781 2103358322
961052 178339509551
711319 241893343775
741910 48214130135
421600 86967550225
652134 123355766465
524421 83748122617
997366 283988278305
644625 351010028501
320377 82726408058
217206 36082617163
897144 521261329216
423562 89052173817
663313 151744974402
660976 228397291395
812285 143469426897
764556 26445184873
966311 62431536476
482782 150328945207
680776 366246550178
692650 461280333653
350161 40492775337
828663 246252389232
102850 9703125788
40592 929177995
674270 70474432480
886029 212793059251
566878 169766434495
870055 663135059119
308084 45199181726
244397 45671569740
41293 336334331
778732 568066002993
896544 151522857001
353600 87403735891
585206 315863143871
354931 104160347162
990341 52552904144
470318 10853557349
994892 514986996767
595009 137110172950
806627 494787448900
543169 216881340109
213515 1672529964
672026 437096234748
775940 69821285359
671745 357474233243
112170 7919060199
322057 88686689592
871898 572156100465
780612 11654685464
203286 35948877425
103897 9815685673
954176 575497843291
76426 4618714933
757132 172919791123
25316 204316515
369816 99011834298
670900 432130302076
703073 349274104442
523428 30705542439
674279 371089044827
356076 17760474950
642715 45677436871
979839 959402615857
779151 548381079282
212543 42378844995
904891 64611035380
515072 186952530042
910932 35738433156
871248 369890681725
156407 7647223166
965570 314652153894
447352 38143232820
271355 31135535261
305356 77467300007
116322 12202614417
729792 81071651650
168713 3075272610
991193 642736006802
235624 22909832404
730451 354736497722
576414 286210917964
596399 10259145337
635502 175984103128
940157 788128533690
995690 352789727329
374545 74460003570
11304 33430764
371556 85075113654
140745 18927113922
877576 385095055752
142193 13508283977
169913 6692069547
50638 2093157367
476358 85641082899
63254 2137611737
532685 158114427040
474014 136438955106
781090 563691307436
318312 33957091565
818421 592658766155
869153 66812478374
466294 135903323312
778454 89554405916
763793 570932638506
192840 22842206761
533741 109534625852
528189 50297593564
965389 21057881902
7903 15172524
312455 97550129483
52353 1392934660
356634 101143095754
862712 183054798496
307707 72619548781
784510 55545248461
311999 97162836041
655487 227549133281
153098 12040189518
989371 636234693980
957995 632707779353
494017 94650580411
50313 1322394297
187222 4695965069
132128 15407926642
405499 92594843436
943239 257151380475
452704 165133344286
981833 5304800482
100814 525418229
816995 602658197212
98538 3296447683
55787 1902455094
963701 333574658838
133787 1422031778
16067 38356399
752165 437432164374
749594 512286118508
981346 512974771102
559427 284114922769
26295 368012841
517892 31190996481
195416 7311331
253914 37421472718
232002 35161955462
68196 1577102586
679396 437214397244
703227 318474142458
482271 112256942622
596883 2531862402
446796 93715173927
192583 17835206432
610472 72624890621
940871 620388704239
617584 189422809478
822177 473166455682
266317 25462243435
123188 6757716737
725182 422457312772
38386 1430705177
67304 1796586621
227404 22206005940
393700 17274423759
569653 309525756466
782436 216862830252
994350 329932739740
269402 13200141124
650211 291259980350
19803 12160146
204178 23709494021
808630 497440855392
553902 160715063687
398521 8843731020
318207 101102234687
98866 5368761571
495913 167268148824
479049 175641501179
6619 21530547
518767 7452556284
493500 91359730781
292522 3716029732
385884 71801773180
347631 62414523248
645090 300122117177
721394 110544869089
459548 122755040269
946671 725281130769
246380 7142351279
726517 448064416080
740857 90633871198
169659 10965083776
347825 73977053837
211724 19008234047
631458 183878134751
341841 58632787912
616965 321350953355
327360 41538341213
590226 305623368179
305141 50602278816
456868 161337746561
830621 285350765143
741962 352953318396
21754 329408730
374839 5434250687
297910 43265929153
940317 303393659911
838401 67199999095
20741 85406833
641883 92702614825
416539 144615452512
523947 105807587789
781027 19945176794
640289 63621668046
379557 35881491372
456101 118728468548
480911 80273173794
420024 15666194048
767514 463253017062
544977 185392139885
536939 85065049223
887771 591592187954
298376 38927376115
371779 120578746395
143470 9240391586
10547 13772516
506171 144410911833
577216 319195243331
564976 220395100460
649875 67347443386
542626 1816426966
225515 27501217699
381178 50957386591
105946 10453794778
372596 4998821228
492203 7644432906
672624 71305594732
647125 332831811841
107373 10469143212
798574 307802887823
68273 1126778041
596835 302135778179
419753 81491637928
684075 207689376540
818758 73940248926
172170 23436463241
939309 173429718164
238331 40205114388
237246 23824887501
267394 9788008718
925907 590931387153
268235 54252413650
404797 31077295849
76431 3582952908
176076 25442869793
524721 57618533411
345215 115720709378
528909 57858126652
279557 29858381575
876989 632079052265
774110 451730864649
388712 49727410075
859106 328369301204
131447 10657269159
766381 383040390837
571025 26769843556
428413 60974514498
650505 97077083396
570368 217838613054
539243 70534204834
719009 317471934288
783996 141088817491
327071 96884406229
771885 523238423130
918776 113818761618
219374 27065304636
561937 8471961443
628447 178557481385
575364 131645345124
521925 72005068808
484114 17974606023
499134 52834112726
285380 46912209630
879450 548252090790
14727 203741975
126107 13089123489
943368 659110530345
403613 151051241176
637849 91510975825
851938 445154616111
365623 20328042152
191994 33701903187
94842 4381802857
897772 799767568442
240120 52803375832
110956 3899041473
2304 1398555
554701 136064201407
788643 611441282591
713469 245569819280
299535 72066497185
857334 143608493950
477463 211040210956
208063 18171937269
581352 266332239543
624049 52632711587
116639 564945545
418529 160812890992
34391 237238495
252155 9886294140
118165 7686381527
886587 679704439671
209771 30670535076
82822 6041426092
655227 178519319514
470058 5685917664
757402 415227287564
882154 584339225231
77766 803799831
900362 276843473656
336939 33798687713
300520 44625899745
559884 152062208473
414364 5094993404
560801 71291791419
338895 93946586791
129588 1795362274
402792 129637162751
219573 22830184383
768517 430685046591
316689 51210539723
945823 600244323378
796551 219736610966
291458 42006014046
759092 415251269297
845649 173612112012
946916 734194123598
810623 374651421101
589881 202485929540
468928 150152107614
539991 224309701860
719995 269816226973
441530 10667497192
714618 68771871849
991475 168424937953
999368 277035158025
939418 718810794362
323154 781671770
392025 145844235369
185275 30800096855
908386 405549193328
295043 11302064105
447645 25224159342
180274 25779914724
221995 17512549052
632920 7664262910
826735 295803667436
334388 7203919620
637431 227615219001
374852 104831172447
833121 655814618829
890839 785366441471
331052 18035523281
117745 5071285420
756273 277346252097
898912 43146383423
275349 37772016277
117033 779763029
501326 169709989477
137862 607371290
904475 641822033386
270618 2269303771
593977 232998759815
779129 125741250568
490347 230689765699
847696 241903601481
357686 84864672765
872599 699010704080
984344 361160076155
75661 1267843557
975588 815796240979
729932 154660408424
589771 219346724460
876750 763107494153
313622 52683374147
797449 38929833747
327020 96867946569
870120 341354159240
815929 583330552236
347759 46162617373
891151 177515950546
406830 6342867790
445894 80745633611
451608 27294348091
490009 128416039943
217189 30993018709
517471 127467698941
78219 1709658684
53578 417753661
893410 83835025832
476234 168786165371
556325 159874320859
905694 235827248655
930865 381663881793
621055 221419036941
288227 22614657690
644968 185733724210
59608 68580715
953206 446459700607
492722 124701774229
604605 73316736737
604804 252855895324
994212 477449268350
102393 3783107435
710610 387896484178
715949 506846945837
468837 62607623917
582300 114766078155
525192 223172663680
520242 229559368318
494789 241916536606
349300 117808629291
263221 53994151722
493146 28208739848
136819 10267827143
401532 132933582550
93032 311945699
425281 158111490654
569446 189813417261
106261 9194404877
866554 594783210344
811846 63774468597
763495 523618116575
986472 620799488164
934088 421352251904
158349 17307396318
523775 178658539317
564955 54037872460
543404 28607191021
272449 40892059037
243532 48703927265
874518 277737873696
28596 766867890
69763 936086424
743481 10991006545
575347 103884528657
316991 79539206175
355586 34528817719
782985 590811784588
778843 601213029089
561457 225637150158
372713 55156679038
656068 256283349104
148775 676674831
638246 307613302892
412898 166600978139
987536 954383787854
490666 52533090486
252744 33312709166
377533 132143960162
637619 330783096863
671600 135300682609
881006 413909362452
439207 118843428307
839712 229266178577
284420 58655439819
800929 273635721715
53508 819931362
861873 641893568249
736539 397774609802
516780 231753518650
91987 423060576
258802 45831639579
431136 62717868152
469047 4852633931
713582 457143414052
315834 19982644396
689306 210224781051
577330 11845704095
303341 36169514768
763262 235548523419
770437 292282613433
14562 112000522
334516 38418375133
242410 43238344825
63906 3564013958
550100 103395239048
445585 134411847114
849638 297389407447
103751 10335257441
23540 38143754
372109 32588739644
395066 71745075982
379406 137891704298
15651 204536819
140517 13688827456
435172 7842960918
335261 87795725509
289233 80697582592
375110 93597642000
404476 146236970827
155268 12001449447
398651 17183077814
487466 129182586043
840400 599535161840
278072 38520574476
750961 188533259330
183671 10903801273
369117 80642659358
535152 265704395613
367339 71581290421
759550 75279561209
749339 314263391749
676674 408643760046
528304 111945526696
240801 21339322091
776812 449281903034
815752 184758011248
416921 125135142335
511276 141260607165
488050 81125969219
664580 392494806359
547311 90663655862
596577 184099069771
54350 1263922839
789272 250212999031
457382 72569362250
543810 81114076105
472027 222003515030
556182 229533202051
123692 2780730867
991303 712347004321
185637 21767537348
203833 1621866734
71843 2592134509
323093 63631071397
115597 9841045157
388259 7323116232
496984 155028949078
118836 13331432384
423486 37780670697
588582 90326555562
900537 320526366860
522021 20295740794
251448 28144392386
757248 31793554764
578563 212090419525
580515 211008631595
560849 246482722028
821840 424568053685
491087 121058500496
628048 16844228910
531504 267348496266
112435 12159262425
67513 199831721
157886 9027930680
198575 2547171141
635783 58529946170
239067 28366211193
66636 3340086563
75710 1697367216
985647 106949865429
307367 11060829279
843780 247678530992
136020 16372190184
795979 491422686632
8875 58346525
411412 118246341008
205045 588864655
377226 66105955873
35253 39322843
65077 2289198338
1793 2128846
516314 145617715832
310126 87684499124
587380 331076129047
94855 2903670740
673977 62414522812
194543 23683747996
934598 198211334588
206632 35342988622
624937 325074154817
167023 21894537687
232929 5803501111
281905 156138157
275676 51147007144
122612 12194741606
171902 25252095851
330827 68993452959
315818 5366501951
662800 200699300903
430774 134453443790
831959 658187571652
594159 63904640753
383722 8658632653
582687 33116071379
89044 7905128773
26870 119003529
822705 421723445968
328793 4534822695
470279 164408654539
42374 861637726
127000 5661292373
255206 56195473709
480228 58818908828
628804 62493460854
815378 147521125844
894773 53596518162
771800 580099768629
255215 28274704207
783980 587711184746
367768 89151411998
212 31515
396653 39774672190
804453 101222486045
411698 74818187416
963971 207857983708
39171 374257339
233883 22417890896
299877 6169874706
525198 265139568646
616229 253090515541
806825 342034491775
101030 2879656416
951823 737701070415
910188 285503578395
281625 42182607299
76293 3820643851
205041 8165069541
699252 10696331264
392055 8365092067
225865 15948504336
885631 194633336522
906815 570539717772
945093 230390764168
967316 498797969442
481394 57031859094
161108 6888127691
771222 216545700382
354687 91804205948
737323 252240570709
621646 144431780699
190230 24946929414
998448 774725843551
407486 77414281956
465933 144967759256
613754 29052214425
790848 108555263539
199365 30672537575
666429 211473736888
37631 82165826
158891 21942426539
714381 207781779908
881409 7124301135
495218 140290882836
107373 8083620954
648119 38962476954
66622 423995315
925131 53174750980
818313 45291592389
631316 115524309605
515525 127922379304
795112 183302592262
294766 17950455927
897909 54190457770
363784 78817905558
614798 339752642580
436282 118568643887
965335 380613483829
664799 432031510379
647926 75226239690
435438 42328727873
192966 22236403736
298988 22367522188
736033 240103892220
156317 1045165036
799647 214646010283
84234 1820665452
922182 155885763628
281550 21747911573
911389 758662256631
656928 375419990659
791688 201707012596
847652 539486700649
763128 476951054330
216976 38900920567
305359 53196522622
108569 3808892533
760913 453166661113
601844 228969465101
602861 208012694657
925807 197445395708
392416 104848528328
29413 517247860
502518 55638427180
986422 39618784995
550773 18905047272
402924 64451398598
944123 548499386988
695387 432138946780
819957 231996059787
169429 15924148832
845518 565601070816
907149 598772347541
111917 2578946480
749368 77060456860
276606 64323954231
503808 175340265408
750705 177456060942
337205 33997310717
880128 241707021357
122435 4395296933
311577 23182708958
289458 32336983139
835272 345249006009
485080 43755331581
389324 6716085151
670179 98160852098
227103 399145223
196519 30328177560
748321 236819998076
304033 57204373013
216817 17150489357
860079 57110514196
630067 138524321523
949882 339614047488
263224 64260501791
561442 268495831611
633583 362944089905
232832 14602702290
273282 60412034270
659621 374586771233
394036 90665365229
680836 393658220637
243461 35960028314
254867 43669540386
878984 234821589998
551749 103778126567
483779 106472774882
834146 115034454041
164151 13335366707
642285 321067355177
505092 37186117971
529496 57992004173
640889 377726291402
580088 107973602932
149998 15491141735
387315 85346347477
213002 11124914059
251844 31968848581
386448 71670608801
433011 77184021756
932274 703933912117
973279 448194248499
517868 36029423331
246803 38191142899
119349 2339755997
650352 362314980283
387991 27492282751
238954 26384619429
273307 58768051504
871410 359902138078
136210 6649073058
758592 151686927628
558123 104590849528
854899 366017664350
142879 500223301
888282 474351175009
957035 29769981597
386956 103726257246
203623 40473615696
274538 51585566071
629419 311233904982
887464 214330266561
157405 21704834623
118036 10362259688
624940 176622979816
823795 104089847950
956300 354176943982
155065 16431504076
791169 463874676889
589252 146056709745
845129 312665832567
577121 140648349126
240704 39600103235
118072 6581262709
996704 858373928163
848098 310623723243
483012 130905398092
76465 3789066370
691308 246964257946
361822 114618621070
588092 77255618514
276969 53984763084
118294 2126158694
247927 12260215884
993799 12704002909
809221 575586653926
163154 4681070707
966466 215221057372
992492 109286734890
798187 450517528583
577647 25334823987
220926 17083194147
333682 61590250899
937596 835408895923
991750 452517387774
906156 337845605674
115255 10609272071
267857 16680110493
515209 143770186239
897969 231345402389
708064 313624577663
79544 3260751265
575060 115890336717
56524 1844957425
324886 88847735535
997269 842148068151
610494 219927111852
731891 371159720777
933948 170295269499
209535 30909772714
407586 116165613523
498191 129160754039
88099 7610283472
