1000
552752 271877839881
590422 87146306928
65663 1266642905
215440 4790317191
396481 35802957094
739258 236174131272
702343 288357743775
159652 7472940210
50057 1448299679
818536 361547540072
876604 480252694974
166394 21916599362
461589 99937824791
456265 68686447190
411337 48282630128
546561 80506429293
349949 16223991191
859346 514172120837
855693 168393928747
763425 562052945506
553620 140011541844
647008 356674183983
160091 227831384
168906 8084347834
7692 51652374
131166 5982987935
581899 322354993029
483848 66461145837
435587 168030782488
100737 6770959479
813333 563819607587
175395 707427763
252487 41183704353
228003 17595794201
919368 563354607518
409377 139275861799
149142 14948242996
208018 11396638972
647356 328824596755
135127 6283734337
165675 19742089408
687341 442760199303
897750 729553709113
535071 132169502312
324336 79125721634
419151 71383159660
953825 735301989042
559857 70943934359
146651 6223399772
293441 71485786012
527503 50293473474
902712 698743167117
327562 45341083582
764171 213598779217
578449 196228508509
255496 27946209104
589991 217075095600
929795 545573775541
735951 484961807541
381619 76290235534
395357 64740845041
148501 8926616509
297616 15785238917
353940 107760418870
47658 942568337
913072 579211193025
477410 203245497128
298146 30365046264
141484 14898273094
737293 354030777682
200499 18985718581
725194 349945251537
70256 2587601617
332424 29670996648
242850 29871459019
11247 81575328
713647 409046937010
225296 4413251745
830291 328669487948
20669 312354460
404549 56710477456
684476 210257684343
254518 29684332015
931041 798963109742
541585 211128880054
364067 105000804507
673732 142373346117
487424 79888563914
286274 32016365513
472470 183808223009
167606 22175797195
306543 27473166815
764907 88775953561
536657 178590545
585209 189356506204
370385 124355382568
525673 122365531544
886469 716893925099
16832 184285002
441164 14105282309
985148 222406501110
296738 30034549808
118395 3608617262
950845 450593144856
567160 139204969431
533790 167772548094
288404 37243607430
381930 56429618245
857409 282142740394
225994 31121762489
440789 38726061156
907358 499741440870
940008 155867270538
501152 248875911319
107166 7023332510
153280 13396867758
41416 127928390
29978 93401024
747594 20632270874
139394 5047795560
522805 252068333287
618365 171843973370
590364 260720343749
57763 502073655
608647 1743334676
533337 70005290637
622388 290414192394
194131 33558971455
66821 1245636468
179664 19440785604
547183 45993027572
246382 18762369274
494720 3328750344
665970 8603854712
59118 1978907417
403348 115314788904
21713 349071068
953696 229893050268
199247 15083867727
580557 312876748113
265342 54533635448
340233 49799373779
358192 14247606213
677203 247516644500
589073 19322084126
408858 100113081092
504486 91347857978
325325 1499739503
671586 260866199923
91884 6878918060
794892 479023119004
223778 19458854060
101418 10025746417
989835 461789671313
549373 200901583655
694 368825
655037 300784179722
506308 212244853772
263322 51186574
233729 47951906538
359255 13842572981
476176 87353481821
874363 403889806379
495009 87869436270
691543 435829047534
14579 191046061
291455 81568187969
866253 237412070529
215334 15306467634
214919 11660832786
292569 46514831165
998541 948585120176
519766 126613173044
521545 172875856927
992678 196020137965
100527 495307342
432417 186851185113
29382 190173441
499248 143438964084
895826 30294959433
696512 98054027079
452645 134892051511
128952 7910614219
679202 167501142142
50711 2535393351
311480 67560467838
871503 315733413065
257577 29918367955
895302 365862042580
416499 96135855173
500868 119498637074
336094 35481745508
738633 58786256060
473085 43314190760
237684 33824472508
858048 551973017618
896159 724199870324
903966 719016975006
44256 499725601
193440 28913291958
714356 109753767904
161414 18809766515
74527 4593495935
31053 900325290
812729 232068960783
358663 107029859963
516407 229955468206
15189 155890953
912606 116818590544
407244 97136039157
591599 97836009370
419038 59888778855
232772 17356437181
151470 13635299954
128948 12288050321
505407 164131727526
610788 137768816213
34234 440960269
472247 119086155169
716217 16456569145
33072 391218359
50061 814863675
826197 489245593525
538481 187678843958
408634 127256529643
910682 78958256069
692912 342527281460
317854 65711730193
184057 19216650120
659370 306084132840
222577 15556165308
942556 778145515102
606908 160459968081
562568 203734752730
899375 441170341675
670366 19237221487
675860 77273048568
532819 233629275439
244591 52092578623
863357 118836259608
439934 142300792671
723993 174161263574
816140 606678461332
995046 518752652016
198043 11492991731
410572 561372759
209500 2537345823
118855 2188809064
351519 21064715177
609402 29064130380
999697 348242656283
524961 27164661685
121904 9450039306
684060 218449465487
804756 273427730786
519076 86607425515
253249 51960452836
172772 21502880740
565169 283628704890
519579 61091507327
40324 405224962
38398 1384370305
310255 5845341783
901068 477495390889
370853 32121566470
615962 223497652198
633085 338675522083
1756 1364159
557207 214786346621
654697 97706238945
813949 148410443583
612489 227821366311
990502 61432573718
125693 9465050157
571952 69577969257
327179 104810977254
427146 121162623974
503705 132474225777
628153 91910000306
76835 205852165
856065 22042184559
256335 64400902798
442383 75613219888
292386 37616754813
628219 278040775405
69280 4329574467
546464 87720261803
773192 529208616172
329334 20352329880
693936 227623451918
988842 529331767132
434345 110569058206
34970 764030488
288029 45363142730
362398 44325913197
384498 132513247310
451840 18820592869
15559 117270387
892543 480492225105
215719 28604750549
891767 563456901959
8478 3444890
70847 4974453897
507929 37908120440
925900 416096974638
508815 114561733284
510753 24910958112
863030 459890994518
789352 346774551213
789494 196164591350
811989 450063230722
251852 6543613625
170005 13770263608
538386 155476341534
78725 268616576
69735 4157490956
153765 10051213621
799738 312820819827
281662 64925702656
35935 567339793
245259 23176701127
945643 47527378666
254609 674678902
550751 175318193444
834698 447569009304
188532 9462359796
954392 407470664397
682029 334787164279
536396 125510514844
924327 489177144036
227168 25015402704
158855 9603834221
445652 89984736822
433550 106225538913
761787 121141387023
838307 615599812364
424954 108676879170
90249 3504008787
868653 479573608888
517617 165748910466
429548 175367921912
140470 3167635789
760444 502730162268
348865 5454363631
207557 37397720462
71695 4952707606
351993 97735256747
787534 594876696735
814760 474014642886
207582 40509469634
419130 4625108062
943546 392153027339
255912 10020068308
589752 130549377158
709738 33985561904
739239 436777402769
755135 404617380752
490605 112294336281
288532 38343661153
491713 143728960746
286173 3320771379
740803 490936083610
961097 778050027253
285761 70073402418
728268 87072535897
72962 256621302
114550 11540230978
118050 1361991441
314809 76616026007
708270 325066719193
137830 12835975088
435592 168637473044
279985 3143602209
411098 92884413678
160049 10644326911
723312 464743162402
943246 573087194952
259955 41408357380
967934 679427678402
223259 32807039677
620504 27797685965
69284 3095683617
744706 388463157941
131861 9637352761
179964 2596402090
554526 195107050562
742629 320981998517
457731 161001282781
531685 143085945214
496286 160702501994
585524 261574961077
213014 9206114935
26197 249632817
477316 6165210977
196382 2991181443
787270 339701820420
358135 50312743776
63203 2409890485
156638 5658296436
378897 54264355474
769315 379316139371
747872 341780986554
674022 247719955490
136027 17182714224
407098 29725170743
994580 749384538730
255490 50861315687
669684 404962212754
623983 190213523942
767983 400597532604
269758 35312655053
270072 18441930335
795777 279282750768
492152 31418370657
465922 172268693941
774024 437652641177
440752 40649992941
920589 450407582534
294694 15885830125
883772 477741653463
941051 840252251341
563236 258465898839
234319 45570623961
96176 3052050992
636670 54067234105
54878 943946521
381876 25012551447
936428 808556470982
504631 165387272082
835140 569132622534
426668 45100517208
135831 3459451470
241193 7535887619
11845 9568368
11225 35688379
188204 8506537543
77959 855596198
472100 25555913543
502362 163650025398
656090 305891413643
467778 16442610549
354671 101966822523
597321 162479069737
243719 49714503448
305505 28547959630
388547 120518860063
243240 5686904686
976167 942260681312
892216 728504942904
816195 241947068500
887589 37613238752
411883 73414404095
826321 398052452770
781026 361361193561
408782 60065797492
955899 890453008074
436024 38033428678
807201 210179039090
883060 484552028195
111855 5237859040
611953 10854985176
170483 26335651614
832157 52609947990
664364 279371573653
895972 735916747625
633231 333557241915
188716 33465247626
848231 39156456365
818556 338632212978
538954 243013844774
443784 70334684485
191925 26831021963
985877 109024014090
509930 233041934367
56378 2374523873
449873 171212152298
783392 544140339464
657599 62397805978
890830 242257626043
137986 11523211833
813689 236893383450
137892 914753739
301668 90414920600
495011 137003072477
790011 332332699220
471605 61611103220
364961 32582035758
366579 12743820918
834819 547982236911
975873 767118894506
894263 151162431740
564243 160406585203
460664 49160036852
697826 23210624665
617907 295660209081
841164 679922332007
544400 4959504501
302787 29113916277
500981 151105386203
804435 219421200154
769964 423510516571
859137 437275110034
459207 75476001612
199376 34156239406
379602 117683008942
518824 45747157753
835339 507377811035
867692 219001447545
939434 470493848933
451284 36712829589
646050 387576554388
69493 3894294082
272826 57097658956
713154 233867685130
718925 238892878049
827337 116041536767
78806 33953770
300841 76294933464
711267 420933754730
413671 120964353157
204453 5600095103
335627 74936556727
150497 19516640633
871924 574840390017
523569 193405400499
202143 11693989310
297327 29242875066
19109 50969228
19963 136438915
760876 277988633217
940496 460682687057
231411 29811538882
44409 427158429
416827 140286027438
359579 124077884030
201732 17546773172
311672 32572053336
571496 151832237283
378398 30314039867
716495 408141881961
880244 90001792618
174737 28877893185
418773 125089277200
208240 39908916575
488552 175404940992
589575 36689582372
191490 22680715072
979756 880357272760
986763 211979122597
289492 28252507492
156592 979912903
659563 205400472483
888935 545517867355
792268 196821178634
6097 2539840
258473 30769977660
627508 15924048760
219220 31245882063
520791 142076897415
107624 3323758436
790793 137044671915
9184 39604192
889246 32954964540
939319 731599488619
519346 138673099874
512678 11430816327
87637 2006608966
862099 684997949426
914686 405256884068
855732 566328449286
90238 4730016301
222200 42788788391
458838 55761242983
593245 272466635467
261290 66091655964
472959 87575029549
988860 744704634719
293438 38398790199
668904 84107852615
643601 62140407446
967300 917364121435
662017 385844351552
717899 57111135805
589363 293123799273
654312 50608464523
42066 184263923
828527 274106520021
444237 23109595879
469500 126755005052
873551 509934173269
781962 451046298617
466579 23978599971
824109 525680897327
805072 601788336170
958719 507979545017
354530 70340868651
119119 8639152854
467249 51194584117
935533 201844992592
501264 136482793070
505945 209739576950
463690 69448162299
463588 96442120803
804011 366436652635
64476 3373632512
627931 60259127677
231218 7769409713
600295 164312653203
293068 25557008928
110773 8355514849
135753 16883218892
61170 1187564290
340273 84018134315
169528 16975720972
845708 409327514523
985631 895870827417
145752 7494007238
442507 189638858197
724091 85551582745
572271 231405317568
260123 48226099461
103018 8720436882
331542 104777419668
466357 77386837542
774286 86725154685
165080 7093888964
299726 50949303686
88128 4104745559
474732 167456706252
248308 31892875734
151642 12820333496
799065 182303354210
483174 102666147819
658990 90564850224
453549 130487514888
829689 65873215470
197146 1654277748
145737 14438372484
334717 80946777833
420431 55798651225
631348 60594306647
501864 38768106732
101645 8113572885
780264 253964212013
316237 30964752777
397734 149912664255
895097 17825476763
635764 83127956944
101224 9048852611
448675 23254580161
794428 45272587023
450759 132201555686
408819 143452054332
907033 798306623526
54854 2566954793
697529 24720114175
682389 39727659954
88653 4261334027
681477 229058528853
150723 862895607
742959 280530330692
40624 1007524539
532001 177545026403
716053 378843008887
287254 79227281733
622452 36635667345
721277 249326552847
477173 118214420222
739721 232465378892
414091 19144077513
454972 196756379012
856550 601249773593
261308 60773486911
61171 418880492
748553 80541373411
314570 34677393177
15153 74105872
982160 718461505270
388309 53604361839
179115 25723822891
296768 73610496594
616465 322141302569
773304 390322887427
43915 1726269727
550058 235629436685
287306 47816470363
897519 373718977019
395368 111576690502
659250 397320386414
379429 88449808215
787874 184034436203
289894 5049069089
315910 48626004121
660616 199633280429
271208 65966908561
476701 173069400056
665041 358225056019
642317 340973025171
608643 368214994704
648897 417333045102
109478 5336027604
346807 61849463572
198322 37310248088
470951 212203962605
767964 301953729565
428078 137059778321
348287 67410477819
593732 191389843465
953623 844297737868
62953 2207497378
985612 470326554500
358767 53777344297
381783 67567263513
800930 214358024492
15129 162109877
220259 37340741518
557002 142005950401
294626 49896155131
185826 11631707117
487026 223953348215
372374 56318593556
496211 85690883573
326519 47334634014
854331 482181272395
91300 1086124153
542183 192605786130
417250 136567572474
259769 50048714331
603062 71856318869
403927 32235294851
228610 1812144171
492751 29571538239
822136 649323312425
428068 53397846823
554671 205403852683
720864 17290025212
831447 356090597967
177725 17835006135
124783 698788789
582685 146456075582
327802 57238744529
904732 579366036364
740647 510003560621
375505 85782556304
149383 1259349784
747584 68185538248
600789 238781213844
149414 2950034395
469783 172946769729
399539 95538254967
916934 139226748594
490985 201958038987
652036 254593900662
133920 17015259141
479417 108309875573
70711 368568492
53674 2130187761
929445 328518898813
850391 376994166452
131473 13256437462
50119 2475551136
494189 64566627771
168189 24919245392
121508 11364306427
163155 14483087469
284805 79881923749
533066 238000770373
994800 988502870907
94670 6956854500
86760 1917054707
47887 1375152317
134541 8393690736
156683 5659157122
478445 14964281874
466376 196607740293
553662 96976676773
646791 318275136368
676823 123801872642
853064 315898429033
197216 2190920376
81027 4319932060
265344 59184122826
704569 371149133184
876916 35754242165
355282 1622269862
894214 264866311396
741989 543699982848
286066 50182050440
230981 46992551139
786937 286235441302
466709 143560695316
902586 256066967126
863474 314726295982
520377 48021190479
519386 101435804662
543828 107123491909
172298 24255708152
146551 21397145453
885959 455858822132
406399 35422633920
943945 457410865982
520112 9708917173
169960 2106705008
787530 313389871927
10638 83837954
975742 314920498309
467964 57528921196
22290 79951125
144360 8851189691
948956 828525750647
300907 24734588312
981101 826295529602
782341 329634259940
966411 112784614263
246201 39242149254
25016 414119152
670822 175594571970
412281 83591326680
263546 19209265221
36458 793842300
719487 236428987850
849925 295327527730
482542 142593859905
733028 84056941125
877150 329038605072
572038 310941542823
96984 5071366503
455910 32436683555
350246 89580358926
636085 403897064743
996199 595289199379
358746 81460632171
146250 2072842369
154595 14533638070
686173 130680697439
519681 144596654209
61743 3521020457
175903 15365796897
942773 192688975382
467428 131941303162
970438 255463650335
491586 45332084080
292392 69726934563
613299 159790779826
688569 205615641445
133249 4426371166
879330 369685210051
826008 328072221196
138793 3650017709
389233 121247362353
84622 3015573377
432374 83984758038
99281 5493199595
772882 295127559465
745362 159043511789
346528 15676618
435503 52726597062
129890 9616129194
916648 711265566168
192685 16450522459
850503 118547570104
706273 8363908942
882400 515783664675
296134 77225203308
845444 710592151083
276070 69245385353
775907 449305237463
379128 119871979726
471284 305375062
746628 508312661789
393733 52357510245
230144 48713776289
231803 22944277501
927947 503459866585
356935 37501225778
546125 253018174357
783090 76924773749
591522 146391845471
844199 124562344
943481 561481002257
939819 306403630128
830965 675525775215
119270 11593443741
336225 48513448166
367654 83631238046
829314 351564412597
441915 116468291346
778107 346014569911
803570 612748621730
764086 160027682398
557600 180763860346
637662 227434322115
625285 264248752793
456709 182705570434
895163 700138647898
897017 62194974151
251930 30911183231
161048 7261161530
938027 680612479514
854829 425667071263
870690 24755753786
456911 72074080117
172937 17759083549
539679 233227654113
321664 24753739124
26994 125635414
748622 507877898247
44003 1431766969
179638 21211854415
419948 53716133594
925241 447359978581
522136 28490202348
772743 407698361337
39943 1523992123
70991 1718848439
551214 189657270525
713 180937
181790 28889086378
393745 44678132348
686419 244940218030
668748 125348323340
478520 1143261422
394777 72324548222
420686 167281666523
814901 142141018607
224570 4919531755
354110 22185708421
334192 92527539240
127157 2815718920
837712 512837908090
271443 203411491
583582 79211170837
695818 94841483561
663357 277474938162
878545 407128487561
845809 310939683417
236877 14479185944
538941 155631118928
650994 377146016301
383796 18844203092
918464 345090003769
595193 188347504073
252974 7932387324
308882 80996437970
683840 88939322066
164817 24310292408
522671 262024183538
140014 8344407727
50573 1064483570
785691 219822454590
719258 39013154183
770657 162176119677
294394 61301111512
480810 206498026763
172995 2401679924
392313 2610282567
571391 173965977239
564409 186462306924
690437 372950333921
138651 17074470368
300171 7388826835
978509 190715761869
414464 7626697415
377783 110508436553
547065 258318746735
232963 41689923524
776352 329177102427
159016 21157596269
348879 109851462407
357455 84510778803
492859 100581348141
824575 563029557757
131002 5569706594
557057 209346419528
519272 215209396007
188360 22991726400
823965 399950221628
526389 142436317400
926838 851457413243
808489 257238031931
323249 91518572595
448059 50892123341
979393 806341941659
261958 46409900572
920969 575147457507
490192 6650771669
385933 112392523774
657060 47396524171
662445 100146276345
812905 237542783042
974912 683677018320
653924 153702441532
518160 100716773137
281652 16497764518
811911 127431640608
266221 205200678
350315 55567464768
97339 4600081560
807431 324264952705
506317 136097886348
