1000
814253 498215186479
491141 63918063048
384130 108093295326
962871 121474625273
267557 55176980221
534418 223689112528
378096 26301442348
757128 202363160444
219704 38608349478
706351 431179488193
878231 144017986209
927975 111292761227
351227 114897283135
43671 331921957
863126 383368447828
983495 696006862683
5740 32476730
279492 19159607384
562358 179368637491
484687 132284734100
720216 484424271218
408560 35902019250
306657 26427801640
483372 38631589532
255704 21611718722
957357 914301390720
160995 5701640894
139223 3723242444
511353 177382661333
73193 603620847
539424 7756221059
367499 437114367
101585 3545320951
311206 26430677988
410311 100573328479
474129 138037179814
996562 71448105651
580034 147358432603
415102 132281192776
795453 256162517437
996878 604939662812
504053 169140181405
608884 291824321018
576583 300636508342
246178 40975160591
271224 69559283964
417270 139710354535
663800 358680926013
980989 173581173917
211060 23147144859
702062 46512009243
899996 165638939142
267401 39615080577
993975 263843163717
54942 2266239983
352643 16222855534
241524 54457100037
597116 254725657366
878057 435078544950
614129 354718398186
822355 209632424284
955227 769680502575
601268 213549204896
721177 399378193143
195410 4523631270
215835 329685151
484906 231952731260
441360 108925722145
121951 10676420121
502052 21088919928
227275 17186878189
630809 188446987967
986907 616669693301
590165 101474696476
132504 3878745466
599941 253141667411
683352 356943288006
456797 143995386101
106903 7325449725
420849 8419693629
126516 8185499251
139283 817435285
260767 33115391885
858807 317938142144
469474 97720749956
249561 54663386438
106270 10129411208
192961 32521002980
240125 38705654172
127415 4949688318
240593 39720677238
972968 339127533289
594188 4867790051
88915 408955554
212957 25519288857
536933 272255413023
868398 230441268301
264390 15808899450
527988 77725883436
880334 152722097736
151263 1717865761
528357 117263047024
9907 90812774
77340 5589203474
149751 17193901831
525185 2454667572
793083 545570037802
668349 242637932626
991932 620406543836
442367 42621028833
892365 437445586340
221457 36132835851
755157 180475056303
387639 7475453706
201665 14483144258
564302 238508111236
317831 68359593609
159454 5414066505
801421 556041025112
497306 238860967709
403276 129122532007
882750 336251926037
334090 46416494508
405651 73654017139
279363 33515798091
534778 241650512723
4771 7860208
130846 7407456155
219287 18311560323
365067 3712934589
664093 59199972742
469796 119192838062
448394 116434429193
540252 288936922374
216802 42520164236
15703 41807243
467499 186896201823
524363 105555410978
371981 37075063060
261409 24129163878
263020 22860288714
984755 648963643204
976995 16638488090
708209 63510978980
652684 22324674971
99263 7617980909
231109 32694408704
98544 2157824368
905860 195927068711
596189 158607984340
835079 586156753570
984254 656796262392
69655 407046695
415208 154043168220
902056 639111111640
744497 457127607412
724617 7018943636
67152 318634259
359319 66417339472
632131 225627482434
476151 186817370556
759736 67755832087
358105 68513302614
524957 143435185695
523934 155056645782
834763 477872723329
258993 53034770763
682645 146754499038
382791 73944625111
155327 1797220443
958486 843369894749
370037 34252433276
433262 143456674256
4549 8931004
293572 66951957725
954866 591904363884
590578 99439816794
268907 69512188786
647156 101074585340
474229 54766143353
119981 12606722527
760518 417320172693
527030 181379643738
430379 32720805867
267271 43062216561
215545 16447981731
678593 447602195628
674811 429363937934
817379 610025724679
995847 744959202313
232477 19675891715
175413 20621431766
547513 275147802896
297216 67304874460
566560 77290904093
286734 47647131359
945227 572767539026
890402 444851003
217488 18610249222
200955 22397049768
205094 35050437007
835406 445758067432
786188 202433936939
98643 328261922
722954 458180787059
583589 124179668908
231889 3438660770
610935 251478528106
219049 43451676935
866847 259238645857
399147 138497056605
734255 378169584623
840303 260266450172
630733 326232459649
964281 45627765111
62626 168538232
811592 555726487582
488204 82774903035
754683 302879008561
24695 451571037
669151 78104191699
751306 362613900801
108631 6158193795
512722 132320353539
757166 237226574749
869354 261538396962
126364 11986083744
895695 169833714505
3228 4026093
472020 3115100553
639691 292470920249
736949 197512924703
201967 4770254247
811850 103110715967
464261 17786342601
765473 344788733091
320994 319782648
611428 61332685066
759326 283317403994
163998 8168961804
548558 291787599362
439097 148948881671
775184 316395484173
824842 588825881974
355419 99388035506
523839 183251080737
144188 11805207446
285352 53473275377
907654 532971423141
442828 9096786678
423120 145294739190
323820 87744683749
55237 1583573118
764430 208455735480
928631 398393956895
655989 190710812511
938962 522602438018
56134 3017225985
749422 376253044531
296813 25710819687
18633 396583
30747 512838361
580990 176869877639
665108 385467427359
367944 106929378256
758817 530578288312
992576 599237850305
586354 184672115100
627254 259559444694
860882 453329893587
551599 16654160082
85865 2517098131
970573 360435543734
735084 131224384853
763750 545242486901
830396 650099317982
746244 361493274863
436444 82320057620
401394 91995844432
313860 11125182270
384802 21199048532
187441 24920660022
546335 4193857143
236375 42229418380
86381 7345009974
846551 605556528681
9551 55794592
14497 124775458
962100 2385568368
985957 310917308139
463488 9396534868
333361 52778162007
297569 65641748308
323792 27259394497
257169 16860139835
657878 117423123586
703088 312163078291
360816 60279808844
66691 3571509321
811162 154654116606
57298 647428768
695819 150473307573
749947 406823749837
998071 992706465747
469043 107780157561
335814 51633754468
428367 38799158808
651859 321364106081
67202 2568235425
275073 71148831581
575205 27510387180
492968 74577075299
760254 303071694613
967160 507267817033
560389 275340009885
447393 49782405596
316505 83396743813
417409 58801276548
195842 33003120232
157627 19707538748
772576 16952038956
877346 527364105377
789504 356949201369
224796 12325414449
416121 133151843659
886914 76025085852
10629 99014832
76945 484548010
893509 545260449101
961271 6286144229
933438 242393149064
920532 723559323224
657343 384384017835
486106 162728741853
598181 66287902888
811976 373353790806
102780 2222278561
791276 366229740147
445131 186417236649
753879 100707547760
359188 116342680078
32782 376578887
367963 6020212008
382476 112774329470
379244 101826423383
633114 280587200450
264290 67416277733
3354 5069010
726176 271685500376
542197 143941081025
619795 120454809933
67784 2570352937
758093 25848731898
892960 154889420295
95002 1139526033
362197 13656337708
132597 10730596212
758201 457163057974
213638 41059043714
521207 180830383535
910876 50656839319
660388 322934355569
180454 17159338429
580501 53697306524
364875 133062366217
813434 227460078536
872299 62258059593
67929 545404214
878422 596470643003
407104 60204231980
759815 544094803217
258228 64151413719
616684 175981092302
262374 37274931440
297964 10087364940
177885 27224955257
102512 8059720041
527502 212969199143
70377 1677710105
445474 76755759143
34578 554474080
3250 3453472
231609 26642356301
945884 508550184242
647254 235785972360
913641 524940435266
717954 55420632076
998762 198615561712
676661 404208590777
964271 248397335784
364750 37173030295
318886 80156056871
860286 315360979611
296703 84826569386
497090 204854033606
221893 20070832737
544204 45359605907
16755 211411536
899548 139454624490
169014 5112705938
242443 34016847961
402651 11490202790
133595 16270610975
359684 128684920909
136895 18510310358
733612 219975787131
665071 10095871156
881994 103514604393
593040 147217673510
480146 216718611433
411826 13416475310
971370 826150225090
202202 38299338371
764944 13408820721
139556 7535337039
975177 265361302441
800519 495523278948
704878 174044133852
450181 35312835805
951109 148286735935
190961 22630443220
150623 9861000866
653870 52202466109
928447 63056449775
726504 125716229795
753063 435862433962
816002 362695367938
136222 12126645769
690405 303626563369
970603 522181107718
831499 149912190074
255748 28678944206
496304 15999518053
290259 80245778390
411686 94583890646
263392 19667912628
655923 401833229987
803595 592929812828
592564 248767725099
419404 119132365729
23399 68528667
717729 205081560571
527069 43714037137
759551 298643636012
821697 388900416310
561952 142847713411
776653 83776173134
431001 113992149611
599941 308149371338
556825 140511132459
869775 292393016818
511797 78953480458
745245 31722218435
839675 623033860193
112573 8181095327
932059 114265518537
943030 66747752364
179249 31859550990
575740 85200809353
952543 280036774822
559239 190709220181
561802 254298615286
252686 42598252458
722971 275625605015
2324 310520
873640 370282585523
348464 23674224422
344449 60497436152
799604 382259401332
653658 424248996204
630198 200063621117
801664 371026505589
300555 42886869188
932563 461797023511
230534 6868120745
295836 33344516871
164947 18536413672
620422 348606479537
976060 935848837433
119320 2001460976
175346 6057036676
908458 95920341979
331490 17274502607
995572 832332174825
309080 89555574641
917259 309632199961
694495 33993958742
313968 71663902983
854923 548084598043
503800 87845233061
887222 563958401651
302911 11461165889
222479 17015657845
301560 33757011307
904340 343534886162
125240 15403608217
475391 85414338953
102590 214213344
685709 13342452590
651091 231987648032
740296 457157058089
677499 23421963454
491099 217128597960
399214 74116175273
901069 36787317536
432275 142847082744
476851 67172948118
787127 592954373791
514155 48950916648
254339 45234460126
26579 22048336
485947 173256308344
718690 391387984046
277537 17063501815
880695 73785224526
427235 154137589138
652820 369243854561
145223 4475985030
925663 578581221385
505205 111330024682
790763 467505208892
467374 114155548895
242401 43741101122
484112 61669076044
599037 176820292722
522313 74716058518
895278 140899195630
417854 58284921169
8810 16550385
30557 610680545
313547 84987985151
964207 416664826868
862286 302734409688
148491 5297777389
521341 3172018117
743390 34525772309
981593 816423654727
145008 743174346
81394 2233399233
723854 439968072892
88030 902384476
359325 118388984588
657255 421897543433
663980 104984275913
933416 544106891894
90227 5808566865
979783 892254321406
504522 204669034459
332501 24172096163
760802 80572290659
353683 17906131373
360402 60685337564
3991 14396068
860249 666821302014
645787 285242687063
90244 1227260210
785735 437543855613
701204 484305252492
321148 14626102858
273496 9864967078
216700 12385790854
304095 49908386503
43946 804398063
511703 233828255021
509051 242193738808
29019 547536822
540797 81162539973
892106 114898718335
838351 426963906874
260704 41426762550
545841 77231821956
57404 3018669152
750366 292299395410
892433 771317667096
766824 389811918330
840377 158249100689
200411 22054171495
986129 213913514251
171649 11170432310
369513 21017749227
539807 83061548288
268815 16275264714
270514 12819502322
601307 350595350570
610687 196402368798
248488 7320928257
542257 42693539911
885662 252385358730
122203 10543006410
466940 155218864668
202209 27550548072
917618 344714403515
886218 443347635770
734150 271880078935
218635 31648785265
634759 168553399083
649175 241861352788
255302 57153344418
262506 42332795515
852833 533463370598
31740 594929114
859980 622657120311
114881 226468288
461425 66063899581
945467 183077910620
903441 645204967857
30707 792869483
733525 419401588812
546764 132647206157
590169 20877729824
988198 975925213930
58752 3109933687
355308 69277423608
429966 69012332410
327583 85798360928
894933 482302873512
316646 63289287510
105286 3360301723
626663 369146408262
69870 230580943
380832 144953404167
835538 76091688465
75620 4961571902
832219 407569330564
163016 18519971318
277633 32844720939
880525 695257756337
137740 11945305052
649685 71969166802
186972 6093295555
96902 4147782132
52037 1798561083
19543 204704786
594357 332013674913
498387 177021528769
358814 56337052254
629090 142204160640
559952 274819897390
791184 34473995187
208130 23085663707
943278 264219306825
74214 4171501134
593653 107178096072
491438 113821872500
357308 102587866311
666156 324191727201
539509 255580546410
845908 677515875141
957156 626587880431
79524 6118465873
838048 448830031019
596198 269936446123
800179 247152260343
784483 488567806890
166591 23404793704
327348 103147514024
336380 72799651729
173612 3902906064
165043 10061224327
888105 547914294567
434913 135190891014
104756 6626151085
371003 32281501748
166123 10682670886
552965 186743549125
878423 2033170079
391573 24508045349
991853 414557677135
862888 355827174568
177970 12458865528
404186 102431673217
755247 75477353421
538212 108428898847
765226 560477350785
520899 179059643094
900372 267972639704
545086 202077266011
559732 256323621726
224898 350960529
383179 89415057594
548797 41966552186
982470 464154626590
629970 291868029076
962957 800320156703
941445 63252789339
160478 17539864840
84364 6366902822
600077 304110865371
504527 195843163864
396907 70134299418
860055 236206646307
583384 125947932574
358206 16469573997
293971 64123404163
528884 87681394701
168602 16447735235
176373 11466597711
480417 175487689962
633730 272410824580
326686 7452533310
765348 532964882586
798203 208353297175
842282 118726265111
59903 2510349211
402137 56709939175
240731 13614133041
802894 561108676555
786533 231274151142
401760 14773095586
767126 419161253613
108642 7327641634
210552 43822734702
651020 131666429786
314713 20617928018
418800 32353769071
946593 352275962681
275132 64311250559
833489 355703962321
557917 130859850038
394770 71023330041
185886 11161320347
406009 32217518296
24306 218446374
568258 120763766485
578653 310825284463
656685 112419931299
326118 46250784541
142636 10882598557
258926 36627981828
775630 188683019978
406264 7320108393
779404 439671723310
647664 286961714013
995104 310391867541
352581 102962157010
374870 83192998669
471016 83203492168
479284 23814395102
307602 55694468291
489692 30318922480
428561 127476697554
851915 367649420506
634358 266447067670
195389 11288720091
985264 434216421618
542599 147160575223
650705 24353701917
979635 260808201760
133172 6330104243
786963 160962140411
67387 1212500942
468237 86138073262
827736 121921698354
311235 24082127925
302842 1905196768
570079 29440078124
644181 96277479062
738212 57533927167
545056 137814655877
979085 742750056945
706828 239800503957
405249 59789616705
366595 58424330009
281522 49124954118
569552 31302738062
799255 151334071821
329452 50876632838
541081 236493257957
105466 4758417403
977732 339854567123
418399 97203598663
79139 5982167963
470598 171777768191
21706 262320065
732627 290909008442
586211 87855382718
54171 908662697
448996 80579928440
602296 30730709376
416006 8543806521
481036 222516519730
35348 743233710
538110 121371536953
479107 42407407875
561074 206413504017
130165 4086122118
766957 572120933955
749219 402135155123
889478 677021932631
731682 374491933083
389997 143594579189
223961 47661306467
890350 379422027698
957168 292544159289
81575 5597158818
19461 57564212
762757 536977168155
652979 346595467284
132362 2420434468
408748 104783240215
266374 40617361912
391990 38035762507
898195 339848890744
511249 99949475385
731785 336952963419
327450 52709260985
362444 107256121432
550892 178074251364
85891 5143381301
374202 70285014915
589286 243720968998
427307 154057401111
566449 66136535662
646793 337588611647
501609 221078940668
305411 62504656045
377783 79918679525
290850 9364678361
111091 7465497593
580360 308933920165
308684 77450234705
878221 383651676537
342268 107510297721
715442 288686087637
323253 45164960779
892178 85877586448
120546 2469077914
793976 127972452858
678657 227991866418
885009 6714232059
458872 18403798089
299722 31825526013
119241 3530584956
705602 184457193032
248845 8924163625
791300 1627401107
695353 246379605531
377494 85159314056
196190 33796738010
994220 567856179457
837092 613093064048
443503 146751821440
258837 50580852751
545230 34299493567
740603 397361170410
193395 12428767657
869650 697981766086
560827 19385357170
168337 10478705296
855534 332680824942
410089 13331943198
386534 149114132017
814651 20633205075
464555 158045601973
566510 229848969534
836250 427849122415
410392 117873601657
690341 329406131689
275056 60718293715
625200 103630240786
272038 45612050184
435030 104408004841
417066 14323831712
186244 10953977046
149030 17256633352
266701 67463628361
494986 112976325004
696340 481012749680
343539 105496992695
983726 669924821078
716757 52837502838
173028 23353755884
38500 910967295
101496 8137840276
815308 490789327864
162997 23667674964
786310 453895040535
424849 167762570236
290912 72489174611
669047 212864475354
568531 138098267094
398611 131127373584
982176 746991801325
16422 245275415
485351 30101292375
142401 12473638320
847881 381642228133
370266 108407658132
58095 3193816465
669188 178161604530
320523 52056067801
530418 237387606596
375012 108389039928
540459 252578486302
722490 34770753721
884302 185829278109
890003 584415517116
378675 21783351377
456330 202340190336
493415 180576572173
967676 490717463151
503328 24297186320
992570 769972900298
600138 302866523962
296442 60156633330
934619 50004410722
489780 237227827134
397584 49108913371
479968 91186380000
950336 598896938866
93125 1531098573
125080 13413562307
85309 2722902793
640149 104541525419
511430 23389802098
839269 39400768003
123560 9145946963
971291 338061157698
54704 230506679
602503 35067588930
34613 685048919
92778 5951169107
770524 454753145268
36838 450360862
434414 58312634847
554854 187794547499
74288 4698083365
307081 54399806226
390240 83530040600
947445 745146172760
320146 93696575035
348327 13270000673
880283 173966130276
553465 245876393370
603698 228716380235
856734 428061121689
752281 230329028942
462145 53532088893
777820 100298420475
681559 260397793984
571885 270258015955
438449 129259404491
366790 90227747674
360973 34069095694
181689 16947665011
384131 70977641094
887444 652081181545
410643 93425089373
530432 139753488602
229009 30394486393
687485 2799419567
374782 12542081481
412819 52829424241
426696 122998480575
21067 26855913
193164 15275552204
46524 454088212
146715 21244118252
576900 310572585672
935083 256401175141
598629 355464959852
409316 134985879128
89025 4195089723
457173 148746439272
297850 79912402593
210070 37333517110
112978 11053819598
57261 1712990178
512687 107860704813
445313 108788785631
6328 25936704
342211 14418452852
475967 210396627318
318936 1280766767
51083 1246864220
814336 563022623378
258773 58744716812
62374 3878890317
231265 50862609855
922458 746408785706
985768 889270445020
843631 309294923891
374097 94759385287
418025 5629512492
154729 8343259967
499347 209251654627
633646 131685473141
895057 161256121369
975672 496559366847
587016 82445154828
764155 276158622287
475627 54331622570
652860 84196617492
186955 15496226595
313383 44446429201
71601 2429894449
379203 9504230124
512342 225716466967
509339 6342940431
57483 377906888
