1000
770026 458655144963
210596 10783880983
515462 201849765301
603985 289215709812
269021 40253441716
326874 64161065406
278206 46147032933
754986 540637451103
71120 615246611
701809 300240800101
621486 319442368600
776870 476025579116
91825 7025441121
100237 9341696482
952411 854701844551
416387 90798595775
110005 301493573
339294 90822375743
681249 55136047374
34746 840263599
148549 16149552225
101762 8678506462
763698 120456619441
407214 39741383612
906132 647614675506
346 80360
521038 248286553485
139604 12465625863
927822 696900744803
145749 7503791135
321072 53741703822
500256 127905545955
691107 397711402385
629668 327690509397
434046 157484227656
350383 24501570230
19540 183167117
969615 635220300762
710243 354634128924
892626 133128290439
35404 111744247
144921 6738460493
459206 89195490174
986278 175541616396
700108 75714279034
854860 162828286960
921549 419240338022
217368 32602063438
529258 216058449418
693600 58463116539
981635 215842779314
239175 42642468245
931108 196654999457
861411 353368317868
868808 55242650631
650054 417614036216
702290 428604263962
333692 53495586067
599539 314681280035
667095 387037319090
259590 15273110587
152708 11563425912
726078 399762523023
554186 66408729946
726687 260896018916
849633 501089108523
507549 75490678141
240886 10521262031
30619 588919165
945408 603300898783
334901 82354308016
667267 425805103058
471418 5904416226
328094 87406440109
188205 13432760363
881167 378412575808
115971 10337589827
235870 44201110131
732398 100712092140
273826 50089437795
106782 1867277729
154955 23541065423
739445 259944741108
4352 536532
742307 475590193342
653270 308106081681
857010 665302562705
755022 96169743401
814215 179498884127
549662 7378498879
499898 176320729352
260072 28000167562
728968 400967433080
608771 40572426111
639890 278092175550
734964 332631652358
495897 64661070279
382848 106552251860
782915 137688856358
71540 2396423807
628617 71386761510
70952 1234227517
805285 500631536004
792746 113281503282
282877 32300991513
114108 12877174518
831191 271647553093
937347 305191145355
276230 63540391562
329814 10699513897
131662 9303046548
664341 358344851222
229820 48881718986
7911 12219528
617951 179344541948
509825 234338760719
353219 81540575755
188294 25428790937
873437 492636261547
341316 114262203376
889959 152522920261
939699 120641252989
342812 138610136
230563 42012840768
311423 95705588651
770917 511235787960
550172 198918378839
786623 108421455548
710884 196126335213
917244 363638327990
27705 341274255
737257 40353357229
254442 56523373510
63694 931284309
914549 98048332439
949573 301736878352
903520 111564318537
31370 731561691
449341 121893935611
22584 371090264
980023 538745309015
369308 32332562187
869225 79079704168
688791 453860464866
63195 121130518
920929 591474630300
986248 703463976972
761059 141546466696
19687 251976682
429499 51273789871
379172 55828254413
723197 169814114059
571382 292571365653
285725 72278819654
139034 7928733363
682930 174901176392
116397 13291174981
399770 98071734459
855340 559342706814
768634 323143055994
485730 14274439699
674166 248605572706
126495 14389137185
253256 42378027344
198727 17177528830
363782 65542100418
885798 583533211687
955758 351105276506
95444 7041581718
90011 6091172490
121567 8302763704
621878 62508246318
787496 420277410827
989192 203078979342
813047 153195939262
241538 43093273288
422026 34291806567
149124 15941091123
920037 803794091653
293924 14589464646
383545 59156378733
61071 1643080774
753752 513539422107
826472 537915781234
763526 62064325597
218131 32829823250
580113 285012310703
338501 8060369816
955402 196250814192
81362 3568340530
980998 570966893638
35991 296218590
518178 217017933059
56460 691293468
152777 6021089001
77741 5209321633
951972 145017329201
173133 18801098896
205518 19396249592
170642 25649959490
916904 60772237442
148205 13872369037
442396 39668761141
391443 71615419557
816739 345984923972
193374 22619465843
92790 7036661955
712050 430685938
978574 34306831417
87458 3265235889
866223 522531828946
790412 35430580528
677322 233298792716
695760 41383917167
47501 958513445
993513 52123690553
243770 38782965433
262005 50764661737
317017 95593213799
200972 3757800146
492426 229091240894
821782 588910015401
478420 164157225572
317749 60463477436
456310 84643034680
83252 5032877429
434614 114482502845
232344 33158899993
672770 63887169671
172977 1544648855
83206 6332306532
623062 352522284228
294924 14164246733
877949 332056421133
988641 173220082895
733874 231439302811
475781 170049168887
744727 478234030086
422460 157092961278
826644 38983998535
705175 31405243896
313547 47309205576
98594 2315837639
72522 5097381158
899193 415179153458
596756 268184219540
39857 83479947
160178 25562407613
88739 7205328451
817994 234896064677
502788 27083461585
686045 450056288135
643569 194636910237
525488 21663667878
538897 117870879828
906376 633893090510
987633 106744947935
10476 86193905
994627 231132005772
510309 108526370036
349605 20369290172
388505 15040852663
782072 411991122961
310492 72065205860
558325 197677732249
926591 333926519928
341711 84080891738
281873 5591044059
10014 78352368
372808 98306394793
926620 53379771942
205863 29422485797
857309 18156737875
185512 32871829795
930117 321778544909
868411 580516328222
191675 13823158004
737242 311537678243
126519 2885983226
747454 396397153741
959741 787719345569
945501 832484946840
62830 1503124310
167529 5564808892
61129 739299611
915247 373860269350
438062 172766305932
983135 89442380041
797469 361078697682
788193 107056027720
155538 20679964182
636799 217749337747
895498 493983996085
929151 485834854613
80178 3672307838
427156 82512251559
186270 15798760004
287967 5916761599
507440 50376009853
734774 205086524062
332713 107368941548
823051 568372368499
141162 17124971936
308957 55634697055
120231 5408678116
499796 225045440484
180167 17578395540
754698 513437511299
528371 123713054978
174590 6651808786
75190 617322621
308045 8191454586
884728 636058731071
746754 431573449217
574014 127644853850
553525 277058189791
684913 257341394701
204771 22444051448
670874 255859618797
882344 288075240005
131296 12250459175
443910 51618718337
172554 551215461
474807 180078241500
799131 35349788972
137317 2176417331
568929 90672993656
26194 330992216
103861 1757179922
344210 69112047869
55633 3072030678
690415 260268675702
237952 46735484535
483226 30756180109
26128 614819540
849509 19678831254
722675 450526546686
256169 47123741327
214092 27909022685
13264 46676317
415472 28335017349
470108 179230712602
725072 269229482356
95164 533519289
785133 217090252119
810051 198256567025
19912 247644125
353963 33023101615
302336 22134603727
237405 49133820455
275914 16185797690
664762 420261716227
330740 70557560745
427639 151006012434
523470 189332493423
363624 44373327667
485316 8965016284
435975 153974724424
567261 39252962560
243921 45014045110
551602 49794873636
609770 225724801313
234053 49304594905
606288 128210268536
724820 516315013173
41726 1258377424
184238 33686580147
487629 178942836653
256937 46619398714
734486 74852693600
164644 16007559650
606389 359731488589
548833 73292097158
866231 630922616747
873812 310120742501
919478 178476059054
296001 5847341200
924449 833225430712
145479 16148928706
5791 5769011
364615 87871318457
929336 736193346739
562522 247832949896
367320 14656447819
897236 679900221163
891769 290985085117
921249 145632692984
955280 67707903260
788044 66524211309
521805 113984419758
477550 210570031019
262903 57239769376
762932 54904252185
598786 303967292530
579350 191879650000
180856 13500109547
465146 52104233166
856581 641919473742
427969 176981139780
536365 90241673312
427182 56345331508
766770 510478467100
379293 138549973262
999939 416941679788
808315 280739292954
591830 265632416087
885939 106384204515
56132 2238005849
753006 377597791689
488988 107049029210
149109 1857395746
462612 80715180188
686424 413010337341
759247 288387024049
600705 318189955497
106834 5061231303
268882 69579703599
624234 355394721819
168024 28211150142
412188 82542016366
269296 43622210419
491839 239032188638
426969 104765655600
188655 22622632646
572550 323044550483
917044 13412902860
707763 468227690185
555768 235516412044
41077 1077827354
900610 133575841674
945804 861389181748
684303 316642445512
285307 38965664368
363915 46891502521
163274 12687577289
34172 647987091
171447 27251848858
603558 26924693813
527091 244216934177
435777 88128954800
883794 511969589560
889884 94185363893
876895 499693955613
994770 678939592519
748431 502794285574
594318 272617080877
922831 427202616271
556615 4235337792
697815 245135421032
715315 105912560859
165170 16370903080
276594 68954967463
388651 34534122133
726667 973182962
862153 199572189162
127152 4991526415
545673 279634646276
279577 13512691168
584167 122591193928
330449 95476602052
712306 332052323996
992530 380387039637
439159 79471505232
155221 17398092391
984749 137664183182
495174 144522011147
455176 203735318628
420073 46991975567
52044 2591042286
984887 900243030835
908709 188322010402
617654 213144890118
148137 18028559657
919222 261219881237
720446 112227380827
995879 160776424070
668947 394193230166
84282 121473722
323992 97119285053
775633 350710194186
809462 475667338268
410617 67908109886
675467 92455897020
791226 8533854680
14632 112522495
452643 154696474526
877787 397455916077
64242 1987215594
244794 46799278080
852667 591685687854
916586 379500775404
867268 452091059044
22364 22547467
318690 81616661275
621988 132921521016
70858 4416323916
992149 61938065782
715381 499424786661
240431 3556447756
650625 154132351144
840810 193086306013
894373 501229096178
740098 22269089754
976419 383743350982
946663 424627642288
238688 1065954359
588925 110297173915
127965 11507086858
734530 26932491706
815634 291566573321
451663 2848620090
903369 244214607361
815111 51098767731
894789 651311475316
178213 22204591620
128819 16498092055
784328 204297867340
554716 307044039991
49659 1489397136
290131 72854686926
252440 31545985213
261019 23475706672
998491 996123884160
322325 66957280914
887385 113623300242
572633 185800457402
870257 151996311954
241605 33041955808
135296 3986840627
771974 261944553567
429607 96473853037
142528 16815223674
585985 309609818684
293581 39390595315
753328 203748563756
284693 27267277893
908947 371053590812
242069 23930723465
407779 11658013980
230388 29356434627
186416 15501396711
735753 538884756544
751375 428388509477
305112 68268198670
297389 77513859482
498638 57234476224
622309 361263780635
733207 81039424670
444321 46661474597
463726 72592055120
417297 30688588578
479930 44918138696
163834 13095593976
923179 537348290456
145121 14992066513
294587 67830583090
511573 117014430768
162907 22668605267
119157 10145439793
435483 48824797273
272179 55916123700
38040 1043343263
769810 167892463016
354370 114468067803
849147 101134096486
639665 59972456184
377632 57949787952
545105 188419613266
570517 247417528085
278753 65347137860
460672 45137226808
115827 9878469537
486507 84032130571
955753 862994295557
246950 56064928501
434212 116738146720
286127 55044786488
2753 2589011
432680 148417095561
481385 141189149090
833855 191294908567
187758 34243738346
373657 109740916854
598354 125559088994
796582 354164478250
353520 9288163770
879131 638497812921
462405 71209115490
772641 511397179402
744397 499853802915
327871 9567004866
448799 66988455823
365716 13923540187
382465 34805085903
270182 55439644969
730735 399261979753
366774 119320694354
595419 346751513621
422086 1698951581
705308 368517355802
441556 131688235298
175395 14898809382
549593 115712155498
268659 63315792644
208277 8298921865
324955 62436201692
800810 162899509985
336324 38233138022
291938 57895459782
434143 90788935573
314407 9773188040
122149 1815345207
238837 28643382563
860001 641243301116
156170 6836914950
569857 195678228775
994326 761767859044
719457 5545400695
987449 450064709975
681342 77324680292
198659 20657429006
519983 246649431463
941603 625226726240
507603 42978066501
961911 466888280790
802527 452264595762
915616 328789814049
859954 209895374053
993371 339338082084
854481 286647056784
461352 73216552042
569934 107858332062
673815 426102126695
488895 163583353961
699581 33382479507
288100 12089168648
524234 126243310898
433150 91041626353
412736 168561386826
341517 104350162540
667778 130518123266
811788 635587308236
381593 106271880024
815888 360184223654
675604 330711550845
498890 199232175036
938013 545493290114
716743 71057135145
214153 33604744049
396805 81180677168
154741 6433920264
872720 498426523107
134632 8216725622
273201 35274275141
615557 324523746739
871276 416283016780
503688 44098030911
186864 6669190785
652712 181496411045
454081 151153593873
300403 66932661113
158834 5275392648
797292 52624120866
83235 3117385335
190732 10801716087
600206 170286133096
513176 105439535590
476699 28239904678
565455 268370061226
990734 541356352030
34298 1013785714
516336 33503446486
605317 78643212543
587232 253801030567
355332 55418913666
812744 376644085728
953585 412448711618
955251 341888433834
883630 373396132263
324054 39722063647
187402 29409655670
998726 875642135868
65413 1019350431
940165 880725571749
271133 8694536275
860174 85679167620
305259 65798983074
605956 14088710786
31459 212908580
239063 56950336711
882761 365516007245
605151 324512134535
248661 59637698392
120637 11693990649
787678 417593255227
133140 7540307792
654282 143220203241
246431 40647168337
7100 46869763
622782 182723294906
148292 17214090876
353709 34283731442
958797 240476546239
838474 519590583999
505777 121554052567
266932 11786317436
45518 203847004
612620 120933664641
461626 88025806196
485705 63620309145
187145 11374155178
321921 48317207789
509706 216131481154
192655 1375823763
95546 5873224972
696106 149142934204
952056 80118179108
44927 1307900283
85801 4524328179
635863 198911867699
357985 66148155583
9606 33760802
739069 328977310546
441341 159169199803
67852 1995835774
734859 495603535801
893412 753034089374
616691 547978111
379033 111292104816
697702 300504611778
887987 601731138440
822728 13256332346
210807 8579550190
236617 32205441697
488444 178856889508
783399 107905952837
382262 50836580362
680775 386719700570
133307 14439130757
68137 1518431473
690927 135096547599
792496 145963336846
715163 405828589928
127490 2733471523
196616 38112803339
862862 662242725160
639542 261279629192
142686 15654854930
73166 1866099360
294449 50010047283
752059 198500062671
90189 988378517
412143 455989708
205940 33250417206
127677 15860392439
851260 105527527424
799677 169231328011
687462 172562197187
896642 694888936318
631240 132230394090
385284 50777468767
665801 87208291421
810653 180556070087
13136 164591372
109801 5362393910
904906 733583170121
129965 12089087171
360699 39636310506
436640 133013538001
306654 21631849986
624685 17599605380
59567 2000991160
25369 27015878
534986 269887940614
404982 42483008759
403479 2368845296
91282 1472524210
589459 53253696662
618466 317805441159
804308 132146476006
572815 66084843240
928304 769466047786
252219 4708061939
566114 158965811084
214757 43130635747
996714 370711140878
654159 97794250649
542863 168099234918
455893 54018866253
117318 2271053917
187148 10623406441
157599 1416536023
95923 3901533557
243758 17629365091
432658 161651161762
264265 2628851110
397269 118622941819
84575 5513311849
402037 47892774274
439703 131379709522
752511 375816830785
419676 87716696678
772862 297345385522
322493 69884245035
570543 142269020135
821306 102570984984
257643 29784662137
234976 24793337188
372532 25729380385
976255 941792508949
917994 48574128896
978140 38076244904
704017 199111998804
770707 355848095042
290542 55426689492
993309 869676060378
115481 8799865695
132114 16983347061
108626 614726475
337022 17175994239
475365 56983630202
846187 616068172859
633987 31446251647
407481 49703727977
892821 310105381668
347419 22840120920
843926 234090890145
599853 86586850694
993978 14918545564
185594 22126482177
664014 298217154758
918785 255293379360
656667 210194125615
10282 64798501
495076 164216202836
506036 64499894009
347384 31453315184
391843 112453701362
674238 196939179649
371400 85232454077
444829 166054398348
381582 46759646668
402381 61871706442
34626 859979949
607291 124294972832
729301 290277877892
567722 78865988857
118731 10538282080
173612 945088694
235466 46124853434
796889 11788489079
760816 62803452472
678077 323207281210
791092 390804316536
146506 9971046807
147532 9755772410
639839 212692028519
990548 368004980928
256679 13323021684
768971 512811683300
413019 33028345050
403072 160406830524
872979 467218175
960007 331559101395
619516 122881253219
73630 3768156787
787829 144439685969
89116 4131466164
437998 106441014524
362743 50250573868
145515 17409092257
560236 223352977822
878652 14538626968
954490 339833215660
372254 116878665643
109047 10218008235
218822 13314845337
442723 132936255442
839935 356281413046
471590 193734492843
938791 289783553784
218415 22597569986
244493 57366429036
891643 274109243152
688034 210892239373
280423 1066921029
404147 5922544916
93245 3668659170
949106 286828878997
534166 30318385360
851210 225672807464
759774 81242018327
99289 3094356790
577476 242903499332
337907 33100933422
71320 1167833533
43336 176192728
649918 270158401799
897212 616901695236
728959 281278565900
634751 10321011045
306009 18222498564
422814 162918268887
374934 79179766627
558187 80594751478
453331 20902310165
967023 419740292833
303746 37452716671
658152 182868143900
256752 1623477050
95821 4759726362
238038 22649120431
996005 279601832507
927275 802291471402
20648 366963124
140444 1348159002
754883 325301385671
715892 168126839590
931106 126938845988
622277 137462642889
322218 48142953482
889245 216270329495
618093 165974744656
421553 68378468668
991031 59915866582
525047 7536338618
125718 11214763097
797023 514779075524
300849 51467564235
361059 5369856454
57232 1480127104
970566 871472689656
715772 386540726294
175009 29449433599
802653 232506663063
336982 23105179877
540504 252455691024
995233 489882013576
675563 384163961192
417938 107679142053
341910 15694520655
184627 19883748685
157813 21007478115
256662 47346997076
365407 46514826644
365308 69901380857
317982 126141721
768146 253959372576
734437 197784180237
319103 38385233200
662409 233226870538
985780 280976527371
402666 134184105477
794126 220746388809
500585 126161545483
620262 227782899349
628986 211729906938
949932 645788491161
721633 472290350705
145667 10330943893
349553 32674221358
901721 19331875552
168343 23904695459
764874 254451913419
946397 554329901641
526346 98811166062
193212 11405070370
900370 638180587026
799513 263865916208
649254 163230151179
791807 509332874885
310357 8928313958
981627 609619866033
411927 117694406566
455544 30798982789
253950 2594621285
386781 67169491455
124306 7150755228
401503 157672075838
834776 53229253276
808734 183136483022
281342 63239931298
473253 102666782270
550020 135746144837
42433 155668250
220200 27195404976
854939 69711523431
571307 6875894752
940358 664152530828
167689 24150190871
286477 13614299688
584891 90778634300
356743 52997804530
420578 12180850677
112939 1424461194
622260 371788457675
753588 175153499149
969848 736050697042
310130 95585627095
20559 394655429
