1000
1 1
56 2609
7 29
12 106
54 332
43 1473
98 6953
70 2730
74 5475
42 550
43 975
14 174
2 1
17 286
8 7
37 127
58 3194
33 1001
90 356
95 2024
48 150
29 515
34 817
42 221
31 940
20 84
94 6801
67 1175
77 3727
87 57
3 1
1 1
73 1469
9 5
59 2968
56 1389
53 1392
49 983
14 166
49 1217
51 2320
1 1
85 446
84 2862
43 1840
62 460
70 1782
10 81
85 7185
30 496
25 105
44 617
63 3827
70 2185
66 2222
46 1557
7 12
70 3455
52 32
64 628
77 187
49 176
4 4
99 4469
73 1345
99 3189
91 2190
42 1421
19 43
74 1678
38 976
79 6035
68 9
40 1276
78 773
46 1152
28 273
16 143
10 44
95 6384
95 7182
15 177
25 120
84 4543
44 729
79 4345
7 19
94 8793
42 1145
4 5
37 617
26 562
84 4369
98 9000
70 1161
42 434
1 1
44 1857
25 89
87 5441
11 60
9 26
55 2217
30 226
64 3620
74 271
21 248
6 29
22 407
97 6980
86 4942
96 3611
28 581
18 114
8 27
7 48
97 3555
60 2762
53 2724
29 302
97 6035
28 347
48 1589
71 2624
64 751
51 1238
81 3490
98 7288
31 305
6 1
30 482
18 97
81 1975
95 3617
9 4
59 666
73 5281
59 549
42 772
30 491
66 1742
53 1420
55 2053
58 1463
29 96
14 19
31 406
84 1307
64 80
33 763
77 4299
69 2675
28 663
43 118
97 2810
25 62
40 1319
99 1484
5 22
97 1734
46 1207
88 4076
11 101
46 1265
61 1647
2 4
85 4469
39 668
19 54
4 13
77 2382
76 3349
74 5099
71 1963
13 78
77 4054
66 3665
8 25
19 140
3 8
55 157
10 66
77 1621
31 908
54 177
3 4
27 333
22 398
68 2849
25 314
2 1
23 196
72 1706
93 4113
93 1134
92 3130
45 700
57 1389
51 1215
1 1
39 655
43 600
58 3141
33 673
8 60
14 133
48 548
82 3247
61 356
5 4
4 15
5 5
40 464
38 880
7 49
59 1580
80 196
50 1331
86 1827
26 52
93 2964
40 78
49 2102
96 712
1 1
15 50
17 164
54 2513
72 657
33 851
24 170
5 19
57 934
73 429
85 3226
42 688
95 6331
48 1253
37 1100
30 16
68 3603
49 13
30 501
36 512
77 991
58 1628
64 3383
98 7978
66 136
22 205
50 1531
24 21
35 670
43 265
92 123
37 1054
10 16
14 89
59 392
71 4263
88 3846
12 41
20 338
61 914
93 5643
38 228
60 183
24 37
69 3694
1 1
15 111
13 146
19 162
1 1
34 534
52 1678
31 949
21 249
34 44
77 4629
34 153
34 231
69 3092
29 744
11 83
36 1015
53 1999
81 6124
3 5
77 2428
68 4482
61 1848
96 8837
69 1419
72 44
27 381
80 5472
41 862
96 7092
95 3300
16 21
15 210
62 1445
89 1826
70 835
33 583
51 1023
59 1659
66 1664
57 2205
16 46
29 592
15 162
2 2
25 255
47 1914
66 1050
44 139
1 1
53 892
24 31
72 3143
57 48
86 1369
25 542
73 4311
94 2099
80 4944
5 2
69 391
49 1213
2 3
32 898
61 1328
41 181
87 2472
52 1447
11 57
46 346
33 33
15 210
38 598
5 2
90 3129
77 1286
40 653
85 5001
98 5632
67 3420
85 276
52 1938
5 14
5 16
57 2599
19 52
76 2812
43 502
37 325
52 525
22 170
43 1456
96 8114
14 4
26 120
77 4869
17 46
89 5292
83 3078
97 2923
65 848
35 26
5 8
95 4651
31 881
84 759
2 4
84 6226
74 3679
29 465
77 2172
9 60
94 4814
54 1422
74 5454
78 3948
56 1969
90 5008
95 1861
55 639
79 4907
25 82
90 2501
48 166
72 1112
78 3860
82 3828
44 678
20 400
63 2240
81 4047
18 104
87 1577
66 3214
53 2103
34 828
2 1
71 849
95 3365
92 8441
7 39
32 148
33 133
42 1712
9 80
30 165
92 1992
54 1725
58 2024
80 3903
2 4
7 32
72 883
35 177
74 3999
30 147
19 28
67 2993
14 107
57 1545
51 1897
85 5776
94 1085
76 4378
18 36
40 673
68 2064
23 282
85 6283
48 370
25 123
1 1
27 384
97 3495
96 551
9 31
23 12
15 74
70 2013
78 1821
3 8
90 3140
82 171
6 1
42 511
97 200
42 286
19 307
35 767
21 267
25 382
58 2203
86 1369
69 2708
40 1500
48 1563
83 4895
91 3279
75 1277
64 120
72 1807
46 829
70 3135
94 4339
98 4403
52 956
14 18
75 2635
62 1665
49 150
66 2987
26 78
64 1733
99 4111
66 1734
88 4008
92 7579
52 1833
58 649
55 1279
56 1760
64 915
35 544
36 1202
12 48
89 4087
74 4771
75 1193
27 668
82 2298
61 1571
29 744
24 503
97 2815
30 262
58 1866
77 869
56 31
30 646
70 174
37 916
95 5806
23 7
55 2854
81 5197
14 174
52 993
43 1224
24 38
77 2029
99 9692
3 7
87 4964
33 257
11 22
26 263
44 1402
81 3047
67 710
34 1050
81 1932
79 757
52 261
61 1442
75 4880
73 2995
60 3361
97 7650
7 21
4 2
57 470
28 131
93 2740
23 429
35 1114
87 6351
15 196
61 1257
11 57
12 31
80 5445
72 691
1 1
18 212
64 1955
60 105
7 5
31 603
60 1997
59 2992
65 38
43 1458
71 3653
57 3235
8 30
40 1393
53 91
26 635
74 4626
78 3097
55 859
56 3128
79 3225
91 1581
73 4798
58 3
66 1557
53 69
35 1203
9 62
79 4705
46 86
30 835
89 530
90 7362
86 5704
82 2291
68 4237
11 18
71 370
27 626
55 2619
20 197
24 19
13 14
2 2
88 6872
10 46
48 2284
6 18
49 2390
39 1255
46 97
82 6036
59 984
33 349
98 628
78 5241
15 45
77 1040
93 4816
8 8
67 3556
17 276
60 388
51 748
57 2450
82 2296
93 7292
68 2114
56 2814
76 2302
90 5003
42 325
10 78
90 1505
15 185
68 3845
92 8315
81 3111
45 2022
95 426
66 3134
5 18
9 50
75 1563
27 376
55 2023
25 362
24 178
83 6124
88 5215
37 10
39 328
9 81
2 1
84 696
68 3649
62 3446
88 7546
20 275
59 2898
47 84
66 1279
52 146
86 5766
93 2916
77 5873
25 583
36 310
36 1129
60 2020
98 339
28 375
65 1844
95 4135
15 208
70 4108
57 1406
69 3300
46 1368
46 875
27 169
6 27
74 563
27 351
62 1662
81 483
29 157
98 387
77 3478
37 364
59 1159
86 1833
89 4168
37 781
27 594
23 142
86 6943
19 350
45 1810
20 236
56 1714
85 3644
75 4606
42 525
62 2021
15 121
94 6759
80 6233
20 192
90 702
22 107
15 178
88 5526
57 2869
84 5440
39 780
80 2722
33 260
35 292
87 2942
54 2866
19 357
44 213
96 3114
95 2651
91 5568
98 7521
86 581
7 30
93 556
36 903
33 154
19 322
5 2
65 2935
92 3561
32 25
35 388
89 4361
49 907
35 32
5 2
86 6966
3 6
38 1253
21 196
82 1242
13 18
43 1206
61 3269
20 229
57 853
82 3009
73 2693
51 230
98 7492
28 515
60 2195
16 8
19 8
75 4619
26 370
37 368
51 776
7 42
62 3590
74 665
44 235
63 2226
6 36
51 2191
77 4630
93 6532
56 2709
58 716
99 7935
78 5787
65 3335
69 1807
16 192
14 19
61 802
13 160
8 24
50 312
46 866
64 2844
33 594
75 185
22 26
63 1650
5 2
2 3
1 1
15 189
7 48
31 340
39 388
17 265
75 3357
44 82
41 1241
10 55
11 79
67 1186
71 4401
76 3606
87 6141
61 85
88 6496
71 1669
6 18
43 802
8 27
30 205
77 4073
32 555
67 2583
40 4
64 3415
88 2861
60 1666
91 7961
51 972
34 1057
14 81
96 2291
93 6756
21 387
98 9464
3 8
53 2340
33 33
15 177
9 21
93 379
90 6036
24 315
90 7809
34 646
46 227
48 1662
10 47
65 396
29 759
78 5200
7 42
38 188
39 667
60 2199
20 263
87 3365
31 735
73 2147
45 1552
71 1162
2 3
27 76
55 1276
40 150
42 261
98 3999
99 8344
29 680
17 97
93 2179
79 2338
62 195
96 6035
88 1620
91 848
94 5608
87 932
94 444
25 486
68 1324
43 1566
49 1769
70 1148
10 43
89 120
82 2120
98 7719
36 747
63 3916
39 1278
53 1349
90 946
47 1005
29 402
76 3075
91 6674
60 3497
20 50
39 746
37 207
24 494
46 1308
55 2034
59 1437
99 9626
51 2317
2 2
22 411
42 480
78 136
60 2810
14 179
99 762
11 83
15 126
47 1732
49 1099
97 5502
68 2921
16 24
11 18
64 3677
47 1869
43 983
52 2607
62 3319
54 1632
14 84
66 2351
87 4562
35 536
23 351
62 1168
33 1077
88 5899
34 1030
34 784
59 4
55 728
57 439
81 1120
66 3202
71 854
44 1058
78 4560
92 4482
4 7
22 137
94 6770
79 5023
50 236
65 3742
57 1554
89 6099
97 6981
56 616
40 1574
12 16
85 1704
89 5681
57 455
85 1553
57 2133
33 537
9 13
27 417
46 196
96 5897
39 1109
32 816
4 2
96 2802
55 152
7 45
21 68
65 245
57 2269
83 2814
37 1206
98 2483
81 3713
88 1893
70 3865
44 702
73 4230
48 1885
58 976
40 342
59 3073
92 3445
32 216
11 97
48 1265
23 213
13 146
3 5
54 2380
56 1309
16 235
57 1754
58 3270
96 6316
48 980
34 173
96 1279
30 687
49 1848
5 19
35 1218
55 1321
14 65
80 584
30 459
