500 533096632
437
886304754 887673784 893726894
54596564 365320242 287634682 43359009
134
14417539 163983685 227292251
655527120 69831438 773084302 561182674
46
194272625 3865028 227292251
896726230 323323399 485741027 536142425
474
3358939 18817531 227292251
512652091 176713317 586495081 518612550
80
31457012 50747667 227292251
833392782 872853040 307301111 96190080
281
225632609 133516997 227292251
831165212 292769848 566307118 122753637
215
493487432 126560092 893726894
150013357 205182649 43400196 135713348
181
72724368 176220946 227292251
928499445 392532445 489299784 787841173
485
194283223 36502956 227292251
922206296 792505766 715313068 660151943
374
691449910 641143988 893726894
905898201 946546324 175792433 834894524
313
73418225 78545480 227292251
628499791 278934350 758265367 279506212
233
30722186 699705448 893726894
57838150 150156361 441390048 148163928
476
152253397 51103399 227292251
182533105 410612628 97895865 375886525
154
505659922 226825686 893726894
579468100 83468644 14077169 792208170
345
131356623 167828085 227292251
629459628 105326339 444071788 322418812
296
170826312 127332643 227292251
566697318 243266924 260698150 385076814
113
337179238 590716568 893726894
617318852 928847575 184209947 375742382
311
185614653 53041888 227292251
110202944 948309586 406116561 308052640
154
122317469 85293109 227292251
461393303 983895829 151793150 240199748
135
208584079 12223326 227292251
563955339 806497654 759497868 647980355
229
98377692 174996693 227292251
825611510 512050032 808503877 557834029
81
132541501 176867667 227292251
678907930 758727361 928228526 293786539
157
665019932 182188302 893726894
811381720 873197153 355929861 110617802
211
55559500 197001425 227292251
103638981 79691895 796478432 795634501
175
149095817 180060854 227292251
74935164 77242759 326157024 198168848
114
448104162 233670632 893726894
344478726 974271233 935686496 960728656
429
91820457 80113215 227292251
694647894 354138896 658058087 967986878
23
67572624 161061500 227292251
417980522 300138135 566983088 565793953
431
76930625 217517108 227292251
31481195 788804794 976572835 574443100
157
214428480 14377226 893726894
60631141 724562008 421757951 521479594
63
155076159 184609168 227292251
483893367 389366291 90800289 794943223
472
164548252 157312885 227292251
207030858 324121035 209326331 861502130
66
14961022 199823766 227292251
299430567 102682241 427361923 436324869
131
169226606 20307265 227292251
304206440 870630142 940003233 27485448
44
152459438 164365832 227292251
348906660 678260496 197705808 991571409
74
846378420 106640540 893726894
873617159 28260810 566308127 624857018
259
42410411 82130756 227292251
562764519 373245072 894657475 857691370
166
175619747 138557349 227292251
11499269 761259798 668544095 821476612
262
171511562 219560223 227292251
95890006 275458303 7724793 817409973
50
219823814 209988065 227292251
49251535 498810938 15998903 550127610
216
81838238 200868632 227292251
190505638 549287584 732603187 25116119
117
69941143 49112762 227292251
353574563 158427825 183775586 998052601
428
144526612 162507861 227292251
573454916 850264089 848425722 927122612
228
434621852 615498506 893726894
875304648 44073840 24721381 280625773
313
76026004 146666542 227292251
34462634 560532961 158926358 382528768
499
126672003 136158840 227292251
994721802 421520674 262836030 436036665
486
64457553 167820686 227292251
494796773 864977761 149679072 128569912
283
82409052 118243655 227292251
226085106 964490564 700981922 419015636
84
62196988 727499862 893726894
886207390 157641107 698064571 317522167
223
48763759 93122999 227292251
864339540 947071363 392949427 826932475
287
224710653 186996545 227292251
666891032 611035636 364469820 443727602
385
182303982 651567644 893726894
314616956 598795914 111052536 218414285
282
684257770 364200804 893726894
64483857 346323851 444919899 816139110
100
90083007 171495128 227292251
717790650 580071020 888362748 51241668
440
90221285 143744576 227292251
405163455 348286808 753286378 596238339
39
31265434 552793420 893726894
479938879 815528188 47608311 649331111
261
15433285 80339612 227292251
572396711 837136121 641120266 599086013
378
116640981 16752086 227292251
474878057 109210013 356013728 287254201
351
144716002 44683027 227292251
836065747 913777840 157089644 111159185
328
179330462 19982792 227292251
160230010 963961570 456709157 365986875
350
7269422 13727093 227292251
604383593 185352167 63382510 892280433
41
162887148 219756444 227292251
887896755 845884924 231326596 945201815
428
48408248 823267332 893726894
958194507 907013538 555571920 711156587
470
702558734 858372948 893726894
569598996 635408053 360483991 843538561
105
173540496 81916878 227292251
108826927 719766908 126185511 981046663
68
3555979 10973194 227292251
360981397 964948493 382871928 395888738
135
16399024 109219308 227292251
631038745 5509535 3207593 802831800
426
85730163 98487780 227292251
513968459 186408359 235098217 95425074
383
152772300 7789348 227292251
355121821 294746864 566207717 805720193
346
143795921 54135058 227292251
353316360 565575710 973277442 225625121
16
119950666 126487940 227292251
598362809 872938608 52124107 983758200
175
135399831 23641388 227292251
75610943 7816782 292034340 442052197
454
77194480 20948880 893726894
294915118 634218012 64064902 685186045
342
28155159 126379533 227292251
18413536 977735933 754758620 788079716
347
360662694 676492770 893726894
921532135 160065013 479544775 347806281
397
890720720 391929704 893726894
180958765 585956982 778398019 660492826
364
175582475 132640953 227292251
997229831 283584615 588662257 600913059
350
55688007 84830294 227292251
223666444 116708207 107302781 386336117
337
206301581 209344362 227292251
362831550 974724339 770002954 560174101
70
530549910 590548856 893726894
168949698 918894396 50644988 66996724
488
777557460 453059706 893726894
907263831 76854612 583214943 107325434
448
108123178 168287810 227292251
116046534 655951487 413360794 90434825
49
156277902 77355858 227292251
317256718 289449572 570412216 663528127
483
151131412 16745100 227292251
765350126 504458362 752541729 372770054
22
126274454 187777187 227292251
646359541 186955612 951981717 92653665
183
129100717 16466619 227292251
39772744 798148296 235268253 802251732
475
545582660 229556532 893726894
503352071 473816243 119063994 585766988
76
90057337 171143651 227292251
122830198 809546411 375328969 941385060
489
83661937 52081633 227292251
521293681 380610169 789644148 589983777
402
220988597 86160350 227292251
567828583 50998160 22049167 915054093
290
148908276 208231007 227292251
576871477 231384815 599489466 959440538
408
239697428 848327992 893726894
385941005 932800754 605001747 296420659
48
75496767 37721524 227292251
966095275 929850134 549044100 696117548
269
766297186 874219898 893726894
784829385 173687210 389515029 878934050
360
876351206 875459650 893726894
675017578 529432072 533872875 556411584
59
220694766 215883634 227292251
915701350 912400801 253885505 386693912
172
172893160 130145016 227292251
50109557 202054836 926500259 769373110
59
212024441 150396272 227292251
939719063 232608469 891714689 89774947
355
196940981 17099665 227292251
790296244 16675849 289984213 109325917
388
33013312 29092828 227292251
475850218 947722633 805094587 660315477
47
34495049 170160390 227292251
669824794 532266760 44053928 80449722
334
63246177 203830651 227292251
167421492 487548872 807708619 243475448
418
131920156 501381736 893726894
834866628 228570413 667872879 825534021
460
121912958 178796431 227292251
694549112 533655985 195789172 338304892
91
96375565 23446040 227292251
204684996 884642940 901273207 464001861
23
214232604 223541349 227292251
21066315 566515213 185323189 169324178
186
196487221 94892728 227292251
395232630 187204449 315454322 790572828
265
99259885 76064175 227292251
383508793 964355416 646201668 303911195
95
213631930 889466624 893726894
968292249 459658242 190734055 342698733
250
712730386 779551858 893726894
47609896 641239033 433565603 265934459
150
139208860 74121870 227292251
768787475 23810478 184594737 7483305
196
761504172 640276596 893726894
275300009 826426993 450570314 194323966
254
17831637 90656674 227292251
956321790 673081468 794333256 727241778
240
51477844 24941333 227292251
805043423 342469895 773772964 166484244
398
154370344 684359350 893726894
494318223 55995589 288607976 514759824
110
4856868 62617028 227292251
938685644 54372552 971632174 550280421
397
165965470 42335938 227292251
814625074 757230316 885148934 939321106
263
138339689 195426038 227292251
851101445 679241357 631641091 685766266
321
57959477 66751936 227292251
292238434 144522458 991757919 589801332
284
305991880 183013188 893726894
826432079 356619631 530489291 674035048
36
44809328 177395736 227292251
935542541 261596081 760291696 549166119
355
792108810 33442536 893726894
467287635 114778779 165725895 465543224
105
71982900 123237426 227292251
400703053 291203253 579072396 806567349
1
212091740 180501028 227292251
751101408 162039285 177661192 552959786
381
372702 219427510 227292251
365045073 629970205 386944687 102168695
426
221045695 203432432 227292251
8264477 12804477 236755961 33875264
70
30067812 75849924 227292251
447393248 913776366 909834202 869449796
4
78733701 160103953 227292251
778658744 673125454 784984996 701484878
286
10719441 83950721 227292251
633733273 90606843 427286743 485477367
168
468012594 766826238 893726894
221998059 126890405 859916482 360966690
414
167397576 170016632 227292251
777918178 418628129 770061474 793723112
141
84314803 60880217 227292251
716508098 745882939 856163818 982276245
393
161223459 167582775 227292251
4823317 581673161 146579612 719971408
397
690551610 864818950 893726894
485199582 726249874 178019786 680153911
306
188116502 195722046 227292251
405170241 698044486 928396159 13019564
419
276126126 257546096 893726894
320285604 2359350 170601980 618432132
384
122187560 181644344 227292251
63322917 51159927 549025348 536516703
475
785032690 41731810 893726894
739440630 294291229 19963395 738960179
431
326817962 374824662 893726894
611575032 852593786 882049150 706879736
414
145966244 114237103 227292251
440280646 864309127 32975347 283127371
359
18758015 97902431 227292251
560684195 269583113 827438369 746505682
343
279907266 200695304 893726894
367790558 470067846 823976239 584488275
242
130914077 128335606 227292251
172136822 306612561 107698531 445416751
263
740050504 154192152 893726894
453985634 5679680 111187846 871282206
178
196282044 114214914 227292251
397091115 786555196 741264236 145270714
260
46712037 55696786 227292251
378410592 505179807 134198843 80611650
263
139975602 3524433 227292251
841085500 886539364 25203252 444763295
54
220940411 67803026 227292251
523630710 511733961 25992623 258152153
127
48756427 223346330 227292251
997621557 850073314 917825659 611449803
10
136082469 100949553 227292251
466941836 850296603 100317406 547757148
190
542030594 241825786 893726894
286655844 390731905 480947962 625089000
322
787645888 556513956 893726894
286858338 155458471 123423861 888572332
451
46097390 94167409 227292251
325351891 525806966 360595111 329447957
185
189700891 224714166 227292251
365162751 177218362 215906664 910265883
464
124232366 274838002 893726894
776840916 269792660 410894509 347963153
176
20336419 185705234 227292251
199714461 464847283 31814019 896031936
103
36737550 615515248 893726894
235628580 493604656 336773163 138730851
217
822664668 674673466 893726894
10380272 931720629 519246476 688706659
367
194309614 69503467 227292251
706552980 885272514 308090075 582478967
396
204714188 603378618 893726894
511664074 500440873 290571126 219314733
330
183244879 51798698 227292251
936130920 665342281 543493537 75254497
50
602994348 150800590 893726894
223102116 933336095 26071610 100112792
73
218153186 77338701 227292251
181085602 823384676 380646917 524821872
163
50837603 149701553 227292251
452404664 283182292 882774969 561969779
2
199361491 145683667 227292251
809808236 199643958 57935074 369862057
426
8495348 100420912 227292251
92752061 149806387 705360489 439363202
48
31586082 36705557 227292251
486925117 158701860 543939123 669103715
447
18574989 111688849 227292251
395781947 414915412 200168869 707835331
312
186965396 136407929 227292251
907504310 161611520 163838995 838559765
394
207814291 85543596 227292251
911684006 172804244 840319046 589272487
409
188172779 174058295 227292251
8357685 13711424 851010425 853645295
130
22850499 60415991 227292251
348623895 702627934 970185960 785272605
33
223866524 45993556 227292251
78952843 648274650 25854714 111392128
90
419405386 93678456 893726894
920092964 72883446 275861666 214875810
229
188849232 217438337 227292251
535381568 199126183 206033472 884732571
185
187536503 156545800 227292251
675690807 625191271 759653601 317587665
49
90555441 203769734 227292251
951701324 432712992 547234229 976731330
332
56279617 45048218 227292251
521536367 750330723 465039861 364289531
315
20934845 34335889 227292251
897203103 743725684 354310861 51837610
437
115809411 32376545 227292251
997300386 600968440 462067134 667353875
97
63289178 866110084 893726894
169361140 486644249 982219226 295802038
134
75557223 72785558 227292251
430954426 643286499 717621879 429981033
25
6083151 4581147 227292251
954484053 397340917 585425225 327681344
342
295778926 822406186 893726894
551609620 556825290 600960888 188833810
355
105495122 134950883 227292251
961060666 605535607 130645144 103768304
237
123701930 39534064 893726894
492588693 412448495 366136032 153779206
175
52727364 61138013 227292251
18104227 969585064 804493765 751816755
412
41807288 94305143 227292251
176819445 833698440 552080210 690840622
116
136296305 215721774 227292251
115172361 684748434 33619044 961946599
299
138374449 175449341 227292251
461398699 564305498 800052614 786546599
294
49284388 26096606 227292251
720251690 205126192 857856691 909766366
416
555358122 135447814 893726894
316349915 275579395 737014972 411207801
468
62512131 36078627 227292251
36905202 677224026 525302186 561301424
261
159766096 142351180 227292251
962488110 117758382 254151373 288615643
110
643596810 313183878 893726894
998545902 547861871 39277933 271459801
260
844621500 184156852 893726894
6410867 364202959 855994976 90582717
358
790106134 659786098 893726894
900231669 53904864 718215309 763282872
441
144290444 188124289 227292251
268869575 515088040 702890646 31540841
218
48871728 61977027 227292251
243364552 239292193 985022056 242221880
185
186900407 131662092 227292251
272111402 73306917 90667283 953464462
411
586457024 495021382 893726894
133445720 690270099 141462944 696706017
310
110459183 114367206 227292251
877374317 859790000 970068565 540094354
246
32441376 323671920 893726894
768809259 650205661 338185420 94453534
47
448926934 509586180 893726894
726575067 888868654 934905475 480580713
460
11179950 138949983 227292251
379173647 433023586 43413067 116009349
372
179834988 82485828 227292251
205477547 633323274 202753353 794252788
412
34879225 199118260 227292251
113241074 235664646 225984821 224349228
497
166814319 119664390 227292251
546666315 676412964 258220466 434179935
238
213709889 174626562 227292251
48427174 311878400 930085481 152103717
232
167721715 141768576 227292251
947202575 62929472 687389662 630321743
50
883261282 772417036 893726894
330389698 270430214 525947038 455656730
275
877370346 142765814 893726894
293570547 384840962 462864072 581706519
267
140037032 169830800 227292251
485965550 348251094 28420031 592442508
221
19875362 146864493 227292251
531218071 590127697 582016162 27328499
466
124188537 49124675 227292251
493527851 555994303 826187242 925815890
112
203226473 165904244 227292251
526221055 902008699 549492063 995671037
298
163777400 50869708 227292251
931556334 749228728 30256151 581492921
442
75446170 90127186 893726894
550903398 181051678 138791550 821777873
293
222672436 212727623 227292251
89233973 375997601 984883189 13705107
112
153572576 148675664 227292251
39779269 830876081 594606022 495524709
61
136533964 157859492 227292251
569911085 200966986 750934252 642950702
87
72777690 4890640 227292251
968100494 597382545 920119717 758420532
124
97486635 35293674 227292251
243563654 460155260 63220866 560994142
159
154443689 106843715 227292251
79012528 466319920 391531071 429887372
432
128082177 28219689 227292251
663983235 775851027 381457234 573790405
43
124280947 95884747 227292251
373420957 424751173 861799697 753018375
283
787160376 262170502 893726894
893908379 934857565 629851898 432615981
495
71064175 178531333 227292251
437367183 345481807 607112690 93823326
496
46646698 702848156 893726894
807122043 490569370 486559321 559341085
471
97495676 143326287 227292251
991836932 864070271 32846050 884258548
349
70855373 198159794 227292251
854050371 295985747 788965215 635717038
252
56555039 222009867 227292251
823743373 546809388 256858058 841201367
176
198955663 152672182 227292251
882553098 864212386 303187510 835652561
248
85656390 205088843 227292251
869438686 959257112 279213595 340172745
291
26593064 87993422 227292251
188967126 918759292 476877054 471508638
420
37073314 110832051 227292251
713182258 706336375 764707020 228322117
77
193823694 160067601 227292251
362988451 633271320 745940830 439722486
261
124623755 45470056 227292251
850963419 478963872 464205341 218607610
409
129421111 64783679 227292251
742806510 425096618 498185770 328163170
160
60598520 209022790 227292251
49401183 997749957 262819037 346656547
499
266840802 819151920 893726894
786190136 344113446 498715809 225241082
162
109045095 99607711 227292251
896513529 308855874 348748047 195723994
340
104561516 195953903 227292251
9947730 402462880 468150320 390441267
213
66997639 216427274 227292251
778679333 711170579 977129529 836292713
357
224428116 98494385 227292251
652310160 877930129 887326563 847355153
312
262643044 335574556 893726894
806420957 157157712 415218245 91965574
219
21556940 183760138 227292251
437263248 781002738 107251760 860657676
291
83323854 52137208 227292251
285885432 622323190 844264829 456301057
365
111892724 670242830 893726894
448325688 350938531 701278153 163680042
447
128736773 16976857 227292251
831375808 244715436 207691129 719300057
279
271083504 746449172 893726894
597613886 796014970 584068314 332236546
286
57473481 159500607 227292251
482674839 938799356 784634509 153425277
447
42235412 1567755 227292251
739917853 768782135 467632760 410962834
426
448302060 154220124 893726894
898020566 657355764 740053742 323365467
140
16780646 64502134 227292251
188362196 512789020 865851140 420289602
393
148099913 127210995 227292251
982493061 30877332 842754046 225978863
459
56313022 173798265 227292251
692309679 120907173 132715995 526503333
135
76520942 211409969 227292251
119594320 283948617 866813502 77094468
411
52592808 76946268 227292251
943686433 746770816 512306116 288476559
49
99165665 125572175 227292251
415471997 446127147 23487882 416404419
429
57186515 179858089 227292251
50951390 771459050 57640369 353337476
131
208438460 191365102 227292251
23715791 19840617 461654840 521814381
305
246147172 806259050 893726894
738812355 243340576 672320543 347013634
355
115864089 53248435 227292251
987512652 364902868 550579721 708822711
92
167549067 213208627 227292251
3964769 280139510 472024880 645861408
486
165945346 1751852 227292251
655689065 369397291 459540021 923346002
101
33583894 78458026 227292251
259708822 50763986 959454728 967154487
193
197112712 160565276 227292251
661592818 776255080 313707611 961610029
37
773670206 444621712 893726894
765627905 747214412 893830120 264195653
286
826296884 544066698 893726894
701634010 865458102 197111342 131811226
122
797236346 132673838 893726894
337534840 649767395 345342396 712264955
289
784169956 812782064 893726894
528762587 830182407 55540108 865103061
117
195909265 95553712 227292251
996337730 879550589 40698140 282084918
451
88404691 177462256 227292251
854399170 515833274 269830202 625653726
5
127224961 169601349 227292251
949347909 127943119 622888752 845369775
488
32223495 136981760 227292251
626692657 235354610 565087362 110931855
345
66457102 203931289 227292251
713454176 94965482 654656097 235177171
312
76387776 91249100 227292251
619115626 729293868 438879793 149723428
363
58023707 167811187 227292251
892995015 904362485 624362472 66865712
491
221460559 269454 227292251
203770859 643587305 142872695 665410531
479
187215652 172723371 227292251
161857994 560864386 245913213 921887000
202
189911978 845372378 893726894
979147661 599730002 59520587 91793508
139
407204494 495664840 893726894
866796595 652457846 695848160 799362192
17
117419311 61722421 227292251
222300682 674264931 256582092 145130453
14
207462059 94794526 227292251
806819192 536064956 13225320 204200069
166
59051329 50114713 227292251
169373899 17217310 923016337 604425479
72
220743252 198809640 893726894
659187907 712483667 307826359 457894293
192
21150674 105900187 227292251
766667658 63728635 341130938 17708395
420
122474300 124386734 227292251
645989871 133235984 684812520 853895687
349
31361788 212251023 227292251
836970116 448618440 723043246 345830305
352
82378474 78383200 227292251
412235170 366064359 377768656 522116009
196
154207182 121824350 227292251
890286784 789191067 86851116 59135051
41
39843562 470210060 893726894
164886664 396365584 701699153 316173797
244
220431758 139142265 227292251
570172295 861997679 308201423 532206605
405
81239964 54760158 227292251
478307968 661327861 779738541 830956379
423
51849562 20769316 227292251
343564748 733353093 233523843 57034000
320
145309668 116997362 227292251
777254026 532054047 849334252 932941139
129
457347426 150364088 893726894
952073277 898532943 391702134 308260881
403
79639854 105507968 227292251
434374481 914242167 303791329 176648611
421
198104934 174469632 227292251
700792353 416333325 515205703 639687494
441
21012560 59227939 227292251
591464888 590051029 354027986 737159749
119
290445944 784946214 893726894
749573698 600733336 337888216 851846668
288
156294035 135312076 227292251
598887616 141300960 104286582 312123415
13
441357272 317609310 893726894
532619187 833556810 973568687 100523576
8
209501893 114107290 227292251
257032173 127845578 413443258 887295944
345
81507073 194022477 227292251
235549410 996732502 341011326 906749038
68
187138948 10031490 227292251
371393769 454774125 729585130 176274260
455
101704984 141233510 227292251
970480753 719272444 531368555 462619902
70
316812126 458894964 893726894
739200000 101808512 165022106 830261540
175
138486884 187189401 227292251
39031551 726557852 328501813 728645653
44
224870114 146869329 227292251
853939509 871450686 686636411 744587762
87
26882675 14637734 227292251
352436846 993885582 461730312 461155621
48
220995258 43203551 227292251
20754306 652295388 854383342 602455841
241
22455733 50202662 227292251
539047951 87493924 997209046 882809250
131
16590726 170887610 227292251
188689210 227472096 290038837 379447685
310
137185856 69886052 227292251
732278186 729524021 69568260 899244621
415
848901024 158497426 893726894
825300003 305064082 596993969 950884355
16
305721138 629321620 893726894
54060795 146826797 451822690 606921718
497
90129845 173681544 227292251
679073017 335505453 193859238 696665726
78
95272599 75172038 227292251
688863559 131458502 149628849 773498844
363
6080213 148848654 227292251
568954202 161134794 172465865 175482864
42
169780274 216648816 893726894
621753682 234662553 102616762 782285764
404
630406832 180069344 893726894
251580426 145967065 103090318 997462803
353
21593551 202846731 227292251
232791884 867654579 840784668 468700542
483
731360968 141035590 893726894
467137758 102831258 392778907 871777731
119
97017838 68427737 227292251
916259835 868155450 780496503 701388246
337
88394448 76004755 227292251
108524363 231975219 514933322 18352349
91
204023754 142753707 227292251
250002332 649674855 746194709 68871668
186
655604404 97275060 893726894
488384807 750356490 117421406 544220953
152
153473291 164882033 227292251
136871034 764471598 338900118 677292634
205
206963109 124969145 227292251
327033208 523191790 494702975 102686573
421
14085335 75555596 227292251
89808297 526297273 581310567 998985749
171
208539214 12650162 227292251
500111462 856704507 597454212 887416360
159
210138172 139270064 227292251
696146970 467173686 424496022 298834830
476
169452269 118704030 227292251
797330490 66964667 398355151 237007780
206
162247067 169529178 227292251
903106713 337000239 163577791 934344984
419
167966856 178572056 227292251
217207229 453369922 845726349 911544084
141
220556233 177777524 227292251
990184524 262225566 454292254 963953938
346
57023634 145149882 893726894
104458992 209737729 410421268 377098672
312
133026655 152032903 227292251
959653098 656854360 941650922 616930814
499
86186104 136354964 227292251
874628420 536451991 803658973 676131600
62
151130286 609408774 893726894
778532193 80478846 755380305 937714805
292
60473217 33498934 227292251
150990311 907693215 664111618 490581999
253
18618248 138937655 227292251
720166550 365299670 258842685 915670595
123
90771231 19817154 227292251
206911820 900411480 564484293 879243075
369
67591538 170744868 227292251
877246625 569172043 569866706 123724330
25
300545370 12756508 893726894
602051585 760293001 708225842 883014983
1
172014061 131719836 227292251
237728809 950533865 25440447 526884412
84
282447196 157045550 893726894
101017758 763382222 615062085 503898591
35
180085151 212438808 227292251
842180334 286082534 963663692 185412105
47
959112 207599430 227292251
380695577 452347871 195855712 372568584
436
554879356 136521206 893726894
884930516 105566294 975440377 114990131
132
110035274 124781192 227292251
226939625 709940860 558254797 547308126
176
309265230 391394480 893726894
559852655 916527564 131384237 121455888
228
124462094 159077939 227292251
691160352 14185451 59328424 790302956
498
195138577 161905143 227292251
669168526 667330422 758152119 807685183
66
94357884 95739710 227292251
638015679 909231543 794058245 119972618
127
115055168 209261480 227292251
494208590 249674751 367649618 548823816
247
855932234 184644642 893726894
993212953 274427475 664564571 965294069
431
206625813 210182326 227292251
284231626 417442025 484512337 319749404
340
524571316 329418952 893726894
785065592 250449064 93014268 653810652
295
105158468 16152358 227292251
103637434 32278629 569854260 669152120
470
113539009 218283307 227292251
876435264 24892068 68818149 460730787
229
68563334 195383808 227292251
68651196 121666672 27967323 327602484
54
485304030 581261162 893726894
50137164 33541391 233958292 930980107
407
230021714 107682354 893726894
728403410 694416772 99857277 758858960
134
129577847 17383232 227292251
701853436 150832984 454781097 933318681
87
190016047 51600076 227292251
803591336 76166560 83999293 336384351
185
87564156 33358214 227292251
400675194 963108429 562448371 145373822
303
90901579 14737731 227292251
437014370 876093261 151227158 661284076
156
227130521 160243234 227292251
730949223 263577168 154620789 907742360
123
191610207 110019946 227292251
341384656 698666759 50221315 357115541
303
549768778 27778462 893726894
870182179 455804561 429990588 283324067
401
84081678 15557262 893726894
813640493 323826126 491849735 892332425
91
30481599 47297146 227292251
812926486 591549923 117583396 935774930
350
206521802 134265702 893726894
677719233 906931978 596055692 683043502
48
97154168 110465338 227292251
201696745 240073743 423171002 958520096
459
215177284 112210267 227292251
490323707 973922421 778556972 103978086
462
139393264 75402173 227292251
759682727 763454066 53588828 159817562
483
838111870 138569606 893726894
702190474 185382275 716867016 527637232
488
53190270 15298382 227292251
486369662 135966833 232619614 993908573
245
208564875 131754112 227292251
711788212 717961953 743472744 732515745
495
50084542 5759075 227292251
330147090 894633233 161698160 662798214
68
290000784 382492276 893726894
983899179 318017976 539267773 311865184
120
98859837 179819652 227292251
798607398 779616563 740777066 314746422
112
41207935 226090169 227292251
928115642 812451807 717973767 952444339
466
26400141 115677335 227292251
701338630 247671650 677950754 536375803
420
63576278 40821179 227292251
183568532 581605936 840505592 443225346
230
110575086 189747083 227292251
887080285 407397216 435278208 88640602
161
605765200 820998840 893726894
300494191 112371850 567885480 668141009
461
31025676 639388454 893726894
517131091 722229609 97275693 271762418
359
464902400 470888190 893726894
434487925 585733953 540545899 560735389
319
501996128 549122764 893726894
12925173 559171378 844438070 15613353
174
479705986 449177864 893726894
827221819 533806418 839149415 799497687
210
592475344 225401146 893726894
80049983 267371618 214677051 627861282
491
27265248 58698577 227292251
438310727 880026268 680385111 364006661
173
55695957 21833430 227292251
205618416 42830990 339058650 495112821
26
155374130 226054946 227292251
218608894 532362063 62841013 269213425
93
88959745 81997053 227292251
550082019 433249296 247794919 541218965
61
178089087 208471908 227292251
693231071 602787760 330596831 956720485
236
214568279 106367873 227292251
255826172 382082769 785065188 409138483
449
801853012 22684202 893726894
771336869 706740592 391656973 646142519
94
221499016 144864767 227292251
527720104 557426559 524290753 744333888
111
27925429 54227900 227292251
401385913 813849060 507127618 708043631
230
105668700 75403239 227292251
672644956 427760513 469928401 639531002
398
768639922 811737662 893726894
198982698 397814859 265455691 984428790
381
527629770 468808026 893726894
924097853 114726734 723263359 149629508
264
105135188 90193476 227292251
330530209 372111818 647372113 794104330
420
80667563 58058896 227292251
415472691 282957027 28090147 120156875
476
139418528 121108949 227292251
560171498 368315963 239141128 141813735
254
109265945 66857924 227292251
778092185 877482555 737097298 353865916
366
211012912 35910016 227292251
677234223 518372428 101868483 429899501
32
99864960 95030782 227292251
661064763 607887600 302263684 278232734
471
323404672 203052294 893726894
555096895 20067458 67267904 998534504
250
178809205 162755671 227292251
751618749 117933604 380833103 146427990
101
82925637 86608430 227292251
958605927 167292647 965762008 223500665
368
273548374 395871244 893726894
939039789 237830646 361818015 179717342
28
24750171 192985212 227292251
779643384 777394908 614783957 735504783
322
215431504 159124976 227292251
20008427 860334537 828173579 459965307
223
29510276 2181799 227292251
680582011 721672982 543375468 277640621
99
98227894 87385516 227292251
642783910 667393898 337282983 621334495
173
250750352 670562132 893726894
694536948 745590902 28751776 23157978
94
211421952 57531275 227292251
152739436 323987142 828676964 158973234
97
745676916 267509936 893726894
278313907 685628320 394834698 943589486
284
14826350 532760514 893726894
130459290 341997239 2890396 606429337
497
223350530 111451010 227292251
153465230 81759322 397184861 621771862
483
46176665 185476133 227292251
750337195 14294158 205391383 718577564
201
215510426 93107074 893726894
482262032 132858313 246160472 777199341
61
559475374 538504772 893726894
778625413 624415944 131539706 196424664
466
72907045 189684027 227292251
576798311 908730015 622104064 719804047
372
590417716 771548260 893726894
569157485 843876576 317876937 180980771
385
117360674 72309628 227292251
63969997 604816972 637032634 367078067
30
56621689 156091315 227292251
96697154 525701712 426401549 593114917
157
99987156 197763095 227292251
52850710 703141254 944007366 884876767
302
158900006 73022220 227292251
701103306 735094771 627029771 250108796
1
521338 218035129 227292251
782000597 509375302 129917308 602914874
315
878940696 328681186 893726894
467638430 659795417 321662726 477746679
379
48237783 37816038 227292251
322385729 790151301 385335567 910339431
38
132042127 154531363 227292251
583524053 586547413 972807729 630627614
362
29411640 172119201 227292251
365216521 401123331 268432210 110171912
429
224853457 207638485 227292251
938637687 996765485 585798088 973694305
109
123707190 156151951 227292251
190487243 164144621 808480756 865500959
414
68365906 55542546 227292251
468864665 53470196 539897624 878719718
280
632729446 576733782 893726894
30591271 730603562 439343511 209686362
416
111011361 92395216 227292251
561437168 543845262 631668110 388632065
251
197458095 189739747 227292251
685822142 94714149 196977234 151825727
462
400030790 96941778 893726894
191852790 563315755 996288309 764681945
335
20711467 216096089 227292251
121032088 450904870 46276512 668761910
58
274074626 793631712 893726894
409458982 236529185 424914003 646184630
430
219787995 102537370 227292251
663066577 511645644 540327436 71911109
467
154780723 191359253 227292251
151875252 627611392 663010458 782159593
387
58662496 19047221 227292251
726971159 270991754 593813172 591212588
389
76920638 370474608 893726894
828021824 342298004 487452235 367270484
36
138548617 59611997 227292251
78154169 122261010 222605343 482385031
338
131745818 66459561 227292251
401409702 237342619 252502701 941638198
158
10077029 81351328 227292251
631309983 243060801 516828729 527924632
124
182183482 95003564 227292251
852960154 336090454 51215485 581890665
132
36846436 83975252 227292251
374651169 216309513 410658901 231436800
318
149297309 120108259 227292251
491724229 105893156 44841052 825041828
357
17974150 125396785 227292251
178551051 195787118 417265871 833769736
445
734747792 347567466 893726894
753748881 54739983 768950594 434426580
473
218826697 87904452 227292251
13912229 601145285 960883747 3443307
121
418083540 311728024 893726894
36314760 728046780 947271356 801609276
5
30061872 324769832 893726894
275565190 644614455 822355122 317436196
387
22010949 222341786 227292251
451466366 351659351 976001746 534776109
206
222419988 206980695 227292251
557822280 224558413 385207488 539588551
181
109290231 160404955 227292251
9404059 625147120 784593576 451373078
422
640985920 871508306 893726894
441568318 122688865 172967148 607095990
431
220175405 171625138 227292251
334737265 782754577 830293382 420350941
314
190024541 217518999 227292251
10390322 328552520 220889682 833470254
318
16634439 224029721 227292251
272538570 425905522 164304215 361358648
203
207148947 121867667 227292251
800635807 947130612 54844854 655963944
129
127349143 163503153 227292251
768974222 71114380 344702931 375475696
163
178153614 122958170 227292251
383796656 871507921 551538487 868672450
251
148330900 52220152 227292251
727314737 438871829 488509781 336342861
211
42060809 107071780 227292251
769561709 886242222 711899716 426679279
350
211505011 93896008 227292251
520350972 87626700 363493316 555825000
229
213876762 161840951 227292251
556901488 210764240 550183601 497617785
216
75136101 198066839 227292251
109663195 973873313 431610622 349414431
353
102610915 186070962 227292251
121843142 59722791 345385729 103155698
164
219042851 91096110 227292251
818306806 935360648 450469083 600514541
414
16907039 28324566 227292251
142022632 695961639 607153852 940054853
240
149053757 36692163 227292251
843729381 182702023 490731578 180585300
309
123561300 147441010 227292251
38446617 102916271 804231125 799247096
228
191642569 222886138 227292251
60091395 276527612 588948483 112402769
308
68998380 120042770 227292251
893235957 603142857 743172936 921486712
266
119137477 179261016 227292251
911830545 100753296 660412257 378013543
443
196885804 863002398 893726894
878485187 21303729 23142048 273670817
144
222861193 180307125 227292251
810508574 492441633 3773362 544042595
433
830786430 554764830 893726894
857991207 50210429 986163020 252751059
499
24450634 195393742 227292251
992889842 246840118 803822652 945471897
158
39975059 117981135 227292251
669335211 201396707 910710605 36892580
109
158702699 139620586 227292251
947303702 89072522 360682012 652435451
285
538717152 312091240 893726894
950039954 834860867 213346841 586242644
257
218983280 117530504 227292251
913786802 648303438 371237565 841570469
318
195176788 165387150 227292251
184121792 775608971 705180681 2573422
47
107955644 148738308 227292251
249890465 148718382 524060506 819023462
147
94503265 94432756 227292251
413412203 336388565 973842150 997406755
491
217364964 20442365 227292251
31998393 654413734 624588144 896873329
22
186783409 131983900 227292251
355595730 491723857 700066470 883643789
