500 59522366
269
270054694 294721639 390927110
345692923 628069166 661271892 502745731
15
162308476 176463508 201066068
610051651 363326224 667334007 117897564
219
181405364 189120676 201066068
143416884 892758927 880600770 162999703
41
61026140 150130176 201066068
281838202 765292766 824881891 79242807
388
161041972 100435048 201066068
754574743 502953637 137438696 217235156
458
62577228 132407912 201066068
29993055 935430761 866005142 399862641
374
365749146 279139854 390927110
336087506 157339256 678070904 945365485
14
170941204 70523516 201066068
379914432 964600560 203230092 913221668
192
19625116 9879884 201066068
808642296 691216268 669008291 926307826
394
340938850 104382516 390927110
347955036 192922354 428530825 209697286
192
219802520 171873716 390927110
28503117 914972295 196325708 813487312
234
639772 187793676 201066068
398683256 193261717 996754351 967628468
79
55901622 46324572 390927110
898607022 598923398 427376680 522931563
431
94468080 138265988 201066068
423824523 791216709 511595598 70370657
226
129079188 144136888 201066068
106337468 63584988 639550067 729329944
284
268661176 134744568 390927110
540426070 548235239 475716016 39912794
319
327213460 264421122 390927110
159040951 299946308 858339562 429431259
329
235699002 342922566 390927110
186424718 915584679 667112823 145830426
8
35010948 25289964 201066068
920289256 584044266 967614502 892786352
213
117229588 140594244 201066068
499679787 397160406 707423703 987031652
185
70457660 10253768 201066068
314143033 551314571 499327015 735138311
390
165667908 31085376 201066068
363097040 326936521 180258780 849759840
433
77757400 197963696 201066068
932435814 575143248 129798718 324988735
388
196077616 86802352 201066068
593423807 872520804 747042918 468737354
86
50743490 138580680 390927110
791172468 680963188 848269092 887611621
389
164869012 139971636 201066068
907138438 678835234 810477834 792057635
329
171094420 28766920 201066068
221224275 434028502 4270726 201695724
336
333159050 60168430 390927110
209734301 219274069 405016633 885865729
382
171868760 105883764 201066068
459937955 458109184 416030894 882814102
382
181927928 113415708 201066068
515146975 981832397 322862611 600599252
331
128526412 19484472 201066068
461802557 194492665 868301380 630176895
276
70494340 56774256 201066068
45555699 270413000 875179041 405523606
392
11832310 137212880 390927110
963877373 337142772 112113114 321308191
144
198134720 342290480 390927110
277072844 547631973 90308604 560357314
10
64141504 189218092 201066068
997254830 393969078 954825740 157456595
5
59100468 91438732 201066068
589491295 504458886 316670942 251801919
285
53231528 8645056 201066068
601799568 953803482 922344797 670707234
298
191771664 23366840 201066068
844568979 437491819 646229704 73628327
195
281753010 16650900 390927110
537172229 606866773 560035095 796379976
129
34648530 191609250 390927110
760045030 523725800 658266821 351378610
255
173484220 67295200 390927110
990389504 453774517 719099255 367171753
417
183961960 119678188 201066068
619500222 986967287 752895978 944746469
43
344280510 122355240 390927110
764681 417913047 244408407 650255044
265
194111848 1143604 201066068
5479504 237276499 336785851 280562673
391
317678340 363134730 390927110
634195022 498471381 695412553 88838360
401
191186128 81569824 201066068
727221804 107425616 157685167 753012829
240
17486168 89653368 201066068
627374890 31162464 13187284 859848269
386
49729988 18755940 201066068
515286827 555106172 64925902 5032122
341
287243040 230447980 390927110
853817250 770061561 550938486 224025635
373
194993036 49399784 201066068
935669115 102862212 802717479 415656873
367
114506112 62114500 201066068
120818624 959058206 913189147 358372560
432
194488084 130747288 201066068
622405890 93144138 201570746 531490037
479
121836316 120900724 201066068
717652831 751200200 473738683 35267825
75
276796660 15939560 390927110
144425878 128233104 828024409 45439651
54
151952108 77537656 201066068
456195507 981144179 572828124 667480479
121
180148220 24299268 201066068
717155856 217634883 138109190 921796830
497
177708608 158447184 201066068
809528624 702450295 958914034 904421604
215
169772820 26328288 201066068
5609857 899742438 283210334 529587743
48
374954230 84554190 390927110
848676711 420354555 123203706 375923020
377
91899164 108762612 201066068
400150050 497225914 716683287 827996836
213
172048590 93858170 390927110
867701647 33595674 899187054 772724578
72
20254696 43066884 201066068
139104120 546709441 730908332 694401039
280
170946076 173927180 201066068
390343660 273974262 609841589 866769243
198
388901660 104978300 390927110
987911106 790755658 411184135 68516536
286
51432024 36114820 201066068
27535117 174700158 536959032 41616580
153
90893656 25886784 201066068
224466890 347521700 39695087 142895727
431
118737990 113305430 390927110
483672393 126325700 231470932 525941831
271
164856972 26546856 201066068
916082801 581905910 431331668 417061932
384
87241084 62110356 201066068
73959195 558390559 56385904 282270438
58
150478104 70868252 201066068
83558525 835209320 734147064 181518030
150
123986520 86101036 201066068
141880920 674984258 602061142 199266606
80
106759436 27284656 201066068
439502311 501147145 792507943 927548569
329
99737540 87511480 201066068
731838370 475405622 28539134 858506428
318
17670128 48958308 201066068
280692841 149177888 340326000 126527356
346
128961490 123210710 390927110
72311999 783454967 184371425 403132435
476
3110828 107796360 201066068
902925431 578880321 615896871 551565695
404
18102056 173281332 201066068
22777073 982916412 80476248 528633154
299
74155564 21201544 201066068
148972476 503865103 856820692 920258953
346
141389920 158783660 201066068
455089449 51725216 149153948 863695396
237
82636764 163081072 201066068
950878656 120010479 802464995 205975041
226
96674172 170245152 201066068
625877764 617487606 624820727 100172941
136
189631400 135217180 201066068
773998075 859487959 697802617 540731107
2
146933500 304314220 390927110
326960429 931451012 242494214 983848494
471
140801584 108862572 201066068
135073340 62917458 777099963 528525613
268
182481992 83847344 201066068
867441108 172601555 479213823 854441361
310
100944172 41836592 201066068
707132050 337217251 808206460 823333055
65
21691740 58235240 201066068
507176276 99428907 844633295 425084806
94
128156672 146173468 201066068
109472174 688567557 8647985 623639064
367
188462568 175484120 201066068
410476603 643535625 427647768 15408720
394
331380280 137815790 390927110
554436149 367182734 481073037 467183365
111
35344652 137766524 201066068
608993954 44026212 616594347 809533991
404
119793744 179128600 201066068
134380871 962002434 179805925 639529274
271
3069892 138641216 201066068
626959735 730322030 781744173 789190679
496
106124704 176506008 201066068
943711949 191346432 63530165 263144454
265
117756408 85809808 201066068
16863518 179829427 416989459 861192224
46
96051004 119627312 201066068
462444369 118110924 616686547 242905424
470
192509800 96775616 201066068
938922305 904368850 270001078 853857316
282
63669396 120917972 201066068
565508108 519087241 415692702 34975604
375
29760780 68324970 390927110
705152372 407532373 106472115 812508886
390
49095956 93207492 201066068
104552067 716354618 473611629 372629203
374
132902000 182657412 201066068
417350016 40087207 346981977 180630332
206
28523964 79030672 201066068
675227897 879882947 322297956 968016350
95
118491772 30730532 201066068
133573017 321687523 637591718 237877104
378
55744528 129578484 201066068
720041850 89976276 72050977 907770167
302
19394480 120111880 201066068
79537408 35759069 104691041 690852557
149
376580470 182545930 390927110
457516911 80410545 865734295 866426892
145
108540180 25491900 201066068
589240191 11691017 697573275 157186733
122
197075508 181574316 201066068
686674175 386967162 46469346 287997080
224
260002190 353911810 390927110
970753235 708830305 483465245 991849711
290
384541710 336379610 390927110
248246574 494606895 354034426 964707162
40
80129084 115012856 201066068
162297400 485131927 892189925 808275800
80
187502280 57422330 390927110
743054690 409488232 575942972 494195373
145
15278830 334881470 390927110
578063306 750133908 782045702 110650173
474
94376268 76679288 201066068
837173261 865294123 802355861 338214246
56
181605872 17020640 201066068
236240302 159690802 954460397 215139322
463
111493480 297198650 390927110
116344680 185970149 972673973 283882544
158
180819996 168254128 201066068
985311405 878007382 485537516 204212322
6
73437448 108909920 201066068
186369081 302735386 96045773 599910963
484
111900488 196691824 201066068
839753623 244598274 990777363 966675918
484
41958952 168607012 201066068
517781588 332605826 794753454 640472173
494
193540256 84674240 201066068
895545976 151663606 885325984 9573621
147
80732050 306344570 390927110
644036759 375885321 154625868 671107389
253
222585510 178230430 390927110
166366696 139169596 770738169 369933168
370
62523608 132689676 201066068
957109081 303767530 170525063 147089675
463
83764870 389877670 390927110
283718405 916881938 525285452 694939841
433
284912600 181711810 390927110
412260460 364266126 728695230 977578214
143
351912120 193975460 390927110
45748383 54065072 388603112 672826479
48
9837296 53128432 201066068
16208382 924230892 992932249 986469359
342
170624412 59986920 201066068
556059913 379636038 542265536 507295801
35
8363824 196386568 201066068
943992915 853064506 332033627 753559529
51
49778176 93805124 201066068
604064077 774831183 376756976 129637966
134
96614560 25666200 201066068
143175005 66409900 102058471 676315963
279
16386300 55755308 201066068
49669778 183337606 432050763 691021876
400
78447544 125648572 201066068
558170139 159388231 343253205 404626531
129
44665964 89155360 201066068
902934318 738281523 844466180 912510105
391
52248196 170944060 201066068
302863871 284356702 346975775 405159233
44
103667088 127027152 201066068
331597037 890856385 286001194 909714080
177
142387504 32796372 201066068
477065605 200956391 153523592 487556282
17
5607644 184189852 201066068
872832930 804576669 425547750 893190419
322
118454056 17496808 201066068
355462416 909483726 477595801 841077591
381
149046912 1228752 201066068
494492159 834753960 493960805 233362162
498
169646820 168657132 201066068
699471650 313704532 390186353 142911031
61
125228320 51326268 201066068
728212766 181019720 306062566 358051056
266
171134488 62587448 201066068
566583558 537451358 894117004 926395772
402
32985456 45743460 201066068
247670991 279316740 687679860 452551215
490
169758596 162435112 201066068
292354060 993229059 139003294 580931621
64
88722116 199955476 201066068
26602294 847436122 32457212 782826561
51
34894720 19875912 201066068
482846492 861864237 354166932 561840412
304
109274844 33977636 201066068
686840656 411650566 89595886 812575236
467
186100432 44830352 201066068
707139045 792906647 676618171 736247722
457
76449548 34667108 201066068
462982813 877557133 961865744 538898650
288
12125596 66275216 201066068
652027117 687841459 488758443 703574826
70
136565128 151808552 201066068
187062127 371163346 155148690 180827981
148
100128168 194158944 201066068
208036167 203489776 166911677 243779860
287
21032200 234524150 390927110
733902319 713375925 315222392 293899203
328
137925676 80778264 201066068
165818423 628459522 464188545 685122227
266
60678660 47727904 201066068
129871554 753236838 548742726 617666731
243
37912840 90667444 201066068
280578260 187940839 514930640 33895298
197
148865108 17803688 201066068
835578192 518395041 225215492 121504320
201
72283400 88483052 201066068
360033337 549520133 643306179 984779312
57
211831970 369697160 390927110
96064361 839594717 795168123 727732288
59
173779984 30484272 201066068
48412490 750720289 240510939 584471952
232
192379852 80991232 201066068
422723235 402080418 576120982 888908860
366
180465110 204626100 390927110
86691994 355661277 94382306 20277640
457
79160928 45253460 201066068
27904259 961500596 567550294 939721755
168
66516296 39276272 201066068
707644965 614176461 231800637 107181018
403
45660790 177290960 390927110
522200106 462745789 900562120 198037003
423
155483888 1392412 201066068
110027066 928980385 130018955 983708800
191
88750256 64815576 201066068
731687673 863667869 391892206 913004551
204
66230276 19548928 201066068
638399719 119627247 386067194 380597711
456
83801648 62692700 201066068
378719119 544699489 560629472 733725486
103
99194200 111035876 201066068
348428924 53615905 925512448 207506124
211
57714160 176957116 201066068
781875511 586098825 98755103 708201285
64
128588824 159421164 201066068
724202731 776249012 930325905 684976475
396
374065720 332044790 390927110
104455626 450053673 524325602 719388603
98
161564340 130037684 201066068
331112194 882310014 676014156 560834616
163
155270276 183017072 201066068
814449869 211913798 598856441 780934067
446
108557400 84001484 201066068
81116080 476943159 477214068 546871030
31
113527708 126527800 201066068
56602498 752243034 939096407 833187036
345
148961708 89817224 201066068
743503065 668324230 850274351 377940077
121
110754756 48528732 201066068
52142221 526376584 353185277 28689810
17
122066812 109453120 201066068
597300915 837720322 308539886 857451305
192
101829588 73931088 201066068
981512042 8544273 825539220 722698625
485
16120048 192711960 201066068
945485668 173062034 173390642 767847043
21
372449070 293278860 390927110
472998124 502504132 134234723 512665384
407
115985464 69700652 201066068
881791122 675806981 337336472 739594967
491
120328012 102295368 201066068
152853593 923580958 486184979 624854290
283
57055012 28226380 201066068
13558697 598870135 911559630 237071031
489
136451336 14134596 201066068
767200748 889698279 86874839 354467310
476
173526556 14275576 201066068
482235029 402089031 73134487 541092337
125
117126744 20816600 201066068
699656041 649834616 801670906 511699626
497
140429408 44737952 201066068
983104588 384817476 880406744 330992663
271
133233884 86325680 201066068
689917990 714668954 500421254 386042043
295
127693496 7397432 201066068
896358953 588142238 153698985 815285497
388
173731950 134582490 390927110
184416909 319600746 962859766 662408059
481
71419124 80826620 201066068
566732510 86847887 499280424 309067135
363
166593980 77697816 201066068
307892665 461275066 869186152 605249032
400
171622696 63561372 201066068
126776599 979180945 636179753 421353252
407
125969704 100584848 201066068
465191362 574836176 937834702 408287337
162
45634792 94416280 201066068
926408517 111143552 863043639 565210097
319
55534080 370977670 390927110
570187895 95984636 225284965 599785504
332
83757450 219082640 390927110
724784626 101934951 928740467 219833575
366
361615380 362185810 390927110
456944246 7989849 954874977 502305392
451
255930710 348863200 390927110
18485338 575756083 69277676 69683498
413
8228220 174672344 201066068
424987793 962509038 897646371 711040846
422
37326170 348975410 390927110
713873281 954261118 114132802 934545017
496
199592624 117154100 201066068
682556793 311303468 475396535 397705547
449
149509052 131736808 201066068
616746378 329943393 728332929 744234543
85
355344710 244651820 390927110
920292889 559342540 276773852 350279962
461
46221000 136520832 201066068
583939117 63652950 345195039 303121960
214
177205056 153201160 201066068
650264509 664898953 65557173 284931545
19
158681796 16567544 201066068
772483667 139206907 257844675 439606143
223
371800380 305274690 390927110
842625235 894210584 168264745 294144558
451
176864660 195155520 390927110
81599067 468879213 38230678 690164579
39
183939028 174027168 201066068
990331165 862410449 532931377 331874624
339
245052640 101769430 390927110
710913431 783643538 698473416 342049043
177
14254744 93251872 201066068
170792919 61981760 21209133 232528373
93
148018710 86822470 390927110
968903785 605687030 474584117 911244114
380
195610604 107754864 201066068
562158301 312629349 733176406 792203858
478
105545580 107131640 390927110
511707416 33726428 534484511 685036900
34
35594230 300811560 390927110
727384600 711594572 310775920 839047125
65
21439040 334380760 390927110
314150748 786445506 446959766 551947195
173
49617008 129717308 201066068
552652075 72735201 436178600 615760855
56
79710932 47904808 201066068
908727639 404076267 717433902 356127664
272
188840148 100791460 201066068
259460780 472502721 255250725 468767483
37
67042388 17021032 201066068
454482330 679557126 957389301 139538914
270
28372092 190536612 201066068
207370101 98695963 621872821 17806466
91
139435352 187075532 201066068
76546616 358029630 718860463 814026577
280
71262184 141659252 201066068
431126509 280268294 126126536 356021612
72
96618452 88785116 201066068
797080006 896772097 647246909 743329937
420
105742924 172847052 201066068
341391905 393481603 429287936 830449165
64
153373360 181945876 201066068
643746923 142020662 584491854 574552452
108
132470184 93158912 201066068
111650490 546520778 961897854 880747091
306
130645340 2674784 201066068
119168418 495883125 478370816 18802191
283
179412520 164631908 201066068
881276219 198199337 467811634 367794870
250
263091640 342402340 390927110
552300831 136894245 363016195 976307365
72
211880970 377803230 390927110
465365970 251220127 800454133 881235659
483
1189272 86553964 201066068
776738593 51549372 374633832 547650857
441
250952310 292237470 390927110
672402825 263461001 641279194 18962086
410
108286052 36900388 201066068
294266280 755426887 279247310 786134411
102
104964790 387361590 390927110
712769708 736477737 925310543 307436894
468
30389352 164290000 201066068
426685525 537157236 700140484 128640600
75
366129960 79796150 390927110
909443657 541424927 383803381 107485179
36
163482200 128445632 201066068
615551361 110936371 312001585 305184533
209
388754380 261371180 390927110
691257950 98389709 80018363 677419079
251
94696616 36942220 201066068
299674710 238799714 818304978 212753477
210
85471120 34180510 390927110
146119840 899549139 437771778 698813820
365
28923860 122675812 201066068
12687125 519461098 223619498 484069490
115
57063384 121293032 201066068
553062216 507356915 419572156 899070885
389
141734292 72642864 201066068
61900977 476366309 436371409 423351289
473
338909410 109590880 390927110
875842898 832405541 520281726 989422627
234
386223040 275601270 390927110
613900809 85845958 494422133 549212172
173
84720580 381425380 390927110
513723750 401852267 6667214 480350860
274
39466280 139275164 201066068
466247591 299398303 606523504 606088
266
56850920 191700740 201066068
105497978 46263606 937982892 359568482
365
123619160 199234168 201066068
792058244 109985411 351214603 209615096
388
44929192 188593328 201066068
485195387 645604221 497422484 604366427
140
121471924 145943420 201066068
765272483 257965199 478972387 198686527
94
146905220 165000024 201066068
789221077 592788880 498206530 587813527
18
161357420 177215836 201066068
618270439 457360157 360988924 707323086
362
167326880 103723200 390927110
16196794 722602385 852061573 511166076
92
139242628 120238104 201066068
902840129 984442532 540147564 494089695
360
74783324 119207732 201066068
573447934 826486277 619674693 147285622
450
107455012 67066216 201066068
928709100 405121755 324326325 508512171
175
119374444 132759480 201066068
726542671 627767493 456495982 794980872
458
341555830 269753890 390927110
981792998 840091073 516325792 295903232
257
86477188 83099072 201066068
873489983 131027228 864864936 954759800
337
116243876 46838792 201066068
4183867 55057613 52945876 488526065
455
198818536 197905540 201066068
831145748 242473566 701615240 718327009
218
63614404 52829336 201066068
605014005 57131723 788922461 419582027
306
97698468 144305308 201066068
154897131 201547312 510346726 479173469
210
66707480 305319350 390927110
688850293 561208450 186129163 738453062
185
197975428 1715084 201066068
604798101 100513945 181932979 82762673
287
28680372 23530416 201066068
938889090 542730621 11731631 214723564
139
268173780 96295990 390927110
779235841 614993241 231361497 295914974
444
128365244 33525912 201066068
996794936 59169692 581411919 459660592
456
279156360 36403710 390927110
457564856 29173112 183859003 487646276
171
3581620 242307590 390927110
462586316 607254981 286341459 571200507
167
156669632 95495540 201066068
39507608 522010594 471627474 59365062
280
46047596 194549992 201066068
213343244 112877370 404551475 91678191
472
192513650 17460870 390927110
286410092 994053854 36477896 931556747
433
92845144 34006392 201066068
965510213 570615165 424637833 111459094
160
218735090 295673280 390927110
471794017 151561270 550332727 31081879
329
85914920 187299616 201066068
317423198 893311983 529490678 555955787
383
141231496 98842940 201066068
154206418 929867167 825489588 769457825
452
79025212 192149384 201066068
107266776 21702758 410883020 920117010
56
81286380 166038796 201066068
247521401 967270659 803999964 467989772
45
30213680 62083336 201066068
499274463 23089771 678325113 603685279
125
242374720 139581330 390927110
545545787 184955416 928381176 556403260
161
44718996 144424028 201066068
68578377 960498466 695757912 718028715
361
177140656 140026068 201066068
75175269 298925299 444204196 5744045
319
179885608 114547412 201066068
311439993 95588106 130821090 779877671
224
190042496 109620980 201066068
730371634 170350240 610994029 416767727
38
98240856 114455096 201066068
723042541 755163628 961818346 937800205
458
162501640 39493020 201066068
384948468 725668486 960263666 91356806
388
79660028 512092 201066068
667881416 477356738 852739174 757560534
483
23320836 16164176 201066068
988535141 812649830 595766028 981763184
209
49344624 60231976 201066068
409376385 298071423 650863792 986396353
499
181522460 194408480 201066068
564050218 725632680 431023434 298654021
180
254609600 329514500 390927110
172884908 26865841 700853620 910891122
348
158111716 45007172 201066068
64944776 555787496 408047343 195842900
115
74538492 195190464 201066068
871666917 75425181 458369411 601124617
186
136649030 389718420 390927110
761590417 729924071 290071315 978039266
306
175748160 147077252 201066068
931991786 840346594 39571986 988997131
44
50417864 254996 201066068
443371622 520974730 61334782 501080867
326
86845430 325192140 390927110
822596516 689152717 327985704 710597516
244
152673108 17771348 201066068
843570242 471144800 612195859 735596528
155
40372136 100126376 201066068
250184573 621925651 165971215 251735489
389
147121380 117091240 201066068
103267074 121429363 743285486 554791148
382
143419640 19930512 201066068
480785455 911643320 636463705 461774793
70
107060268 131758760 201066068
362675225 736941456 111780842 112858733
363
49868560 61754140 201066068
13088985 884139612 74959166 83240845
225
51847096 114369472 201066068
63061969 648173146 871580723 464302037
19
326251730 225126860 390927110
615542923 465344788 599910291 616701687
317
195674052 185144232 201066068
849343989 932656263 107641768 192576398
338
115581452 99400448 201066068
912123997 67125613 13293679 677925288
109
1836870 274197840 390927110
384149992 525775630 760720977 151812767
150
66721480 324611000 390927110
247598320 573362909 480094798 666537897
172
157438652 128686404 201066068
232885112 489413128 967014501 303278782
80
135749348 51620800 201066068
745714264 960282789 992510761 151090277
182
163116296 162316588 201066068
576169528 934654103 934973734 500554330
477
186559716 110387620 201066068
163765838 116617212 199443619 622873627
456
365128960 272344380 390927110
265414833 90148115 138486592 78507213
54
142813496 14758072 201066068
749715311 572900757 629117204 112353020
392
172868276 18244548 201066068
658631620 140952239 775425621 602726963
449
160556452 30999444 201066068
588692252 987622418 388459643 670045306
166
26268956 80157728 201066068
82488696 422127550 439101512 113185284
451
91923944 121275672 201066068
562822706 806211665 231378042 697370064
409
143758860 160261892 201066068
830935294 593371005 564040121 403230556
287
167460972 67685212 201066068
262498595 578793982 644404183 723319408
417
196074256 117585608 201066068
968680337 629886001 255012546 445030966
497
15030260 132249670 390927110
742376910 734069314 208701893 33836401
208
17505320 192171056 201066068
213455051 410895663 489228452 527670470
118
72752260 54180756 201066068
939428098 32694496 894434724 252574432
430
194443410 62380150 390927110
552568065 546333998 935070509 858812906
42
123495932 163535512 201066068
304878932 309367201 440429048 136863296
492
183011892 191929556 201066068
508868522 361154227 52562945 576373122
162
131351584 159159000 201066068
534922539 607728718 412428178 33493888
260
72177000 232004080 390927110
965012319 23690601 580877029 723061921
358
145281388 191157568 201066068
505381209 819403015 826468601 341501468
195
24842664 158319392 201066068
259848117 905355601 110629715 31228575
48
91405020 151385836 201066068
247476264 389226650 254964318 597368419
88
48732460 188758780 201066068
186310496 161843220 471984402 564169034
162
196867776 124319804 201066068
766981981 332276446 180358026 40151416
264
161662144 80815840 201066068
210953897 769418959 39245563 566726683
387
331947490 153955410 390927110
940235552 638384067 187761289 627719620
227
358292550 40040000 390927110
959826593 31664091 126380101 681684758
331
254410800 183420790 390927110
16334355 470575847 119477776 437466985
61
54406940 148055376 201066068
892889722 706102975 55363812 96573463
44
7409528 91930076 201066068
129891145 293067965 671494132 872438330
147
162863932 172160408 201066068
787494300 275164960 720814540 952812988
194
152646704 61951540 201066068
519941968 94899846 665327371 902390082
193
132788544 101068408 201066068
266873991 73847050 909455032 343747562
145
158791640 43899310 390927110
621081005 516158689 505403621 705114499
390
25209324 144833752 201066068
22602551 554940364 442021778 483827030
395
160021932 128976680 201066068
936795517 266279455 825153816 111775581
313
197861384 116608688 201066068
422486593 22381799 922670193 32081716
437
169090152 91938336 201066068
673111592 864066018 246212459 313682225
375
66061912 20022044 201066068
48739871 701184092 272069919 96896551
211
200791780 23776816 201066068
105958127 418641369 797020369 423141494
206
77937020 78612632 201066068
262039231 200874156 604120507 108330147
5
367598070 103231520 390927110
470147160 132297934 819683685 486525380
225
246622040 11017860 390927110
126542169 489584363 480531759 941892211
363
96160400 29606948 201066068
179824823 836831182 100928784 722469009
397
140867664 31600324 201066068
457696422 547786807 687866885 964525085
332
131428808 43687364 201066068
463731344 601530258 271913583 607850131
393
158559296 14351176 201066068
451072968 900081766 20360127 819331255
399
319494350 234831590 390927110
3604994 528940140 963425809 458400821
116
193368980 180639144 201066068
326423018 35600642 642207447 231927297
353
126118580 5678890 390927110
783498971 466638407 893158540 938773398
159
80635030 203879480 390927110
731219824 145896882 684513563 302822984
352
32270812 130069296 201066068
716297963 691048417 932846449 286311869
286
146758612 8374856 201066068
845820359 407491350 903189380 508102751
260
53299652 119503020 201066068
671365680 205525993 735512333 539062406
117
139520696 30167620 201066068
131217353 486615629 189376155 12398537
343
134205400 47206432 201066068
77627536 67158068 227353944 716256365
123
50373330 335375530 390927110
986084422 152867935 104744205 301060798
306
41976732 24059924 201066068
380988331 178667802 445540655 214685917
205
135309636 131282956 201066068
297759681 574789120 355430979 221902350
316
85025948 190597288 201066068
95627186 589578638 228076120 676911393
269
46663064 151693500 201066068
868347388 289599508 525935620 731090129
108
105394744 146051276 201066068
388739708 991824805 692623583 316403816
429
155804460 181529236 201066068
759537621 634991111 835649858 721452324
279
8888600 60759580 201066068
187967318 289562646 90718141 460436785
152
127259790 192661280 390927110
986901976 523529025 98706298 941562935
381
243706330 81278680 390927110
43808376 33712073 353225348 598218188
162
140234164 70870156 201066068
338349541 253528879 451377866 765629050
399
90344324 82582080 201066068
842112874 79571391 716063152 602700507
51
116185510 96887770 390927110
269408051 692331646 809203882 215752358
56
108977050 130719610 390927110
4499891 976497692 475025612 47432281
125
180236308 33598208 201066068
788260052 55123190 732056486 37637278
404
46789848 96955040 201066068
547023381 915633264 79304785 573599173
320
97309744 50380792 201066068
936444270 592587241 161525594 282318576
408
373567880 109522700 390927110
706910597 596630149 6319440 366783318
446
190402324 6172208 201066068
885155869 11049838 485275913 480132501
469
56777812 136088568 201066068
479332234 840809308 993741195 545674698
175
29685404 18924948 201066068
324915998 925830603 111038903 81812275
237
81267480 187669972 201066068
356483378 116526982 853066640 528506770
306
140000896 178339056 201066068
276898930 581032910 119487498 746725748
486
88361392 39609584 201066068
565315430 979264996 495776362 848989469
60
40350016 120863148 201066068
908129312 862862048 150257875 10955033
435
74244856 155951460 201066068
461267364 495124819 771969810 902192366
167
169693272 131417720 201066068
983982934 43145912 577037178 703396163
47
82250896 59984176 201066068
86967887 581084036 253698013 80496865
206
164026548 3000816 201066068
709243284 117244755 691582586 810555347
208
149747584 33402880 201066068
7443595 877390550 515540971 550872406
171
173296704 171027612 201066068
422363838 649561683 431821992 262334630
91
137529980 1941716 201066068
276935478 516541465 584810817 561629790
388
43118908 188440168 201066068
332367796 794996897 440500057 921680347
409
80844008 106628480 201066068
336963394 493672420 345509101 465590604
2
104014736 158062912 201066068
285801886 525762896 448593808 950607128
29
106162224 27061888 201066068
171495567 240139268 529309804 210726707
433
191365860 105113344 201066068
821963613 620879487 282645636 145228857
34
34456590 168738010 390927110
797997727 797078554 202415799 485435348
85
84666400 21236096 201066068
798421744 568612946 550211461 838340087
428
74779180 219248890 390927110
789297751 367798817 120713992 366342910
460
23892876 153053824 201066068
348264667 193987254 440417926 41325444
167
13984656 128748340 201066068
923299206 699274062 300529585 441951220
76
60270672 146770876 201066068
768171706 367192266 888911117 169339468
322
84172368 27515180 201066068
842164904 652317676 554206102 905561814
292
113588832 102921112 201066068
947726721 516818252 760753825 961213752
417
181037556 171406676 201066068
122986903 661893333 42621398 675788063
444
133783510 271855920 390927110
997491959 808576481 940921385 473874954
215
10178868 185232012 201066068
53910740 157529063 715147433 595321951
23
147339304 122626308 201066068
493929435 201424906 423025269 684428834
218
202793220 300489070 390927110
486699496 617603769 236649468 229836966
444
122693536 163666944 201066068
777512473 753258804 417834179 650968243
171
162509452 13243776 201066068
893762592 201173992 845747313 646300268
298
195863976 1131564 201066068
713049059 179406350 420242509 914140319
280
180924184 133904988 201066068
354508159 691715610 873779112 818141266
189
200148816 54162416 201066068
998129249 533138701 199991299 185955474
124
45711260 148786372 201066068
746709773 987431492 27771983 472778015
213
106457848 160681388 201066068
809808156 610122431 712710800 357371699
468
72869216 197925252 201066068
740182748 752193380 244468658 556537862
377
118737150 93389240 390927110
116121202 67747303 765044089 913118413
105
56934500 107892190 390927110
161527679 566112330 76604114 875606874
328
83694450 187345970 390927110
512516998 581419237 970821693 458845511
178
94983910 180402950 390927110
979291681 573845927 8209550 638610711
236
190547504 43317736 201066068
982046383 710825621 70124073 705039912
359
48963376 13795320 201066068
152757608 538941384 437247450 961697956
361
75106752 159578664 201066068
713964624 829734317 751675389 520033291
381
1165220 4348652 201066068
499119548 297929535 291568684 244822811
128
122769164 137355428 201066068
513974071 659080094 49860490 682770283
285
16816688 166563572 201066068
978529159 89557679 298146879 241413555
291
303012920 112157710 390927110
689856513 673000999 486394618 65622588
92
126365820 165008312 201066068
763690433 408243274 453359697 403382590
207
129127810 353335500 390927110
983137577 628407062 948499888 724188044
77
91263536 126809760 201066068
847535334 259852038 489761486 664181257
147
145500320 125936552 201066068
178745418 471542690 617970372 131426251
393
149023700 22183812 201066068
147307159 181997820 42041668 232498367
73
28326270 109995200 390927110
890053221 738798290 517861900 71301666
16
122835832 54009816 201066068
5307526 145433909 403702058 685412432
153
64070468 119171724 201066068
366833786 39468152 544286770 227164271
304
15089004 167632248 201066068
28874246 958057752 944214487 335724372
476
169035244 102734772 201066068
488602992 542306578 781548001 698810458
48
184334500 94536876 201066068
101418003 499125014 880681605 893550175
416
119047544 142501520 201066068
881556887 471166370 513340842 788323765
243
80689728 1260756 201066068
712483694 237167176 976073238 734872028
273
28294588 19924884 201066068
782899226 641642955 675244679 45249083
455
185979808 115929968 201066068
67880861 672978183 997717117 129081138
186
92186150 383613790 390927110
938273220 228733192 379079635 136200428
373
358109710 48536390 390927110
222854907 439493256 171435928 898344843
363
115199490 235207070 390927110
303467082 961412223 222515705 463996120
494
16920092 51296308 201066068
908586610 82606207 592994069 84511402
350
119839860 86342816 201066068
758743608 130394526 215706567 316067085
193
195637750 298298070 390927110
551119017 269776726 555204359 663758297
155
179333140 134401260 201066068
666955925 987952600 155148553 678287759
385
277487000 283715670 390927110
851864161 302564026 181674013 998676537
293
282038890 333024860 390927110
849620092 220803406 506187435 579634443
64
285087320 103568990 390927110
456330162 531607629 177246721 758839027
137
23507120 38951556 201066068
786703217 458048579 251189225 893055866
208
71192828 62431264 201066068
103853841 702452131 429005938 942251599
339
105909440 160339340 390927110
121968444 526843208 912837303 191598165
294
101248812 141476328 201066068
407982768 290875719 357508198 967668994
181
341095720 79201570 390927110
348695389 374336558 221216811 665102099
27
58250948 128898112 201066068
949926170 288128555 599652287 362942342
410
302925700 181374130 390927110
541614077 180917477 741429232 800295010
59
107553068 70094808 201066068
973926185 125210450 818566048 13820511
395
193794916 79033640 201066068
401936626 736766511 206830922 755617920
65
47734932 23237284 201066068
135880419 272625009 46991800 471320490
261
116263112 200014332 201066068
518990347 212164817 756215700 46469863
112
135635444 194966940 201066068
449672314 958068340 356711153 298303930
201
382522630 338760100 390927110
139942996 309749529 276650085 471352758
416
21490700 42689360 201066068
326496546 657163532 398057024 442088398
155
44124472 105352436 201066068
842285313 375058435 480925195 781797294
291
187985252 170178960 201066068
142694657 538682079 983845302 421693540
260
324902970 124423180 390927110
211618614 414119226 808299467 254719695
287
69538490 126546560 390927110
775349648 849782537 266408064 326122349
78
52405640 217216230 390927110
182759769 349199039 753671788 674765360
96
144770444 104204240 201066068
6318189 946008760 316284390 994281429
345
113667232 70134008 201066068
589969892 131072658 421265022 211386183
381
4241216 171320884 201066068
873419297 966698285 302926822 671996151
127
309350720 361605020 390927110
178355637 288594719 605334657 789305959
349
75208868 48328896 201066068
939082548 374186231 281298233 455922143
146
94124730 315563290 390927110
58295395 130433785 439103531 907884183
490
329532000 134723610 390927110
177888167 702017852 991524762 14198009
241
139376552 175246568 201066068
564259742 460430719 415793014 931355715
121
115833410 77225960 390927110
606382288 857611043 785841239 411026893
270
199898048 145256916 201066068
593933091 134822469 753390489 676427604
443
160074390 336025480 390927110
611912304 725461424 403481069 360214227
