500 528101792
231
215534932 20850739 890766413
584041848 859333025 590392871 722169090
264
178254716 132540242 472132799
797432582 884997153 240973723 683775750
245
113530177 602049463 890766413
161385656 912335321 437437635 710063275
384
357029815 423625771 890766413
904821001 635916453 719546925 17715442
327
273149800 878228563 890766413
891104622 981622808 709088292 615310611
393
435044764 694681940 890766413
815257024 894191503 408319909 648209950
436
456611669 959512545 472132799
705496920 40138318 586666837 165181684
353
286588559 2487252 890766413
151235672 163172332 658009779 874398965
349
924029441 958671335 890766413
651206398 180093577 786317156 793724096
366
736811360 267159667 890766413
737370898 681176299 423743489 340896999
33
375124530 63916293 890766413
832397369 751844138 31863691 581074139
350
451125676 23356960 472132799
912398381 504979549 653314782 779997314
437
684118467 518712040 890766413
195257441 784316955 620248369 12058949
142
81729143 38646151 890766413
109986885 183009788 479300182 833265995
133
370466074 753546353 472132799
430450552 151161652 942910155 898241937
347
824034667 588933787 472132799
149837464 677372472 602668558 283666571
261
924606697 513789787 890766413
463384971 185203688 975179214 442277228
256
923197549 525283497 890766413
544367615 442023450 173778089 630692000
445
280037875 312249364 890766413
720069191 586404557 823412867 632572630
191
973493223 78788965 472132799
673416980 811129257 612314265 922576091
257
879346766 216270145 472132799
918050620 892339468 57789637 341303460
365
330449946 393813610 890766413
381953821 715516050 18515958 683689619
223
681173464 394641001 890766413
41475403 523104442 389883075 810028357
286
241580456 55052326 890766413
232623609 743441187 168145035 276847350
47
805849281 524850019 890766413
946945861 413025959 124987056 739844691
142
8052041 368718120 890766413
824637845 675259189 758515003 964352904
110
728512290 844996696 890766413
141193470 364080986 409853036 102965172
101
748877560 769495667 890766413
343740568 868546566 482400532 249551268
431
416473123 932827191 472132799
82185014 867442672 282700431 980020879
245
686271457 3036011 890766413
399111798 603379055 795155558 322805637
11
508617308 25165963 890766413
430193280 856312507 228728433 955365865
118
30125008 838472046 890766413
144191248 288062110 959457813 714410411
500
776477710 793869233 472132799
795586145 599688414 431893198 343850589
428
377852066 825426248 890766413
555115431 821491142 791736078 51696003
116
278007621 252460032 890766413
332311962 188906240 508784694 75827765
358
700772239 879754472 890766413
605969670 51243483 957825307 503769858
417
566316260 635026570 890766413
346541501 265597173 883496852 208178003
180
808758061 860337740 890766413
223417283 560329709 504989327 280742113
153
61512367 858428100 472132799
896508840 258419659 692429057 273085942
72
928728582 972914510 890766413
393388582 260714806 893165614 580839013
240
951528034 607089499 472132799
157541683 613637997 529954350 977198898
223
515269692 992853906 890766413
799384787 240392928 190525674 674778690
27
946999074 657381072 890766413
842973764 206763455 157345822 120036413
101
703114944 783119268 472132799
838560659 647936329 281735643 524403138
157
244550867 868924341 890766413
984479988 222327314 887385502 461226603
165
434653117 359340401 890766413
232414487 290256605 778960682 24894399
225
102611417 848353089 890766413
39447145 324087560 428461897 62103050
283
793738644 400756206 890766413
743368743 762754970 45775607 941971025
39
9405007 2097725 890766413
980562541 218760755 980826215 667190389
10
342061430 234050654 890766413
735223485 365045450 823424768 210154221
260
907951192 961480117 472132799
913887270 1795582 360581621 439749325
466
416443257 946487874 890766413
426987651 528418219 836074684 905960805
102
2650893 312074174 472132799
705985929 93983859 195202468 30334754
169
460751089 875134752 472132799
898269785 712983843 149943094 939210371
201
839479455 524664025 890766413
306028340 426822949 416670703 688500271
159
4949058 133527396 890766413
254256748 169529113 371195359 806804641
289
319101606 883165425 890766413
56461321 146212046 777453979 238443043
420
612748332 993777564 890766413
697484742 201344561 226908152 516344829
273
771618489 271137320 890766413
265024055 20208985 281979028 468973616
199
845701861 850941662 890766413
653828970 232330105 75155775 730081253
321
215576499 872777156 890766413
647315796 254368331 616300740 382310359
128
856696966 315613111 472132799
906540674 441551680 592426062 967199859
114
666621613 732793092 890766413
705366072 522137632 863995620 292152927
117
493251232 491513319 890766413
875503451 239887567 442727495 356225203
447
456282166 721256484 472132799
384150472 228217632 152271569 48139081
185
127370112 957827345 890766413
469430400 317985163 881005770 751388022
72
478080399 434936505 890766413
703046316 446933776 733054329 656840012
68
31791491 856308608 890766413
808206916 46633865 264352534 248830653
146
602671472 44959249 472132799
109767800 994080991 431903582 880781531
108
750426278 856042080 472132799
92930970 62047020 967891346 89769737
319
712202200 225549541 890766413
580309857 795498531 666554039 390874549
445
943785603 51639373 890766413
637085682 70377810 918613369 68262197
74
565348328 55864352 890766413
866187997 523974874 504052039 53505814
183
667767146 712145063 472132799
149878295 485765855 170327702 645231353
115
526886315 913533785 890766413
101662809 377901601 621095412 151056827
42
421075179 490188160 890766413
963459312 910941922 224196279 609121945
392
937893413 650980521 890766413
41525524 872853279 746886087 750480522
99
845269105 140871070 890766413
441053454 150205330 273782378 316346892
316
929736329 951896418 890766413
442665199 632906006 758273424 594060001
4
786745991 73622644 472132799
110727312 891036689 245718876 972277969
366
171917590 570412422 472132799
907188427 877839729 680062173 634821658
23
518410650 69410251 472132799
751946934 32948938 893902502 696936652
227
523053723 99650520 890766413
150998596 85992151 417194718 137130696
292
768466587 764545661 890766413
892662787 265201145 739342773 264736606
146
901366058 729264278 890766413
661164829 888585353 772649928 498833398
38
409307020 608058069 472132799
539731828 249663028 523298247 777476911
301
917175980 379111378 472132799
122079449 707431486 734755985 457894616
160
429245193 521438147 890766413
585311254 985090774 614556836 146164589
297
46933665 886964334 890766413
770581339 97404094 408828376 311919950
116
197037013 244702587 890766413
997679138 854357403 39050656 986447435
361
605489634 939588343 890766413
828762859 726079573 642427494 803953809
129
550214526 110118372 890766413
949341718 258107414 783681474 559917390
187
580629730 348314951 890766413
851292020 281041450 814673518 960693142
191
410586978 647137318 890766413
731298983 367505272 652582501 542909669
182
654738624 990820431 890766413
976544662 626152376 373678807 787091716
324
617321830 363651362 890766413
855629353 554816109 571405975 946340563
307
843901447 118174138 890766413
802102523 958853553 503885878 931980738
377
164759927 363982257 890766413
657668894 650142059 540405861 359959652
373
978020676 651091940 472132799
377845059 641470915 711384505 615500284
436
116376943 454134505 890766413
89191542 146330961 852181192 544228394
258
692960534 179276027 890766413
680077632 321406633 988342713 533936089
484
153832681 839373544 472132799
683530114 896744081 116400001 269459323
457
250562193 462399922 472132799
497697434 812317656 966943400 475772771
80
739496759 827291743 890766413
425043658 947859137 188705988 984840907
287
447106445 309478204 890766413
823075204 711854416 558211818 542847259
49
899069498 965790875 890766413
499230020 353586778 444098649 204396891
113
340461005 931678185 890766413
589619940 608204493 714861212 916213088
21
935507605 197739819 890766413
953622447 91315742 8376955 678874727
64
476253042 983786428 890766413
755385969 468325190 410314171 845271216
137
19371525 617432222 472132799
811359143 458365465 263293101 439248634
41
26878434 750287882 890766413
769110041 337654437 335862169 690039077
357
553727000 911048402 890766413
904179071 558212090 800219559 196248099
343
652188922 997606989 472132799
962112535 788356156 833604541 611456252
470
103246030 473307593 890766413
358712003 568235047 476760822 961586503
483
373880291 730290002 890766413
921127981 100445061 954718860 30921571
345
829725968 182767891 890766413
872354153 54844799 304660574 472014850
95
6908580 516268068 890766413
773822007 57894086 699630901 720475078
462
448296840 411227929 890766413
116488949 894931303 606910124 495562867
206
572054024 342112462 890766413
616376389 485290749 119086879 915499345
16
344386768 884630838 890766413
454894882 181231229 312631702 94446496
358
971165634 630763567 472132799
684869138 824898289 902102663 58647434
467
458006902 21454204 890766413
203975791 543040686 341400437 885465687
211
906451032 94617110 890766413
324419062 106593060 104170940 960838712
61
625656656 379734397 472132799
647843347 878616926 134537912 290530682
467
250764590 659362776 890766413
687171593 28936861 621183369 93115887
220
460668494 547617408 890766413
120157808 329070056 218566140 902257883
269
42439123 305343219 890766413
975237865 51584500 272596991 507367599
15
821639660 39183907 890766413
218954130 796296756 835861866 341054223
435
672877479 797694355 890766413
443686899 882510078 321662711 33145154
193
284391831 62118461 890766413
461720108 471757143 910051289 800704272
420
724564256 643286710 472132799
974625025 741415440 906120293 572475213
127
10748463 638118117 472132799
530417115 783726005 901652681 440963497
106
987244893 758864870 890766413
372042396 438590664 777604675 254936872
4
224119167 765123584 890766413
710611772 687336515 327505920 262034905
63
914514569 984256241 472132799
5831586 82723616 199900820 901493115
417
405446044 43831036 472132799
271553082 251980136 877028278 643762183
428
495536785 220548569 890766413
660753610 683722056 6349354 349003586
440
895251063 657077760 890766413
434744954 935633161 904027535 224647475
80
509106495 130722268 890766413
609074576 204558000 489379906 402371163
370
419789281 16808073 890766413
923208363 724090762 780142796 784008286
464
344504104 308782545 890766413
748536076 327321263 927696057 539676341
467
488681048 845232041 890766413
791526430 774032760 549095429 375926773
107
98716145 517265362 890766413
249189812 378045858 987101051 291511942
438
313904820 503514715 890766413
32011735 667672540 991271685 887974526
81
389892781 782186662 890766413
803917790 494537853 604252539 48186617
353
760607745 180533978 890766413
367932530 240077679 849269806 604298221
410
380078289 544761235 472132799
716381740 882441707 433666244 170776671
9
417764335 468813959 890766413
362062329 419760720 294088670 223394417
218
139789039 82407161 890766413
865414362 359927158 19891339 354266216
217
90893135 904901023 890766413
186317326 867994040 520973982 567949772
61
372225350 492126127 890766413
799247553 899373105 79762282 308227878
287
707891464 233834253 472132799
494505092 881308927 603328716 703775640
194
389646612 242224052 890766413
666820778 664737021 225155664 599527003
60
435052862 817211519 890766413
473462138 775709394 598284229 334709053
27
942217946 746397024 890766413
361906294 298727001 362574655 606677554
12
709367398 840130259 890766413
454001956 267792882 769922781 748717875
479
305335759 547332287 472132799
470817069 554441583 638357249 901950735
300
450696597 884144908 890766413
337670361 470104876 706326805 417924448
310
324915076 999746185 890766413
263135047 1297772 768474731 392883110
376
881373356 833383229 890766413
513925779 357192733 100361386 431601776
2
834248551 173908556 890766413
992610780 966545726 301766873 252070737
310
874038332 562846711 890766413
296476817 82754471 626681464 424664105
199
288745878 133682956 890766413
683208513 394284612 26819353 860330646
121
624187675 646510625 890766413
445204958 488238043 673344287 529796411
285
677075469 269364642 472132799
256606438 997334879 269561605 117185819
88
629478402 385937530 472132799
876638867 981157791 128117140 117846984
6
232969475 959796727 472132799
684916181 543619067 664177603 809996597
357
492857415 750112034 890766413
932757118 826196930 556870315 748356882
490
116094884 317534626 472132799
867327034 920350362 37695553 61075948
489
609999754 732704567 472132799
364871491 887394615 817537840 444324816
296
35846447 58721734 890766413
687276201 961107071 229344299 772442915
480
540325554 742782584 890766413
92047558 863036247 485198109 258391683
98
81942692 494306936 890766413
757670008 713240890 914710769 247036608
466
100082057 794727250 472132799
295910136 124259318 834587505 619034859
445
765465737 433854479 890766413
105031810 717653050 971223665 30428918
416
401454023 750733750 890766413
386259556 250902479 327690256 337456463
99
322095946 487580648 890766413
649245317 571806526 215495846 920306790
477
497902995 773786643 472132799
754947460 514460545 826610577 187192703
405
85460039 689847751 890766413
131294490 39584639 157873586 894365009
72
863873440 834148217 472132799
441837562 452117893 54253599 769122425
65
237879823 17300290 890766413
417495106 170534767 416326185 89747236
448
411823603 637773246 890766413
55986314 600159754 744036431 254145375
483
611941864 330254529 472132799
72394001 80342281 257820905 724537880
263
834176557 139279209 472132799
781674889 370239308 97401962 28461151
104
186506147 481094822 890766413
693683773 455438889 808158197 44703984
423
363545379 745557132 890766413
266662370 384670586 81701408 251826610
497
650552686 753477519 890766413
117442126 719509975 44164583 29578097
225
618550389 233657887 472132799
80428119 830124448 563455970 190970555
183
809439621 988507673 472132799
470106949 549986489 113077396 641385081
302
803515571 706821792 890766413
842684032 159819883 599169158 509756133
144
560644999 874781242 472132799
524175525 846478047 284362232 570648201
431
20549536 802941915 890766413
944801635 128154052 784682839 959941765
25
641735023 925299158 890766413
122481468 31446456 709058967 216091207
190
509071616 315410941 890766413
296849568 893414342 41323074 754253154
374
707720146 424358061 890766413
438022802 888524662 967163119 284921143
25
876871334 553621566 890766413
850734167 358775835 460160241 626999141
22
667871854 619110679 890766413
258278607 129694423 646095229 619161555
434
249047280 28620301 472132799
934966697 918754382 366357048 799456458
478
928639940 126246002 890766413
949768615 668480163 461056685 376347180
188
23434225 194731020 890766413
438671812 711160208 861654193 259952653
320
549397747 156150728 890766413
582603513 870574377 378479335 756191231
166
88154955 103268755 890766413
839627913 302880381 648005127 657987347
42
359033120 880853231 472132799
840546730 405749578 784246234 97701048
498
951519391 526324884 890766413
465751499 409266096 431029522 69454736
492
52800833 39670393 472132799
442888292 77457025 676866944 60124108
492
892401508 566560541 890766413
697123272 169796076 969503469 429895082
122
582059204 638086868 890766413
444741718 179462586 854223764 885575950
360
947790729 632864965 890766413
745755179 573871397 153607769 58896184
131
119919258 333696124 890766413
143137399 71316652 859077355 901462358
265
311187121 987595314 890766413
740931788 920312174 947940184 739565198
316
656032117 984399769 472132799
297195278 919257736 392346618 941318011
131
589382070 944262594 890766413
677623549 867699817 895895123 997451057
329
388746485 367701382 890766413
104979685 927560965 485938448 573553473
345
336302923 782823038 472132799
279339032 139759809 203911554 855787722
476
465592040 34722031 890766413
576419782 371297010 930840387 829849946
59
982363149 819940967 890766413
153449650 776735067 803784617 605478950
122
542587772 957098649 472132799
663019393 711340117 64106667 146354860
105
91883733 73128739 890766413
202860136 198703381 675229652 995811545
207
425799393 957334058 890766413
224482998 26491870 260049060 519050582
174
756877025 215224441 472132799
101192537 554321558 183638626 428644741
186
22718584 113882634 890766413
385232502 471504443 399299661 800257495
225
303775171 953911767 472132799
943840233 873542423 176216890 917989944
366
542525328 760726100 890766413
911116304 422689583 700290509 881427393
387
449657366 663985721 890766413
404633000 433633831 136654020 636035385
309
624843122 514729182 472132799
397197145 16317085 907506549 82390854
235
419242114 94343827 890766413
302969149 24995201 996862229 112298343
469
876774942 290759665 890766413
354140244 995306034 960182565 385116161
220
924834393 685476989 472132799
374079790 422043551 522086100 344185299
148
732634521 276885353 890766413
604466396 348472526 446197725 761315989
99
611131507 549677204 890766413
855058595 466228051 378482324 641774582
424
875862962 83263014 890766413
725977910 91180967 287693499 816680216
391
903277220 271314904 890766413
436059647 294678691 109441490 734906185
489
221854172 932666381 890766413
276577813 815426936 800430269 130776261
231
19279272 656383063 890766413
498648286 499852086 716821126 446012157
488
899288457 416569179 890766413
981699703 312778122 441976411 968118111
246
983714040 744504906 472132799
336398997 4160909 378772578 706724653
339
408774268 565084321 890766413
280519462 670613732 363044244 962259405
170
447514418 991274161 890766413
553473504 247443381 748572614 328168076
97
813514242 531580611 890766413
822309357 374794185 791128996 781505001
382
203829807 506129310 890766413
647555211 948808023 349532683 64606814
227
529797391 599733996 890766413
463188927 59194523 212709121 197966225
368
816080456 819650614 890766413
51419399 946284927 320050244 750245664
445
166538858 176273551 472132799
173928768 611095088 148600798 748803564
500
122614279 203117889 890766413
684643479 831947596 934620869 329190508
320
492367238 157884636 890766413
645328674 9520906 176346328 953119904
468
529965975 99228651 890766413
886811462 538194415 695585084 397618193
51
501626760 746398799 890766413
140718748 789727734 221554567 543273349
147
729837732 385343972 890766413
133349441 737541713 867256379 356081955
398
940963461 319509119 890766413
333677642 283337481 414114515 42889068
362
75243366 637691999 472132799
720900253 724845056 175555588 183269313
178
518593671 85526785 890766413
45704882 56403035 145431596 112141258
425
601205665 828441425 890766413
80067268 230967101 477640783 712002906
402
832723212 660259511 472132799
475563845 278439610 279656298 537873097
255
162030013 131795054 890766413
823509303 535845431 918592041 997373988
26
658387961 647499955 890766413
196963971 927867325 659107068 696650195
275
133563267 443505197 890766413
480924394 610119541 622882222 777042084
168
791292341 780853721 472132799
230236226 459189958 677379598 906009941
159
210470785 192281572 890766413
647907543 531010109 155479030 101942914
95
690886491 356238130 890766413
39523303 661810201 533902390 539473824
194
983488401 785084412 472132799
251185000 703713665 427177674 876920428
364
607019255 956844319 472132799
238566276 310261521 348358699 602576092
141
231175307 819995851 472132799
449861916 103925482 106412130 40454104
116
986565965 541793214 890766413
912982081 6072282 930001724 378146608
106
695249160 610644173 890766413
726921535 372407606 690752210 752321905
415
985869990 16509404 890766413
884607241 715860259 482005248 11222004
26
680953722 424304702 472132799
866099742 263024732 40720606 921170129
412
866318206 467981927 890766413
791314499 957514760 773473352 992416638
102
817612915 648470604 890766413
760228760 889583117 714027090 3555742
342
787212668 629327374 472132799
312614262 393737427 771400047 645674543
265
520041085 285378370 890766413
399303799 806606504 398878207 885747114
453
803346654 100676904 890766413
325970909 82366565 878238969 873581838
338
634962042 104147258 472132799
855993322 630336826 922248364 767078105
157
831772588 523661849 472132799
715916677 579716319 986640331 771404000
413
695750774 118221317 890766413
260800574 211326450 520237864 221406996
219
886812811 533938197 890766413
631420704 115443688 460065579 764866568
459
158278644 269741295 890766413
166670324 789762697 713686035 95045189
208
597524691 37373148 890766413
509934435 919105691 639779149 550259483
116
305430240 816683868 890766413
202642153 643158496 155986862 559958558
372
185005704 704572214 472132799
724854606 296438539 54000134 329920421
458
798576594 458821803 890766413
832112399 445263606 738395353 526186475
187
64547273 770911806 472132799
176287828 820002606 109597604 597437492
164
822474533 926080865 890766413
257983586 469528941 266469302 971343731
77
30225334 184161240 890766413
378929799 817985584 585319934 133944787
403
679787411 188135640 890766413
783510771 654274683 414582117 811105614
141
997335406 278967214 890766413
426523960 60689466 692527901 639836761
374
457666689 926489877 890766413
206976665 993330342 881069278 542374831
316
937834661 879914322 890766413
260280169 221959417 927641525 2900293
260
225063550 70121635 890766413
49669308 591009674 852721712 8670400
325
963431327 494487385 890766413
571622411 31963768 577883684 279464503
261
32944193 699575439 890766413
939450470 551825240 322596522 218111820
172
492483878 460490585 890766413
957673513 797898034 536513296 967122473
209
411796082 845117278 890766413
873242443 665996226 431228984 537065081
27
868774631 56449829 890766413
884059270 680444124 806534523 746183330
171
530537225 736250124 890766413
967851626 657117866 610017598 898858699
36
350419924 116407138 472132799
37321612 846948811 106163645 545987704
9
70050442 925991302 890766413
40656010 745683548 733351079 460261034
155
109295259 258191956 890766413
806965233 983573083 170907622 479766352
130
896499397 779319521 890766413
966299191 181726694 298635015 863702077
405
955383524 935255072 890766413
82903618 695984427 287885485 934738858
493
926465502 959851180 890766413
484284475 618954235 533232282 231362221
445
539393103 93737875 472132799
202008393 633394381 1167645 345515931
329
717057629 671036952 890766413
594486772 601088103 791114269 307829871
267
389373298 664108818 472132799
891790204 462275472 713067464 935968305
481
265397911 643406744 890766413
79799935 773553980 997037321 343470086
279
513466406 95114651 890766413
404301687 916119724 284830764 957327488
145
395949354 202548605 890766413
886029112 604580335 901397084 37853068
21
961237410 744463034 472132799
365114062 136908714 699728627 30619564
177
776941870 276783930 472132799
659929253 381050084 603045596 77585229
222
999428804 475484584 890766413
269557789 274050187 210361272 702004485
89
378320697 550196419 890766413
540149177 876657650 119457303 220097954
368
272096228 434572666 890766413
66305231 789612581 217346827 444125998
195
240165083 170999962 890766413
434227963 217287856 306538286 313014652
158
309169637 679461336 890766413
420846772 550417080 583939811 984892641
239
350568021 893437103 472132799
241834453 313200189 523708571 718665248
198
959394324 372547237 890766413
591208241 545975561 837441445 152027409
202
476510770 771161743 890766413
410326938 901204282 188845981 633854792
465
424810596 801046797 472132799
537326039 391762465 402716080 339774073
223
344999317 666045941 890766413
319664470 438534968 660306567 502102218
9
497563303 316247914 890766413
510686939 34462569 747175371 855543717
310
925658183 927923332 472132799
992303051 942100603 704648582 182258820
240
939799376 609874284 472132799
666048426 653645795 37031695 215228123
295
631149828 633794937 890766413
250606899 692997488 132625931 459122708
136
627506269 151632527 890766413
396273751 130884908 515955863 166813581
63
358833452 334380040 472132799
20720835 421734886 201501807 175898785
292
205339852 835716797 890766413
978956050 992835437 707350216 564703756
193
905930049 241489405 890766413
714955104 248072631 622022082 777224522
183
89110278 918178261 890766413
56000745 893613593 249049136 172133545
463
361366276 417915662 890766413
535364961 562589442 998303084 247250073
444
783477822 53207691 890766413
160217303 115106317 725312452 683804575
353
421922983 782432665 890766413
104460654 45929146 502717930 31573111
148
232586942 371962093 890766413
870874802 163030647 960655025 34229323
195
142545633 321408237 890766413
424593891 606571119 345680194 799099271
10
654963847 974505512 472132799
716498465 557976422 423891715 45569774
314
109250812 415489603 890766413
571123888 814427801 938194631 398343646
220
295752478 505156972 890766413
638652357 572126216 296164666 18319981
196
962192023 826645740 890766413
786873005 724554686 156837095 707146339
120
140236316 930955664 890766413
691113496 393999445 973030377 285315719
478
903719392 290301502 890766413
677156183 319299686 513542303 680835989
414
918278696 710495109 890766413
857546463 996942055 421837620 870967914
51
64145357 19864052 472132799
685634084 929688798 179061824 595149487
407
454168084 230945945 472132799
784827004 586024284 818151195 782326366
14
996216180 867510425 472132799
466936764 904892736 515927147 280759251
176
214271845 222057604 890766413
347806433 825213578 627821629 198064498
317
941087643 624042795 472132799
732652113 13961250 941627020 980169908
158
938192827 236072793 890766413
845482441 74222160 887120184 535585316
245
79607461 36360507 890766413
437772419 672229929 608557483 512519875
364
835797246 532215764 890766413
568573081 109134475 5065594 564902788
293
707917763 203102184 890766413
955470216 184199511 516382951 383262563
132
552635055 153045861 890766413
909075397 427615508 176777595 70073369
143
85976993 943118678 890766413
596687506 900171802 978075064 158204924
380
360384189 337858359 890766413
921794115 264028237 207847944 193329415
498
470621082 595177667 472132799
299933221 909014093 856679773 936630756
242
126180137 718062912 890766413
786006278 371801783 449051389 999652405
118
109514431 201769693 890766413
989558509 374534560 998538078 107981611
64
142284698 302011896 890766413
189910432 918329549 929719554 293730480
357
940674833 275046312 890766413
513405985 721113467 520567070 130821596
307
228052409 963489743 472132799
117433533 759846634 416526148 588317240
320
801580515 463859090 890766413
990615111 959951560 677217968 223956313
255
593369831 224877381 472132799
855539241 558545480 844180699 805738598
465
79101742 259966339 890766413
340795518 246772153 951111957 473220599
40
37779432 668630229 890766413
954907710 783169631 805409292 677939098
64
482225704 504157379 890766413
842293616 56224330 669563023 678387172
459
423845468 143833636 472132799
77047578 795865052 224857337 932986979
122
780776317 965207462 890766413
332618755 514357942 964610455 942481937
120
419105135 52003707 890766413
306973955 736938848 403898982 612821373
326
398613579 888210279 472132799
419219256 356844714 15303735 784549020
366
399046190 512962767 890766413
813647847 413622894 8623625 390013589
333
722937504 534935737 472132799
197818438 909978841 360274091 22278157
242
201492208 899588109 890766413
768902832 979582126 480632244 923699364
336
236750427 259464910 890766413
406830382 938534157 724971319 642043398
353
37652446 150952433 890766413
413425938 276163869 511749431 930606703
62
193528317 509123321 890766413
361493232 292672039 830798548 479296228
429
398242899 364982051 472132799
689576318 7744793 26513005 109352008
189
411353501 436555710 890766413
734623015 94228175 632638840 4103282
264
766640614 189029286 890766413
765537493 878806920 745767849 294523800
442
90252410 929677076 890766413
14099527 566600325 336781089 461774589
102
815473433 704632251 890766413
574500311 138124234 792909005 781243171
449
227967374 724644819 472132799
569040895 540150297 686708599 467912575
119
155378589 771172192 472132799
129407517 691698381 720417273 18285811
391
983141787 631112121 890766413
613726338 981395485 221865365 482586157
462
252283751 80736282 472132799
470986926 568408090 678580736 889558281
156
431813364 189332347 890766413
671366941 219256225 172412265 948178666
172
41170873 109223886 890766413
52278034 25720135 727102050 844127785
418
885944670 123396799 890766413
334270676 214124575 723950154 666279747
53
460519917 18803391 890766413
379746636 885547769 448963909 839810868
292
187022544 887029796 472132799
259394153 357649495 744171723 675826761
38
853734425 865620276 890766413
859402822 272836406 329517041 440884616
176
454585135 244564410 472132799
977701326 68117804 435919179 183083094
1
107991817 975670099 890766413
617267463 716988133 197643801 229928479
218
731938829 252878655 890766413
639140324 168544362 238636761 657202388
329
478978829 420868582 472132799
688271999 457694657 543750319 228494110
235
598358464 983038309 890766413
239979094 877870817 619082208 127614986
198
879527466 272959028 890766413
260942586 576574302 874337647 759312404
118
301046750 638766874 472132799
126885692 141069410 77777837 552426927
167
498928891 57467430 890766413
868777798 675822090 244620997 347015307
245
804632798 287338248 472132799
473740437 935022049 141458334 642294866
104
712834107 689907195 890766413
244863512 613652107 592306989 294210502
217
176771301 92483025 890766413
187433804 436394599 91684021 961330394
159
476487299 704074883 472132799
869826682 563074798 686868757 470220242
26
254490540 343950970 890766413
417519371 697292239 663225399 113922510
477
823618479 260055465 472132799
993003802 720255721 204745024 899896066
466
74118037 199011250 890766413
691614643 270923853 916463101 85495404
58
839254805 145786730 890766413
862998781 973634382 497585960 819674892
450
951350998 304665476 890766413
926119486 318377817 585988116 319845247
198
993123384 83758467 890766413
890260555 255784103 368048656 731041002
106
454038069 543534207 890766413
559195882 64577529 873920742 616669203
178
152180282 36469974 890766413
92879525 647837100 872903436 391741977
452
901952930 770855191 472132799
964951206 611965584 803246293 486231432
110
260297078 55978416 890766413
633767498 33202820 681984711 817621656
123
575025783 546267690 890766413
964037945 540081375 848664678 215792145
112
483965331 670626057 890766413
974183971 680206852 896894846 861182621
430
67782613 810480564 890766413
904039775 43010820 351885858 387501021
452
544419549 108744041 890766413
752568203 905545034 239190326 643668353
303
79525180 701396291 890766413
762383401 575025828 700804029 195246597
137
566248946 489350540 890766413
296659693 982644018 976324324 825747285
488
231302356 893003972 890766413
266690447 854979675 250764963 998449375
82
526270111 478976048 890766413
799935472 811765930 545814610 319399679
249
403851615 819131450 472132799
586260468 819953719 290636964 690844015
200
43538355 896570379 890766413
315481571 181110390 127351178 602047691
88
758705061 600368421 890766413
339081953 718394766 479281773 138732003
287
150833511 122269021 890766413
704430659 180420019 449210656 963559160
254
891778163 63953498 890766413
749167661 476717117 322603136 728519368
109
962865847 826918714 890766413
988480019 359928220 486599159 435079952
162
693061408 322897469 890766413
706741410 2400107 809333098 452996076
123
62866448 417221779 472132799
21703554 337105471 652971049 825679123
192
759387047 310861656 472132799
700293569 892158722 911784693 19607452
203
575917251 640797636 890766413
660451559 153946845 272804285 762142476
37
59082431 822574204 472132799
800608193 150392621 619327057 669789152
488
56128677 731203480 890766413
357528001 706743619 725547695 176115693
376
54588664 532364429 472132799
327727730 213865729 398585068 885512504
53
486944537 269727601 890766413
460378660 901700966 361425020 381680957
255
630745255 651775326 472132799
423339241 405757231 189290577 472006363
232
288578228 133635423 890766413
450536289 511418011 401542770 599346409
119
393922980 338914592 890766413
584022213 870893838 225111291 269031630
409
55303585 484894913 890766413
290232143 721406340 386930896 384023332
370
321371301 399459929 890766413
175078792 941160327 195465833 7625255
54
735445106 674216266 890766413
149620043 903856155 240237980 443623386
187
625995557 811331914 890766413
931091784 883857239 748214962 711366282
187
849284170 94889268 472132799
613332058 322412830 761877511 10614307
341
112946759 819832830 472132799
504957692 628384891 123655740 257571075
303
22300550 737381041 890766413
185578874 338413901 302916376 273449656
382
360015199 194488599 890766413
795053126 930751978 326622555 720358410
39
943837578 14099185 472132799
171326654 555947709 906134596 243041398
437
576230352 280200775 890766413
283593836 306771541 707782993 700650040
461
559115693 322680416 890766413
578332633 135876045 52701412 992526192
439
106894712 919756415 890766413
228795713 798176709 888421354 51465911
230
684701794 326021774 890766413
324107696 948313495 719221937 847296679
104
681456415 474221560 890766413
444575475 994314496 693490012 913782483
471
693883969 469331447 890766413
22604321 511329128 869068271 15617010
99
150069939 878259656 472132799
814274572 992471889 247893523 610946112
163
271993485 149023902 890766413
339646400 762639298 491269599 267971249
45
746188806 561291153 890766413
589340141 425207244 14788925 812221483
155
554329921 878482151 890766413
341714062 246797172 145479045 467682903
42
157293586 406216065 890766413
530871987 612605590 443146028 487101255
375
693697180 352589292 472132799
726258992 125275751 483319981 622193934
14
925172428 351605431 890766413
209195133 185499332 830048036 478379492
463
354591264 566404047 890766413
183680179 932703275 619971582 55344947
166
659209625 561142750 890766413
472153240 666610055 908849019 371594318
288
641987781 408717367 890766413
152279183 451558808 816305294 765963467
394
584269503 232153160 890766413
269126357 835370109 981144290 393693077
486
733081433 677068570 890766413
321799381 214025830 754526276 122590453
264
958213377 329586979 890766413
967290036 728381049 518609382 53323137
48
427723348 420336941 890766413
301916109 965725085 917729809 15566034
249
395706461 75493587 890766413
772778710 52103463 690163333 820178342
46
995977601 917450755 890766413
422553396 860228466 274330847 963638672
384
541856640 697025238 890766413
5567999 926556084 727411066 31586999
47
255769910 131210944 890766413
891336244 286228339 881384454 473380812
223
925078181 357267874 890766413
487533026 743518854 192538220 95511
139
993645818 534888281 890766413
513311105 542007859 174478948 14449377
252
651557579 893609268 890766413
395729573 296311806 983870547 851904682
369
328052202 562340992 890766413
779401876 568493158 993811190 834083788
273
456686325 733937066 890766413
291595310 165396912 541226314 602422002
208
647391729 503845864 472132799
724001140 890821697 298000437 802812936
493
222182730 164904385 890766413
933734879 773946724 894708563 954698420
434
310628083 166805336 472132799
186621564 242049044 74758912 738585044
43
520245311 815052189 890766413
408200079 658985484 263789253 271349649
93
169782050 296110848 890766413
124802431 30706748 684262111 653132910
422
981566998 452608052 890766413
507891518 959902584 172364932 715888162
277
328771929 71829989 890766413
450192761 269985540 843732497 867519403
109
633987553 275682704 472132799
225133292 869616900 906996187 71000075
153
341957764 553523934 890766413
414400456 372193357 537774375 589403625
49
747676122 497712130 890766413
620734025 394308736 26863600 879538646
103
454541091 670749858 472132799
29380088 566715189 720066373 370946217
326
584320521 300776738 890766413
593785669 579235119 165354976 958625920
310
466672167 742781028 890766413
260406620 196720888 94404596 858210826
71
683321112 415062793 890766413
322864604 311060090 668639675 807331913
306
749808203 120792523 890766413
982468096 706051494 117369775 7808999
282
908838314 572643594 472132799
745192512 586114427 46185643 578834356
230
342759079 680061285 890766413
837273041 214158200 279280488 582386142
99
806107208 871957143 890766413
466293553 474837795 402657704 393521889
325
702458846 495092488 472132799
592491341 847786268 235087471 843289087
325
972205105 607396474 890766413
798622426 178683731 443829665 951684121
244
580229670 629449994 890766413
420701514 952911761 847865690 20423284
412
690462609 21359296 472132799
972667834 105335388 291443247 929791904
72
946011471 524371575 890766413
630014871 128708181 364370269 278798318
375
288142912 419209056 890766413
160420641 698607161 925637905 890980801
398
683148423 870724324 890766413
547285417 942125237 361760102 171365847
489
963474805 935562833 890766413
245643868 927225640 458485890 658561038
275
806191270 966053488 890766413
498098278 536796169 680923041 412668997
336
588197941 531759555 890766413
556486698 177669307 222414580 366391953
