71 788383791
676853103
273253605 219409140 510203327
162371834 903154801 698129126 989664407
252018866
59547060 110843760 122448989
219018247 840248644 860972230 497943937
142917309
165691267 64581448 510203327
115065252 983698599 958496618 598730052
814570010
6 5 11
896801949 752656063 364993123 422272670
10967128
168902631 315391618 510203327
991498124 422414123 156458711 983946743
627132677
273136123 184440264 510203327
551615043 271278845 839335466 898745828
105373430
28583964 110557159 510203327
847536732 149478110 667540442 384363761
769202012
34136075 275612120 510203327
976730755 191356694 182010093 800007573
626088575
119317529 62787907 122448989
650093164 777890278 2820570 257457516
757859753
485702891 89444705 510203327
74379631 395434313 91298883 321200783
704544689
337307482 225607341 510203327
538319943 861524237 235709355 890012976
433208215
103642475 50128728 122448989
278995924 509151326 16867373 192130236
578458249
12 12 13
351639274 846505113 914608902 786379088
737630226
6 1 11
54597674 195520795 329907396 91590443
354895854
203343231 201923289 510203327
269411515 345028844 535118356 904198720
431523147
0 3 13
315877328 757107253 223610217 634115381
702819441
12 8 13
567076867 851528308 343879967 493517268
477315997
497010771 266648783 510203327
630431583 405177766 830020737 700703156
32736493
2 0 13
794610576 159291300 237482646 467136683
748000825
1 9 11
884073163 82047304 399238457 564004053
48060302
4 6 11
871688193 907593555 445926599 925373146
878281642
37594225 69104538 510203327
992352021 432006575 824115991 20577247
232766411
385033172 36350878 510203327
411276887 181840798 941860817 456012427
977191479
0 0 13
63904198 576840453 523492358 768405598
811329508
0 0 13
558636178 844834634 753875863 948772831
479390843
348188703 187755628 510203327
189867889 412237191 737229461 587046298
136646728
0 0 13
164769517 735246371 289269799 48224817
829295472
0 0 13
628372026 778486585 227467946 515061677
559208190
5 9 11
85637208 406132063 107607286 452781508
169512798
98078099 409684062 510203327
728279445 706499722 514750174 134229825
119747997
71173310 95035369 122448989
773877575 79889254 253342739 61726678
471891405
0 0 13
791881624 414102544 378624047 741275280
566105430
461419176 200987726 510203327
317798702 385359093 78352836 208326240
842197675
0 0 13
58354060 279623817 425287251 717790078
81093228
481221083 105429049 510203327
703365198 148893734 871629162 870662549
285477886
0 0 13
582071155 87541869 205472857 543691554
47982647
10 5 11
529572603 512717165 905213570 548458992
144322703
4 9 11
180648914 67314041 538838093 405269584
394533265
427037971 122279248 510203327
255581173 113625638 78461942 725693715
963030581
208182222 185003053 510203327
243562090 663582026 738279383 276824792
681420606
10 7 11
248704570 807711436 151423140 5345486
408119
131724210 103772815 510203327
683998532 466787205 377191714 284247404
503269554
95107566 500915577 510203327
846335456 792398167 766256170 172456559
814880755
10 5 11
489994396 527088707 838824209 671843364
995057228
75929419 27248219 510203327
153460329 816947130 931508238 999340713
600191886
0 0 13
551026094 107021366 57102337 86989309
566892678
71335581 37716415 510203327
188309971 856392420 481943903 981957753
802815112
230020413 159635555 510203327
152422932 72307598 468151471 543678484
247785032
0 0 13
508233637 644774130 234076902 84142353
184667468
288875219 252452459 510203327
589186776 601508826 371824297 466646806
254739649
447230522 213370221 510203327
21940808 759557886 70755077 770231532
405340176
10 10 11
951512550 214261645 228018196 798147862
386901844
68306186 91944255 122448989
700380519 312552823 269821885 898597064
181072568
495487868 148890721 510203327
451447572 297814182 308628471 47642886
40675541
8 5 11
585309971 125521530 545246447 428886939
434150902
0 0 13
327045068 132656653 211923272 742208274
23822446
26774072 78980694 122448989
1519027 940490741 754920851 959552791
322623279
65220311 106225587 122448989
334823670 245393483 706711465 755269293
367969146
0 0 13
748397587 184104126 369225941 662041067
270688486
180533888 351017441 510203327
543591637 394536932 281605350 124006922
279526024
0 0 13
523199629 631487053 708131325 967838651
900242402
0 0 13
84718473 165369924 772644014 614168989
803380272
0 0 13
408168296 62815139 929130348 28659037
588207417
0 0 13
988185631 945501394 816837092 636882058
434938007
354733494 384139029 510203327
478442337 423036702 726940428 268556820
218941019
31300216 192133792 510203327
378555659 715996051 281265706 944334267
718520757
4 6 11
350825717 791184497 109402587 119090647
798833888
0 0 13
997449355 469911683 144172765 633279493
751267709
0 0 13
819390755 454726747 841399640 19695397
975478442
1 3 11
692353678 831300354 458019467 705396696
246423376
256909532 204503763 510203327
986998359 144032778 558938142 668177703
