500 816146417
160
857756536 231560591 804294253
547672192 610030357 658013716 119444078
166
957378720 360528 264284790
146136801 183878482 568558909 32058825
403
202929446 59782276 264284790
647221025 449978865 446149601 701507984
9
705862850 689330957 804294253
680073931 744609805 937607472 671715437
2
400418479 646238785 264284790
515798211 811887707 975927567 361967239
452
158656084 991075193 264284790
958012276 143329787 244217817 939232041
154
541486275 303809438 264284790
721482499 440758992 722062465 968666571
264
541917770 316180012 264284790
874264935 270444996 479076048 54950721
334
170195998 896630245 264284790
541087534 28171771 930061037 643066455
456
216277459 279824841 264284790
812705782 412538633 936220132 785009968
124
461684868 431422912 264284790
897567905 632316180 516658428 534956553
352
603976959 886279092 264284790
403438336 907867489 271619096 370608348
455
106578085 632431950 264284790
321937256 904740789 530087049 841668510
63
260328908 514258724 264284790
116475917 789890702 341030223 266383002
257
825734148 166200659 264284790
91490698 837446107 813188968 256060802
187
795801217 265089740 264284790
881406552 844560115 226003094 494808519
231
96124447 234973013 264284790
136644174 634806577 13446376 675549214
29
495101150 635022960 264284790
248924720 62790467 248742108 624145973
40
885642616 575261415 804294253
250009433 221440290 881066532 795504736
390
459402614 551850564 264284790
651055467 155482441 288134557 46640707
462
22520499 171382454 804294253
942382827 61535592 651252879 178075074
478
885822549 233475786 264284790
780776738 634341245 920805287 719258584
8
904196604 254739938 264284790
575687806 861618014 942233463 15697013
298
845266549 993575020 264284790
318210212 968618080 939504169 955296686
440
863658634 880731273 264284790
235405470 441930551 712192428 297294295
9
432644993 116799472 264284790
436315447 583751967 30074825 251793235
497
783356896 772228243 264284790
575792132 227639126 57122783 36337358
147
23528121 52179328 264284790
839024323 858525516 443438222 213689516
332
400845067 358656063 264284790
246539237 207921434 382745035 809596012
368
62012320 157339896 804294253
715011441 880935659 685079317 878752967
274
100812222 624273679 264284790
878929617 131043161 799521808 276265142
15
878995835 283912591 264284790
912302704 566307105 375221548 651478514
183
591765837 816618817 264284790
112234671 532994662 802505157 822187841
168
733899343 127067460 264284790
194606268 410783733 103234408 757392608
481
279043784 978266165 264284790
114541713 916987101 658952238 372919392
95
623980991 69942550 804294253
21469494 743863322 282650652 57723547
183
862265435 220263279 264284790
309446757 106721131 281218171 134447360
453
927117271 306307258 264284790
227385199 79870105 618178465 604080656
76
765109970 511382691 264284790
503805958 264079623 977584455 21515464
240
467779489 295704465 804294253
494610044 797298142 661824039 832405699
387
313326873 181111912 264284790
328012694 426385784 996330425 2365585
22
383177820 977232987 264284790
953017015 89885784 870859306 627882568
392
439906886 946085568 264284790
602181222 867083596 695749855 46972244
99
934937876 821307586 264284790
658390577 139060733 632344754 30272372
479
442321817 919519449 264284790
770484991 958453554 859211809 834254257
396
4533824 744185782 264284790
117014094 680189140 595005832 800409248
401
399093286 906558880 264284790
384666326 142758281 95274185 475763814
305
385235726 297315818 804294253
208753180 560420895 697564547 852286836
330
158932140 233219818 264284790
973395823 98448139 396652258 145371293
38
667679783 544720134 264284790
895977894 47037732 987025951 409727069
46
229042269 130200091 804294253
958590986 823775524 529104375 965337052
33
506673572 398686147 264284790
918178565 836321380 381675423 784504052
32
111204135 716517481 804294253
503110360 750808054 758328401 942505646
45
28818972 882287451 264284790
913766723 353652796 147788657 400895121
414
145011813 153997355 264284790
372850444 731425973 273781982 313689203
135
613214481 133792277 264284790
426920438 740878854 593080600 514684176
55
995052998 970584302 264284790
739860902 723417998 505175026 513667233
365
787335040 258260585 804294253
935122417 565763173 887866378 312029403
292
929695595 216067552 804294253
923485402 370283918 153906755 536773618
125
542071004 776043994 264284790
517680875 270562040 107077134 488103979
385
440160988 696231174 804294253
217564021 475002750 482730705 736662927
323
513802740 57848970 804294253
988243856 267320301 839785595 11106695
179
310717717 209562191 264284790
542355357 785306506 476721524 24499923
225
563408238 348215374 264284790
592817186 620902020 765824288 457049093
124
472373406 29204990 264284790
207116478 648097669 706738648 390399400
301
578053983 131500588 804294253
668329576 716839229 868452566 908932389
315
6667290 492717260 264284790
818410149 309526301 688223868 32973628
262
608590981 677211476 264284790
136114949 467129466 443832852 314698619
48
901843561 800467333 804294253
605687869 317249344 51995567 810554523
298
623778053 544641189 804294253
458611803 612828364 400024965 127174173
98
168842289 678435060 264284790
118751585 260591748 69655115 139753860
88
640150647 424953859 264284790
531135693 19988161 405073669 418916526
417
41664119 230361847 264284790
632239635 101845902 398269253 120158825
378
435687903 771632053 264284790
504634677 113355925 282070022 307116149
29
385192115 574475345 264284790
408546299 505239858 120910659 507306766
288
674986247 686973769 264284790
684485666 175789949 284734605 103830007
139
765985963 452236885 264284790
375115011 205751748 531724680 183546747
48
580277652 392696441 264284790
823130072 882960830 767204983 550176785
24
211854076 86552559 264284790
944529735 808515021 148747320 465049289
6
108293239 793600810 264284790
690440990 581455431 802561288 779181868
322
115180704 631878388 264284790
189033672 668607762 776890267 176410352
76
319711276 634273588 804294253
329162261 346962888 426786377 780630582
292
460147281 540306510 804294253
975286406 144308326 442371842 682025399
87
728312987 99208849 264284790
26350901 520980438 180042910 415027197
380
753812526 430618281 264284790
14446149 430674714 736267317 712955617
108
975883241 101565814 264284790
649287955 778647623 222968044 304123483
338
217570949 988113693 264284790
587290672 587477087 170985213 990336554
401
518742147 466556044 804294253
335964585 27490303 343118071 592163482
157
366645234 515100578 264284790
873436373 62957160 802003803 645261190
204
269959090 624235631 804294253
418957126 370387994 669025979 72837237
307
118816563 842357123 264284790
72853801 48938067 491670209 159320608
308
723966908 683708788 264284790
883643108 102778461 782786044 452399000
209
820438437 42940845 264284790
933246354 406943749 756967326 42077295
70
749908477 210051548 264284790
710694694 548362975 240105097 308625500
175
847812258 924729205 264284790
766646421 696201814 78869818 73673476
64
77015549 203572015 804294253
188353498 473154274 218984908 75169417
269
776190990 146965199 264284790
333983601 951383982 232299789 139249938
462
161169169 534015567 264284790
353446454 388632753 375002570 622812697
311
90763403 263542628 264284790
919990522 118628858 852037276 398885362
140
116309119 304790907 804294253
744462061 231463449 989215699 153223989
167
722150459 275599298 264284790
472764893 129722711 201675435 595137329
369
679195769 81635406 264284790
209246073 418884831 52718004 498747971
196
365361246 688776180 804294253
834717594 655056509 277323988 564933461
430
403231992 454148113 264284790
978211668 969640682 650694761 818121434
457
399387781 754337839 264284790
322614312 819952834 269917105 177140562
105
406066940 277961395 264284790
937666632 85458023 379624365 114951657
464
982940841 873213501 804294253
719374122 373114898 647087607 385091014
487
782655898 104391564 264284790
861630984 14981109 991924900 840084560
493
405211460 574990422 264284790
366326970 659256915 615934595 8071243
280
693980127 107355680 804294253
804552113 859566713 295743525 493610897
346
129951292 93356269 264284790
574264399 469906218 576320979 689129585
45
20112666 601897888 264284790
919606228 14237656 299175446 676931621
433
670039619 230721873 264284790
365974472 474908347 781262413 938969605
424
202591456 376282221 264284790
175099618 378342868 243412828 809551045
269
242614918 858741586 264284790
247652840 66724835 957580097 663694657
209
810519185 922086186 804294253
753648257 701310806 712970218 958211748
21
354262482 858049437 804294253
987425165 450324632 629832885 914250606
75
98401842 956587256 264284790
500040887 440435163 240581419 682578082
225
601058391 715306400 264284790
346568300 789001414 195904790 389543960
264
807206508 588928413 264284790
201701886 396780031 856199137 691659761
251
106641645 181775002 264284790
599317434 317952970 416420 583136531
240
307834251 587980249 804294253
110920177 689840255 905581938 258945794
381
373665974 822659056 804294253
965045409 455248453 243637211 789627365
105
354147984 500530418 804294253
507861691 290944275 133748833 325687868
298
766182026 518953924 264284790
271723601 605363414 147673585 341318486
324
10450615 35688701 264284790
735395329 24972087 752199376 234412753
13
530555812 223879635 264284790
803280402 71848363 970796749 552009284
284
967339159 318678393 804294253
617415544 207855699 737706685 459059295
229
191763399 228146707 264284790
111483145 907969444 58568248 27049035
219
905986127 359026921 264284790
700063110 1858863 285379208 261749896
366
606173973 114026509 264284790
616772873 433637355 703037186 736249690
37
728092080 416044375 264284790
75973964 848913203 352064465 972528282
244
961077370 113026642 264284790
371725141 155212541 97001142 808201848
427
693319202 384808554 264284790
523812438 891426515 689802556 125217703
337
852149833 228865138 264284790
14519295 74493468 751935336 551231050
96
691433822 304622931 264284790
13185744 398596485 946195488 960576958
42
35306914 636730272 264284790
746814321 791631046 737167407 222873300
474
695068229 300789247 264284790
145709138 503143088 395796753 214659875
137
47834585 559979158 804294253
622502618 768234068 166198687 82230360
355
308463239 385099948 264284790
213151078 539854534 122061804 786992184
431
600102835 42511379 264284790
464019314 97632225 968053761 671656326
148
969824612 988319195 264284790
867431977 271100670 319638017 771853642
388
704706190 438724834 264284790
541294946 843108220 620602877 833346525
20
906141584 310976576 264284790
302032462 399481537 390629097 763498436
9
597470272 672855551 264284790
886180661 534043199 448378781 779339674
204
659942088 549464955 264284790
481332272 918240641 527084874 523341926
104
433589908 712741729 264284790
148955493 296917863 802656598 804442844
308
220823733 569974257 264284790
317829389 743762812 55506899 932261598
246
460417168 508643522 264284790
368282988 607693482 654516886 802082460
414
57623642 575711808 264284790
263350638 193243995 691742292 341697868
57
577197403 143091776 264284790
283215775 314044376 579436839 661074090
340
232886599 951531261 264284790
301280827 184206817 100482379 531530427
109
336153620 318189453 264284790
169690038 734568742 898935648 775785975
282
758786376 3062720 264284790
417414533 764429681 460108447 763049144
310
859476035 160637585 264284790
58529313 566490780 923079020 292157321
213
324472879 317101950 264284790
459026055 849420768 211509696 997907710
23
120398266 128696385 804294253
857070436 213427736 656024135 542409870
36
354931858 61222131 264284790
332361512 839402660 326737181 821075544
36
303774028 756675844 264284790
681980010 733664560 371475426 321251980
236
488122037 431346636 804294253
756201436 996624995 154505397 242593723
430
919316241 896462534 264284790
147904734 460448484 792625970 389601817
416
659918078 553840783 264284790
629534925 735456637 562576973 305500840
306
58847519 179621365 264284790
412321727 810983798 599361597 397097952
77
914775035 680747255 264284790
86299007 809302326 705721585 641669419
213
573223065 537271942 264284790
787345404 856869837 753257307 374618558
482
963727203 855641158 264284790
486677774 648750108 933533170 628593816
221
442522469 773611331 264284790
467916673 307365995 543256805 223610230
28
833241873 303958586 264284790
194438591 238603689 232043084 852124546
121
735220221 785459728 264284790
165002433 265481890 74428827 239721803
197
252380811 523678733 804294253
825238271 813202723 426871508 939402237
435
418382377 890319655 264284790
102730478 177224229 742432085 194694404
365
669552734 607184057 264284790
663804384 803402394 542819092 321950483
378
957808209 925944943 264284790
466049249 282872986 648456368 661220108
378
223403529 387288844 264284790
958418351 494882309 403534730 932468065
227
274678581 750158849 264284790
343877825 117133228 651144478 58642534
174
294983355 255026201 264284790
684873367 249278783 94652205 979924274
199
90461469 719025899 264284790
104966052 185297321 411308519 343697008
34
743153778 587205715 804294253
300900997 799483267 946529432 58384399
158
231114725 110795022 264284790
749838169 260275855 173596975 87228663
451
374476336 739405531 264284790
443448350 217098550 15309388 204629336
127
973500777 722317840 264284790
329708831 840303756 240448783 199431031
310
277376211 128015098 804294253
252215996 88372639 875041603 714826103
168
174015532 861998497 804294253
377030126 396301540 800329866 163058684
42
698283668 118104127 264284790
469856255 219279914 326899434 299114541
392
92159102 139651184 804294253
544451596 719311897 313255017 672741569
484
691030405 688917525 264284790
646624050 647629928 658486607 336208740
367
823892750 488887362 264284790
118430085 6415675 299636452 859592487
254
91836554 756504063 264284790
170304203 824313702 406269158 440050423
256
572597706 348017099 264284790
642376443 487112802 985743534 520481848
352
429728182 695428054 264284790
935065997 725140721 874043645 987540205
271
233784665 722771751 264284790
687659689 447085885 754848106 382380513
369
562051566 13922746 264284790
692586393 29558351 697199373 776347070
358
959819248 143187711 264284790
658582670 421461961 51783240 534227627
28
312258506 230219776 264284790
430862825 636759596 508751303 882001661
41
448855838 154591966 264284790
405790325 632886400 551673921 859474000
253
579637438 300805287 264284790
366377911 862013688 665409322 11010205
500
751949647 235825895 264284790
349665180 183873931 870576205 412239491
167
495341784 492574548 264284790
614665377 101062241 839147325 463377908
219
179224491 309255020 264284790
675132241 749280696 138839646 171121142
321
117750072 819034288 264284790
28472922 669184392 992610811 315362404
355
576448657 792372940 264284790
471083810 944174022 675921791 24661451
138
995962242 890169941 804294253
852127179 206367 9727010 265785066
153
821948775 48840961 264284790
877089073 952395333 409664910 814084562
231
933290399 970494700 264284790
55230167 924010518 152760071 471921063
217
805657333 442642747 264284790
353210021 408195197 661604065 422075245
183
191463825 154545087 264284790
668286970 982470630 589869203 972642107
372
26819944 710938659 264284790
652361811 718705977 800837606 66016518
312
989677978 705681247 264284790
475821742 908519354 569307095 735582149
119
892194565 828756902 264284790
79291781 685749514 324978 64529343
333
512128900 820945599 264284790
529862580 620466555 895173760 802445700
188
87861336 543049301 264284790
172256383 91364855 316642820 434134572
127
684069940 635915491 804294253
924430270 517426168 838674087 802679023
158
892565503 298082222 804294253
268354234 25421113 388781934 932580121
225
942929559 339035615 264284790
91664303 663144635 43507510 940290520
280
299905055 860987817 264284790
808140543 170807527 787731390 499091186
455
840124286 852724792 264284790
115312355 200667216 292786027 347877746
362
539642525 219917557 264284790
112479038 73142869 260479447 630543697
201
176572740 947065584 264284790
59406503 845814526 198601459 107607227
83
278881719 147383778 264284790
219380427 362601009 916916015 988661930
230
461767442 200486712 804294253
374730297 655603210 809041942 217776644
207
468658725 215277934 264284790
659142438 508232721 623987270 377512800
179
100541145 264549170 804294253
873532893 247969692 96051965 98584342
475
686295040 555277572 264284790
317050107 805438507 926721567 241243401
35
876515858 809663127 804294253
149929796 985304635 367734860 72333971
323
406040696 54436790 264284790
415205456 906850262 509330801 459588490
361
406294707 518963280 264284790
671688275 666121128 457740799 311841371
443
917356385 296427121 804294253
119506116 592337320 266577741 135104867
486
345740730 670688422 804294253
567488666 814074290 410155911 319922895
490
105998810 234682752 264284790
515377447 224706685 54077045 886023065
396
956445537 473368082 264284790
976903194 219858297 916108629 306048323
473
503709940 808269719 264284790
228124524 122866278 986896110 285082100
451
912306584 575682137 264284790
687216944 519388776 203349418 158491859
19
939110705 10226743 264284790
515487612 869196091 131011167 622283545
104
700139071 612209795 264284790
78932848 381404588 875577524 399359044
304
259186577 67563551 264284790
337377387 623534179 970410325 44031894
155
263953253 306256400 264284790
774422196 618869212 587046548 102744337
10
656998721 955062247 264284790
590888434 361822758 318894973 563170457
362
126809959 928265395 264284790
198141466 647886948 955281464 27047623
90
855421390 690235255 264284790
758735822 998875974 567620642 259473505
272
400411556 987853380 264284790
949814167 975455270 812611990 11663000
190
394971942 649183342 804294253
638624383 217405905 597517297 23022576
378
784984768 692203324 804294253
278874973 8283528 22711590 33559067
287
357055211 403584781 264284790
850144054 883170671 552807302 382057724
360
246946224 118255750 264284790
54354296 178933133 985704238 932552334
494
671286979 839062295 804294253
704195949 804553359 130611497 621398428
134
174360856 708753145 264284790
158357403 346029023 696847903 388400262
436
951065940 754362645 264284790
300438877 206844622 538890866 377635672
370
855965289 85736430 264284790
184811471 22802553 420730341 252656452
359
111493207 108384316 264284790
424644902 617256504 35691711 552789711
367
591663755 228022089 264284790
503739126 551279499 634362813 874529880
385
821437781 187190885 264284790
238506419 243300038 373278587 412848061
149
91447900 203819390 264284790
973904495 789895296 125206368 393956286
427
685275188 957081140 804294253
257647705 954157259 412944334 36903923
381
574302538 826028023 264284790
524876796 115384972 262220190 971986371
423
697519075 348910852 264284790
876931559 42947607 228970289 689907646
60
321888907 654351002 264284790
690762735 983800267 162806586 411242436
351
777747005 145227040 264284790
246651516 601095005 120555477 503228467
490
266129495 209134174 804294253
946400442 964318798 364821136 723709970
78
849943032 612561053 264284790
86466604 903366333 606699800 660622158
281
199913833 564920690 264284790
617135532 248194996 746347162 170713264
151
787922142 138276027 804294253
247364189 340128528 1645262 378117743
500
603961603 133661487 264284790
357348579 516408062 164341795 700850549
455
344708058 227022225 264284790
6586636 838411069 231343364 323081375
443
866223681 702753039 804294253
744227902 334709434 713035742 271161347
99
623023860 106129587 264284790
895072781 361262706 729758362 167701823
325
440470398 29718757 264284790
737144666 179146215 786558015 730100646
155
231703943 231009415 264284790
568858456 799569132 99101380 431744797
332
343842820 129034752 264284790
838436444 196900435 222378025 203898333
179
971331906 528979966 804294253
723545346 257749047 93645332 233704546
422
582509223 699800072 264284790
373725421 204410982 27109326 28266332
252
487499646 494589502 264284790
647586645 271311077 621781725 32466434
311
381141358 477424969 264284790
391058626 63197982 719793246 279335015
355
39455609 124513635 804294253
150223411 696218781 254564550 522883310
222
967904281 98609890 264284790
938092149 549422118 375651545 315574201
191
768958453 253942987 804294253
838137052 670510788 479418163 396478200
416
843162378 438538357 264284790
120641413 295478648 288401703 347070258
175
605719509 634193713 264284790
593108889 468293477 645951429 894612616
380
306128780 72811008 264284790
402641666 703364914 140776579 927082305
267
14256190 264559961 264284790
41197476 739576619 440201621 405371820
473
454496207 290844146 264284790
426316289 815777152 492075697 921518772
183
611237800 772464355 264284790
789052600 717569019 570729882 201078583
404
26402161 254329291 264284790
66190056 881395512 907988391 875490515
307
463276899 754492592 264284790
230725123 478359289 287358160 464163116
466
368221295 772730896 264284790
523458094 615281342 536524133 756685573
73
167305548 257777575 264284790
861247928 211981074 648830790 93992534
75
720125883 39242152 264284790
164082734 705499615 737369182 193930681
427
77055076 740298817 264284790
263282930 138657662 621481225 834742541
190
896369517 433667688 804294253
308945822 988110572 102618971 586579146
485
941680688 827841377 264284790
672318192 752983830 647207062 576966947
45
948988251 570730328 264284790
474490607 446068251 685156558 888455024
23
909065871 643986256 804294253
841953306 315921191 791942032 130512700
183
50978736 184734935 264284790
141795721 79040847 987870463 853357479
487
952971457 441378570 264284790
691739362 242992574 760392720 482885712
198
647298531 691062926 264284790
105104530 920886483 998741126 52543606
397
860883850 660073302 264284790
912580618 825725608 315008841 459991943
388
652052535 972302818 804294253
827919273 1999072 769861304 93091599
80
488687470 729717913 264284790
438029724 421768564 369990015 212948034
467
804392787 911395425 264284790
79456371 333681772 412153323 987474650
64
945805881 339397168 264284790
499555438 398071058 290732536 568296308
385
652496368 786881853 264284790
97728450 545779219 878722666 680148791
244
729810508 307581392 264284790
128145604 495198247 785973424 219585185
374
223629125 865022076 264284790
836338451 888635163 643550287 337607416
497
551773117 989354854 264284790
909664179 307212737 835731606 694304461
139
343190423 517388699 264284790
162848773 58219252 459655200 947686580
91
302829714 707607944 264284790
341394098 420490506 221521695 195466130
340
203141088 868584499 264284790
157241099 226798702 635896397 647577866
448
400881021 117644539 264284790
114385200 743014295 439384460 96130348
447
933066970 801893160 804294253
311902364 707933288 860123853 184106449
464
600660867 492352139 264284790
64373653 923191583 380313375 165823441
495
379285137 822705591 264284790
130526711 388733248 916062060 498291223
165
195209826 619558052 804294253
328483103 990304775 350262087 528608849
351
478842096 627377891 264284790
352323371 433238052 526495817 755339130
450
990760636 94540694 804294253
607297182 931246252 263733673 592115359
298
3916618 88126501 264284790
859446796 850872188 638939819 210531081
65
670306 919923457 264284790
571698440 402428367 539115372 650775700
249
227601587 613063897 264284790
805524920 841439867 225771590 733535131
234
311946053 472169644 264284790
31714129 542306831 542632385 806926928
387
614712520 131993214 264284790
498018116 650261575 726204989 127233273
406
940564160 124080718 264284790
407767253 77536941 383033050 366466682
356
926673637 53515629 264284790
551125919 90275469 785389253 20064891
75
759432029 612626439 264284790
150270066 366223710 174461608 104087850
402
503649048 856171917 804294253
646029859 103616019 701111940 898376165
400
349605336 768795784 264284790
510937187 358699259 61156981 730272338
130
792499040 181383198 264284790
221902052 96303989 316128352 733098299
121
313258945 49412120 264284790
853598847 499377379 75776312 650568408
20
775197260 156737239 264284790
367706326 360597102 654953730 222104748
183
745150800 230428176 264284790
258842575 573680292 36781610 900144852
399
836942889 91051098 264284790
903626286 543143627 922890240 486044908
327
390561526 1244814 264284790
109122723 942909901 894083720 282448232
94
66722893 218571714 804294253
56658243 717225748 50891362 914523643
156
844923831 949714349 264284790
665676126 875310270 706151840 110367999
447
573635304 159090074 804294253
758134063 142271962 880012285 866389216
77
593558890 648222377 264284790
287874261 707547760 828019667 850492188
475
392318674 162363661 264284790
607718717 467816135 490889749 102972884
106
267154529 389305155 264284790
79328546 343505013 257129748 606690324
134
913121644 557940225 804294253
254973534 852570810 830641840 372122413
36
236285600 412145858 804294253
916571357 399768254 908433863 72903350
433
232109822 457716452 264284790
815747043 653769266 715251498 89117127
15
513643405 175378501 264284790
814875077 481986252 109556121 343884584
243
961783027 79221282 264284790
902176604 760310003 317398623 810810298
488
394743228 453137410 264284790
425507217 963303429 543789950 532853685
398
782613391 819005798 264284790
524708934 575514140 362809707 273369769
399
566725981 498984501 264284790
723435390 962543407 810966856 583406305
13
983492778 25686203 264284790
684180568 48811821 516099117 861655661
175
141959257 418793871 264284790
114312558 107068254 38388069 558722013
220
148027844 394892356 264284790
27147048 658003730 15633386 596759523
393
463191878 322958019 264284790
650812761 934041348 731859417 726022843
327
779802675 521516138 804294253
196326657 296138731 876795195 344999577
493
514460978 446580648 264284790
491106546 365997670 548779689 550395597
133
587134733 886480330 264284790
488896244 916496769 409266653 447286716
245
788251030 142138126 264284790
224835776 881847666 343424419 88683533
409
288922936 479394100 264284790
366578420 681886314 64308701 293613472
64
941920578 742071573 264284790
606426727 661719460 96365864 811739363
239
453501641 45244785 264284790
184446650 247293519 312375497 486124811
355
865260625 798878307 264284790
471606067 564539754 787792154 211601913
298
671918826 598893937 264284790
272772314 136890792 416725034 342066749
158
238119760 427483993 804294253
92638113 725088245 500940617 248999689
95
520863259 720958840 264284790
173961780 547757518 382422894 148903106
410
624977267 439086232 264284790
792161405 536379671 150710935 643000164
196
566513163 164158630 264284790
660227713 889282767 708607964 652358394
243
808169121 296423700 264284790
766636405 759959685 568184599 166903487
459
180328279 276053261 264284790
18706254 450060204 163149364 90523814
356
255479946 323256262 804294253
832735900 382052278 59819676 554719125
309
494999976 131245102 264284790
862945817 129491121 179110070 376176521
110
600977364 674487000 264284790
840271935 55356083 12625662 604011772
56
952512742 701060486 264284790
148605769 845855051 468397551 231009245
164
961262172 507487089 264284790
357565560 675035454 308775117 754744074
415
165800354 781001173 264284790
582374789 827264929 669561331 702896016
469
369534383 514219156 264284790
881812088 175662428 950817415 624572381
27
140807081 193244126 264284790
857261933 727925283 218631177 101988279
287
294393473 622433209 264284790
988181061 635378101 984943836 423895710
494
564931929 869537324 264284790
600231285 775057972 14656857 549778817
381
48772689 35310771 804294253
400572486 992903921 381311868 430205472
183
757928921 620656942 264284790
877808670 970690608 534051968 868063755
2
75672930 356857439 264284790
127534402 490188032 832067278 565447851
315
838697478 596432171 264284790
873830110 690177977 928498271 53755787
241
268595730 204625062 264284790
461515989 11855755 801707534 1862652
199
680076849 631223301 264284790
339204138 882399390 181226839 360743535
444
905257929 5808552 264284790
662140131 317067897 608078185 941948681
212
443997448 127025876 264284790
525300414 826056110 848314863 319625581
460
389282887 609125279 264284790
241640000 975499521 843928184 411381637
199
829245749 252196980 264284790
552914493 257807289 712500935 17156206
376
56376683 479133108 264284790
826281390 722389044 5535305 278796279
326
913010382 204835193 264284790
639784717 541950186 426518625 734609864
362
573794697 342966249 804294253
380043045 746035560 292616409 463658661
9
914539603 216391836 264284790
19001792 36280355 350996463 876604455
127
898482599 381566604 264284790
182480991 428946618 601060524 866503160
391
384091975 252978765 264284790
423404851 661969838 939328168 303009920
124
583452348 925190800 264284790
306502033 815307448 357007060 147108249
346
568090230 52338259 264284790
925755309 240914699 806017214 655305853
244
504195675 969820073 264284790
930589644 852236610 732174624 873456765
439
683841058 182438806 264284790
351249924 738988548 369434850 76578972
408
231669091 155800634 264284790
236184627 864262683 982537677 141812732
120
324726917 300531052 264284790
573333286 572664861 58540945 837321919
388
406922559 304210252 804294253
525189556 131561108 479144382 56881528
369
191592774 588494387 804294253
862587601 754433840 562057004 59975163
316
827107180 747790905 264284790
932073343 772986872 990072871 792302986
390
114465542 313991729 264284790
174741356 577625143 373889988 973026780
36
503515604 401337082 264284790
616963277 712674648 161020423 252551217
38
615670861 440704542 264284790
270589147 473356300 755894477 467972286
202
970438097 44168653 264284790
364952442 573816483 368953373 954648412
2
272853502 70042527 264284790
401695311 761061929 330492285 530973813
480
52232066 976224656 264284790
14096485 429458285 256136444 502272413
478
154683901 854547302 264284790
358541095 981705761 345206659 71196322
299
20981287 45066264 264284790
535628597 300492796 335035569 600110198
7
335968279 424078716 264284790
285524022 574094244 533741997 97306601
369
772290790 144203025 264284790
730386259 912651466 720288986 514191885
211
341014861 707657954 804294253
764343553 698346452 160740464 221125674
257
649134726 894830824 264284790
411270764 579118686 208230287 867943320
100
622884044 919839962 264284790
270635272 575979964 632112445 736851921
84
884258129 858191410 804294253
949401405 860919442 690930240 295360334
214
343317823 891968860 804294253
575319754 45115369 806947235 718848377
352
793907057 566464447 264284790
931068319 706775031 891013359 357765362
324
206358746 611088548 264284790
162281354 836900682 515122087 830750299
119
943685870 780189701 264284790
41164594 295452750 669949136 834862396
81
366815767 664109499 804294253
365046347 395565267 210950757 509524291
196
971172761 40415080 804294253
517134930 207956704 897461664 277425862
10
334852879 639145661 264284790
808407289 538010152 183116158 957282435
304
860454093 615815090 264284790
706059572 271015439 598356065 833827355
147
418604252 896175226 264284790
504139722 270261917 769990397 427166059
439
376200949 562755182 264284790
951636813 583679063 611415698 597532972
197
678130662 597266021 264284790
138728030 388688757 143006433 361423633
245
704405551 97716386 804294253
295308094 76398599 467764028 15011318
325
217007012 800516687 264284790
340513049 854673354 563037072 90849934
483
817818765 631592514 264284790
859413797 400326219 593171652 799898287
461
825550945 791148645 264284790
844158318 513323827 755472307 243526391
204
604065606 853528191 264284790
81901544 317804711 387135515 672454791
258
979035634 565769341 264284790
366902132 259601977 6681415 215015080
373
607160867 512358414 804294253
479171500 92220302 750235624 632498768
488
627462895 200334289 804294253
175942807 146266309 542349645 707339974
10
973859855 775089767 264284790
721241501 86133134 611820568 450569625
124
361607698 48909933 804294253
435342531 13638229 522577525 252229932
105
282034153 324014341 264284790
4331019 409082522 93187916 587437440
263
491382125 232570373 804294253
583972457 919917930 853938416 7831696
144
20221988 407519197 264284790
314185354 642638924 649820837 597509900
282
43576897 380870823 804294253
625144766 103552453 207558647 502899265
251
883083062 884073458 264284790
248450912 645725792 885760520 360149681
343
453170733 902955714 264284790
550769664 417164687 383665739 101320769
272
421773980 191203585 264284790
322829562 480818865 979148677 766020020
416
866889168 909914551 264284790
298208412 342295251 889930355 684186981
340
687918285 782813435 264284790
557970332 550690146 577314198 653718170
168
137765818 464371214 264284790
861999211 2532616 47399187 747656898
404
255921625 260558812 264284790
926612485 641273793 219055473 667301047
88
462285103 372149881 264284790
46866815 561522905 484803430 211339982
131
534014016 285738924 264284790
51166293 662487409 294338848 269083623
262
535304030 364728436 264284790
602015809 408554154 86738186 957494192
198
83974944 639692185 264284790
290420614 272285478 298491340 638586943
111
417593002 609449002 264284790
399500590 54216321 234960459 153736134
198
754282797 981732229 804294253
983755857 993116068 762021970 800422251
7
678127599 777401178 804294253
757170752 106851448 900747812 779813210
200
15057091 739493904 264284790
929901464 31700409 631891043 648825409
338
197532063 920626935 264284790
255497656 261679133 993995034 498180728
90
512668667 495892311 804294253
802336501 629495475 67989148 868362109
159
470194445 776350113 264284790
885614202 354912031 782291113 986759196
222
116078773 552387148 804294253
710640662 494177361 411219186 495648418
204
19656536 515287195 264284790
766212898 60335378 506922318 157659572
418
593782827 323658071 264284790
193101498 508060992 421382935 341543777
337
82881120 737149389 264284790
261908729 710898948 63047481 911647917
470
997160232 987958625 804294253
737521358 870915090 811615290 809959513
314
513733133 497514412 264284790
169313944 270189464 531658780 810689764
3
546982979 693526496 264284790
666084917 742794206 618410117 861104633
285
361534030 837670515 804294253
16826644 894128952 813228676 598051450
439
487047824 385706314 264284790
512543612 144531758 852754970 26173820
316
472287232 593033511 264284790
546707050 456179223 11807248 79440374
232
797772503 993667517 264284790
472714359 614744732 736615290 583519788
391
838180859 339188482 804294253
51003502 941637316 822542046 976511167
437
744396553 800432189 264284790
855480303 804977499 402060545 824201723
499
298614659 744555763 264284790
396484492 632011962 760236163 204572429
355
507071713 293954327 264284790
777255036 945939743 803588671 297821025
265
842680938 178667275 264284790
481567859 451517933 153153998 457894204
488
870380414 464435137 264284790
164227165 3796202 23077850 576068911
193
972505786 889191613 264284790
815625159 702912489 760460063 71333493
48
368614763 192006213 264284790
490911215 120175944 895361457 63023335
492
398687100 798730905 264284790
489491855 739735320 394021003 638720475
178
636398564 649699474 264284790
757166105 670955168 423659402 46321815
201
461434348 150017729 264284790
659640676 716918156 860198561 4511129
261
753642086 145876158 264284790
330530115 355790359 540983446 159528150
191
236063354 644094224 264284790
12759626 542530156 821643466 913090817
128
105781437 139264520 264284790
332926906 886447654 647910953 83094864
73
536150611 794404109 264284790
459202424 278300431 676402616 301323083
455
137762967 192904960 804294253
318888786 342731514 675378174 684546224
355
150453786 618009032 804294253
339847252 117223063 634140797 990118849
382
779971781 244251201 264284790
655653150 988422385 51224093 488817194
248
963525265 429301836 264284790
323959206 806843954 11437613 272117565
76
685429635 255850342 264284790
894940677 772240010 447963118 381530742
260
208543521 861108117 264284790
886370451 455464708 984642722 529327214
297
528023708 433300612 804294253
305221317 904028630 367746637 424872046
418
283760108 772392469 264284790
759778525 781999990 911582344 829120903
240
948156356 227298560 804294253
627993077 616166816 345242681 543342005
212
518914489 64462032 264284790
937421153 919603043 421867884 458429765
422
216584039 676294283 264284790
504254525 726883616 98422507 827240459
203
653482615 130122231 804294253
14502330 392702241 518078183 758092523
412
692678275 215382618 264284790
701733614 537252600 74745090 754424563
220
541712143 263993139 264284790
571940053 422609612 693997733 453167646
224
579905250 973052681 264284790
66213138 109864722 973648016 741593521
467
176498896 566656457 264284790
951962585 111208651 515247211 311503827
300
71085027 267508162 264284790
939192259 195830298 471177433 84716210
205
966282652 45229776 264284790
814600939 85067517 237535487 701421602
475
698580056 640057486 264284790
994647593 242514728 555457971 406228003
199
142707763 569519239 264284790
953485767 52635786 670089697 868728427
