500 907810238
32
716809060 342709245 489898082
564138754 507496727 608451397 379608755
454
447809986 735520036 15062429
624171408 493058287 344500128 15738275
305
966963256 67704324 15062429
502988846 453001990 834713421 274439436
360
334432690 428463222 15062429
227464089 827075621 453561440 559011875
356
144403530 935791883 15062429
114180843 189142458 442506384 357295001
68
313495056 398948891 15062429
222093184 682799784 382000202 196573872
414
114162446 912767557 15062429
80871018 375963128 558558713 580954954
231
943875681 285858020 489898082
213853541 508449254 551223968 102713585
486
291869476 728349800 15062429
529322742 926386905 192622374 895981468
381
40816151 490130450 15062429
164788208 941088080 312292111 960227675
42
997578891 289001342 15062429
44624524 101076255 76753877 740902245
468
199574939 629154117 15062429
816292136 108887276 835308659 894558882
472
454179598 986682986 15062429
815250528 92196181 796311344 169453795
489
45072371 584610242 15062429
505406447 192077289 389789149 540795213
360
473024177 992489034 489898082
963766897 68547471 156107420 321105854
387
395355659 97324799 15062429
325340747 984309650 499280190 514364408
408
774390921 257112962 15062429
298901984 662860384 407516446 318964807
246
557586182 150380015 15062429
269150192 451142786 97197709 725931485
73
119016345 424651970 15062429
154942799 221344338 133262738 227077294
481
401240436 706048287 15062429
100881538 109419008 697539470 511264994
209
274394582 246679760 15062429
425756076 914353859 859460578 392507650
308
178504744 427929135 15062429
725458951 302257390 745612789 214274472
32
180073323 389335922 489898082
287268740 782510754 917692397 42207037
335
369512978 515487397 15062429
525639183 939809214 889334351 788365701
469
193965684 571929018 15062429
845898009 98497351 246936874 534497745
189
636899247 44186971 489898082
804657495 718779662 151595984 934016282
148
600983490 71372317 489898082
451741857 768174032 546033824 891565287
433
525300831 677661245 15062429
26044816 534130549 56289715 5461406
92
296210109 422614 15062429
897628230 949210336 522398742 763756001
93
187985934 802938805 15062429
653867107 449324027 385399680 898552742
60
593382422 357741198 15062429
895818144 665233822 176151085 215739270
247
654223305 814582025 15062429
844464748 292145749 437083218 923847168
235
602546032 388262638 15062429
940940411 468222662 497957400 27471671
50
62261105 468683816 15062429
856691093 641182052 96640147 835019115
27
439255262 928938324 15062429
244042115 211048356 175303682 354647188
105
267380933 791203117 15062429
802754281 200537537 606523335 803373641
262
584903758 591242041 15062429
514976738 769413352 126902136 712888881
126
82889739 184054365 15062429
227322731 88834573 79705156 746378213
391
409288965 428429678 15062429
394520234 965620213 683030350 653442479
282
989955125 623611545 15062429
271913469 1937005 17073906 131190177
176
849148597 32917082 15062429
103004536 948147532 733051551 310872061
497
499333412 232989194 15062429
420153677 699829146 424256736 935513442
17
970731689 417561081 15062429
822342060 338815790 671258647 27557370
460
751986175 741114051 15062429
982796256 209438984 634832012 72083468
140
316549490 76554956 489898082
943675563 737568036 642645076 77731329
93
180012560 699614851 15062429
694202543 853927821 307911147 84742826
179
508197741 648590725 15062429
461348622 145011996 770150674 429414681
150
421027836 666111372 15062429
131686490 918456897 167973308 560782590
460
56340145 697623914 15062429
614284324 70040128 985197376 389854225
106
879692456 238583982 15062429
645743175 843983551 514434442 583399253
241
347749324 997252082 15062429
435639222 291068888 817974441 741619557
286
704425800 486079894 15062429
749197902 123538509 363053433 547578334
190
17146518 777029351 15062429
476607274 899131709 979984839 603153637
10
470683707 947772369 15062429
798470765 926617081 232738710 687068307
94
347118233 957942866 15062429
925457823 199215920 316127879 883856886
38
273987128 750472196 15062429
930729272 165083357 893846227 975670153
40
652390693 947708852 15062429
517648506 247025575 980577873 49354536
121
589242519 307473396 15062429
86491651 159180465 695569932 141262748
293
712444943 405673362 15062429
199327542 351777778 899146680 681320085
338
625082224 809891482 15062429
610660821 193421243 224578056 654253848
143
680594101 197394904 15062429
384312328 880936201 142692767 185121353
174
400859189 54863645 15062429
372160486 324071608 204069293 834780994
107
23186381 789444129 15062429
456575738 341166340 333251472 471494888
64
912852184 82962313 15062429
349419025 908875745 596125085 641309357
314
684760370 423252991 489898082
60867125 616140893 460405854 860519569
220
225746735 611118850 15062429
969951801 691240871 609570035 474829477
393
99543636 291525574 15062429
843851053 956488901 375682798 325688174
484
747198993 721647136 489898082
557982653 489830176 928387080 688928957
101
736304211 187295202 15062429
613775637 39246041 331744911 811327194
38
254499965 465344372 15062429
528232913 835631685 289783586 282389842
314
946272989 475382349 15062429
31737349 533809800 130630671 401907826
48
29963558 114538038 15062429
156477591 191362336 203662617 521306761
1
213257788 716326634 15062429
39133980 813130708 849853432 631445373
244
602227459 506222937 15062429
999311439 665852604 951090662 433055209
4
233416069 237658481 15062429
507598704 583318833 194772041 917315593
136
824658780 336270651 15062429
991394496 943652099 570161070 614338991
444
530043574 961930033 15062429
888614521 219149304 636234409 581325936
256
485868303 449711726 489898082
820850553 738953316 316504491 680572319
4
428896202 87722007 15062429
736779529 391918129 868503295 126430935
384
799648085 419436595 15062429
711211067 289316175 91126305 7324234
293
837987051 355386032 15062429
293357826 511491924 254864516 701608046
297
192504029 563436749 15062429
743944979 606262544 477201877 326982976
193
114256078 507311895 15062429
371744381 370883987 41333672 438393704
290
380548244 212848245 15062429
829865153 912998149 730893793 695213876
464
241740855 538349536 15062429
234349020 938223663 610298635 502027993
100
745523856 116034267 15062429
569836607 930538297 788001499 280738039
13
752315671 99635492 15062429
860776232 120249351 515521561 982022931
183
303276916 681466374 15062429
126447442 774034922 275366740 399316237
142
976138023 666156914 15062429
66929771 979947969 126609679 610243694
391
688997143 595532695 15062429
930839552 414304481 989549058 198083583
409
483942317 404707272 15062429
242756455 991282523 282951599 930040151
355
124614378 861292976 15062429
365866420 519599680 970697892 672034991
82
822758493 592653603 15062429
732155790 999351485 247605765 737858897
254
780957911 275306079 15062429
667967128 28425640 827884246 730177019
147
288988621 175575610 15062429
905159016 287722610 595401298 793765029
473
31676789 420965160 15062429
429631171 625873845 498146117 232556460
268
890252796 423517183 15062429
477261463 77105782 867088817 624561373
185
250202505 309155800 15062429
644636583 98951778 982241943 945288130
455
226578390 903961648 15062429
275634526 259301579 596150647 279752344
266
238095931 969575861 15062429
31235396 476121747 698266635 798161558
302
619986472 616799106 15062429
753510597 42892935 373894014 404317790
381
714977932 486337640 489898082
289676449 233280864 963027747 490370589
424
32355625 877352508 15062429
490585243 538984676 425431049 474051439
415
180846696 10516476 15062429
848737666 142017531 535510819 331938021
303
413475004 804243967 15062429
954858836 523494942 497827789 703042076
297
586746405 151655272 15062429
657078715 243260795 605335560 944109661
199
93428006 965846712 489898082
497951312 72157013 130840647 201486364
314
811746523 797418151 15062429
542650595 344945879 456102823 58782816
331
554349906 840606894 15062429
598535737 670028918 366645275 716122173
9
880935573 901778743 15062429
365435204 323588221 379676578 102716796
442
971800301 109954615 15062429
389864410 643807301 837742280 114729184
383
778280226 241792837 15062429
646643979 513754439 117318164 284962825
60
324545568 151633720 15062429
151637622 627468081 11217113 434670261
68
313723443 327358403 15062429
333635795 302416848 960970930 249978677
317
681920830 190948025 15062429
995256973 762666520 236516042 229094352
406
129322367 515873724 15062429
631456721 290691507 210106106 839191077
30
832122091 69772670 489898082
663001245 271891038 207134067 161525698
117
730963410 324862965 15062429
344198889 336158511 938365699 565258346
88
11875189 459557894 15062429
818932717 34907 820835011 14116499
94
868264398 735881753 489898082
927017375 475616166 993465291 674705490
432
25865520 155436898 15062429
378346715 634205508 60391454 247097895
50
506843401 543776192 15062429
99008985 38848284 717491010 957368592
142
68518018 240090365 15062429
123327115 793617177 724502869 321952693
323
372234186 151014913 15062429
484993196 135026579 200265402 164028429
324
794891980 606306530 15062429
549135036 29103581 348029730 727703068
470
247086582 687813717 15062429
241368532 281430101 302432474 422644823
248
625902884 270183846 15062429
897426583 475726690 848536574 643372874
294
20173995 27570174 489898082
489587947 84236820 247187180 900624545
21
919020827 514127104 15062429
227135418 69527277 211428815 341442587
172
684662556 241214131 15062429
232787756 766978690 700502687 112347976
168
947924302 158069718 15062429
471565343 448576956 450280677 418974925
20
806366154 775247994 15062429
823189677 519140887 291880477 721613942
39
931635282 881957612 15062429
569251897 129927513 858980762 403502864
40
684395251 48280331 15062429
794743715 806955412 193120504 723060018
288
451473931 132073325 15062429
345601302 578991631 884666929 354347192
260
665912604 738192410 15062429
116249801 758547257 424223066 416849743
207
458916363 45546184 15062429
134490533 190682186 802784230 980962292
51
587957672 148748260 15062429
67029827 454003223 935143597 230029201
160
245144304 294790384 489898082
473096850 96668779 823340909 36193052
176
933926590 674233609 15062429
577912951 885199351 208784396 618002579
134
184071817 440076177 15062429
44637737 472505917 503072459 724557802
18
932082303 948384629 15062429
970687859 805893515 492787661 484285609
171
896141293 584772083 15062429
561945650 785283062 966319487 361086688
416
716197567 76062888 15062429
8736482 477284435 600942165 913099639
343
460851644 657824238 15062429
570435725 83293348 129319054 80430789
399
652156062 99774923 489898082
505878241 233801232 353284405 905862828
51
230992393 642209657 15062429
104027346 188256633 944728784 819161057
183
402418639 599180988 15062429
48089979 24960512 236945930 836823120
74
249989617 84219485 15062429
688828969 333196382 379136508 903869010
191
651709096 357493526 15062429
93036347 307067400 325662250 442269490
336
405181055 55046250 15062429
753041940 106278873 274854150 431526227
266
404925624 371824609 15062429
417292552 208884817 454671075 327272983
120
864374414 290965683 15062429
635078410 521601782 367286362 909202588
31
118659889 71681465 15062429
91774679 70989173 646841980 878918090
302
275696884 510196818 15062429
128277491 277645903 609483562 527341608
340
208260967 680416243 15062429
895632507 5829478 440888550 862163053
153
877503900 967506720 15062429
553171678 58886297 238695092 664701370
390
576661515 382532283 15062429
178548007 816547107 78164727 876270852
445
421373864 98260068 15062429
294023086 792452164 667419432 552479591
38
592177800 43821034 489898082
394409795 619437850 188204860 241380201
434
897280406 408277431 15062429
148758227 288970222 821994993 613879832
160
523463526 515177523 15062429
121183218 797339738 481474640 126303016
378
441926268 134919091 15062429
362575635 998819596 71374433 264218377
438
309384047 172501894 15062429
574875472 573095009 723549552 980066813
470
214784088 655083987 15062429
26609030 898402563 967809386 112627987
168
909157924 739277690 15062429
813676514 613855045 361349900 815341980
121
624689679 145235332 15062429
437896024 667438247 954694289 964744936
308
173548339 681775126 15062429
134939433 191247074 287357829 747268132
423
268430556 673169262 15062429
723062888 217191818 181656292 941892320
342
860317650 343591554 15062429
316414795 511846091 107702031 201446179
461
688106312 97372165 15062429
392258061 431289679 382073655 514802568
248
444896850 989980724 15062429
451597838 658902226 135515640 968255546
437
135317134 786619549 489898082
464262039 28502352 2791836 826461803
161
583302378 522645850 489898082
851865452 335067324 770761473 729641620
67
886984207 768435005 15062429
342079393 213240732 52451213 723247293
321
312055660 419779344 15062429
838299290 454071503 961706399 116950670
236
795042397 70720279 15062429
413509197 563944450 542168409 408033217
309
110789916 249921543 15062429
505257517 665671627 855589497 972825046
293
887932473 419837036 15062429
7181673 352509454 773571418 584531120
451
652183618 77487213 15062429
290428231 477847335 225895203 773293908
188
142339510 768375963 15062429
205883846 200569372 905915899 632798026
72
770264593 804455501 15062429
943126473 720087781 383308427 299861848
122
748647241 622359728 15062429
204609269 934725124 235087810 469367647
274
332962994 707937145 15062429
682969594 565381785 857084239 701731888
396
708048315 705930961 15062429
503504094 828110545 172823076 206920328
245
204193412 778058490 15062429
731560167 413126552 85551032 953625146
327
197371162 781699565 15062429
533103047 297974211 134827436 638925740
282
617423333 463140388 15062429
660021269 563043468 250777838 841898468
156
163490152 833536093 15062429
88085175 410711536 780811772 963446034
13
122813334 482618163 15062429
912695227 179459864 445857461 971421263
378
891372925 215448299 15062429
869871073 705355269 318536233 93654348
128
225858396 845991541 15062429
828162973 894763249 337198450 304579853
265
477241275 230952914 15062429
684669496 43536492 560883959 986866065
75
473055821 534370739 15062429
376361442 484437231 184574272 221277514
474
414198773 693359875 15062429
438263299 301424923 497987040 147731008
128
428116592 416500158 15062429
481989834 784748869 189220380 466516985
217
300996719 873003050 15062429
762665306 308549943 138063596 180527895
62
908306669 79879032 15062429
572016609 642054551 761256865 816078659
86
938290414 476494914 15062429
717730257 240193374 124839806 422638851
48
375881736 427829939 15062429
795243436 460130627 248899336 808907732
166
531929796 101615017 15062429
922001070 349649892 539211018 909410336
497
70805480 469486775 15062429
428480066 398385644 695779448 747332720
440
173077828 228197008 15062429
828634314 890727393 321875418 106690114
224
315112109 119194251 15062429
502078460 531851399 909000403 100316887
368
687015203 37333137 15062429
95017512 701785206 158964594 286560505
359
253586849 590675247 15062429
496987663 489387926 266397911 683299954
58
517592017 449389225 15062429
882020358 675328113 566032706 293351826
361
311517878 428520702 15062429
934303144 797991815 670130490 16256495
478
680880033 994012579 15062429
229970634 698217383 562051164 814439808
208
89393454 552936003 15062429
816217008 205888887 125266423 25904556
418
858044779 152804782 15062429
37846929 702969911 668113128 714293998
357
887828696 770087174 15062429
39170815 298694944 870792648 404489617
364
152850698 879790871 15062429
112038789 673460437 336789284 698836845
267
499560167 834579012 15062429
331096415 518106891 901109659 233044781
226
316081228 293585536 15062429
662878159 246468622 766348908 197196634
430
639717812 1258493 15062429
173676851 300085676 503036440 658254902
249
769167351 545609145 15062429
244070945 335210396 16215771 193969162
253
520039778 914528742 15062429
372048383 151454786 564229076 425898062
406
241627385 449332903 15062429
998258811 348105892 43088069 406176423
354
189862674 692636454 15062429
410431898 205371067 146886864 359622998
343
355208430 720061631 489898082
441333713 220159488 142893604 207732954
277
518939389 664449242 15062429
128427943 932332147 712020665 601522086
66
569463598 819483247 15062429
117075518 722220895 592438249 795339103
480
35652563 836908891 15062429
115768058 431021740 922217533 569480445
449
98717297 724367168 15062429
31295142 128533703 535000354 924674729
326
135817460 502251299 489898082
584959579 626399290 175192234 480991525
47
694330843 971703374 15062429
28287906 164350105 169829965 934982805
11
399885411 261973605 15062429
242611824 266001124 217952022 481921309
490
880018371 448656254 15062429
401179879 730700451 580915454 850054041
200
473270814 61847478 15062429
991398261 671106669 181698395 412263927
210
712679974 628103870 15062429
471946205 638984381 583025722 57893896
381
537420989 116240559 489898082
587415847 166997929 334990447 67609488
338
594114869 488356979 15062429
326446562 81361614 659398081 912197424
131
861701560 468289087 15062429
207926536 468635616 64174308 905053188
5
196849372 626693711 15062429
301837819 158670376 151817116 475343683
4
245081566 840563714 15062429
451517525 471488714 569330329 668450293
103
28803869 978529500 15062429
726146757 911524342 922121677 357283401
258
111748502 481825290 15062429
409323390 443672948 98719128 882017717
243
288152574 660506436 15062429
518571749 858224604 463875073 150019304
380
248505136 417546223 489898082
661866928 135487183 259126097 150910208
29
264142732 495133881 15062429
105412909 11262229 950922359 539768771
207
63301137 308562815 15062429
483895055 385928364 104733427 948289203
295
349362573 144516316 15062429
970262793 499093323 137041592 890180495
180
929734993 586822612 15062429
38886245 301529485 876230955 554766586
350
821440323 984423122 15062429
363310535 401825546 68326274 758909808
102
527072383 39826744 15062429
162224936 249414786 548654114 472099443
180
304758678 215521938 15062429
777657278 396331208 509108385 252034393
310
608358742 348461919 15062429
396722172 26738683 634688917 913215128
271
785604157 792107279 15062429
373187991 660381097 465627337 82502138
54
582755214 425376039 15062429
212285037 814536617 352275514 652388166
244
978561075 1814351 15062429
300310689 502864313 150466624 642121329
362
397918658 661332103 15062429
749092370 237504922 582466006 285841095
9
478345916 770755239 15062429
911544513 186756478 110372515 835362784
396
428646064 42654610 489898082
575455326 767463818 374740791 849973369
20
79359874 586391709 489898082
55764343 218179171 175823422 441338721
113
637390458 808485836 15062429
738623858 473471702 442579464 894421024
207
730218118 506616201 15062429
312558887 91080009 186760278 986696643
426
227441910 572134054 15062429
493432595 858075561 623282310 928858366
498
584884258 697025146 15062429
630047484 841691853 683115443 901876223
393
431227108 172579083 15062429
799734178 494781689 454096604 35545891
122
858707863 684032546 15062429
712875617 633238022 880333288 360642389
46
417945257 199055010 15062429
249081103 891939669 739442976 315425691
112
906109599 504135797 15062429
464828042 502845841 521904547 701640986
266
836860403 278943715 15062429
554538552 429785889 432755774 586815145
64
599356519 374506866 15062429
215334496 624697652 686406143 545837471
424
494675293 452486530 15062429
579888088 276479340 698003420 760167588
52
967523704 480987268 15062429
624928799 189587978 741576598 2758493
498
822251039 78035996 15062429
742869310 526820562 959445729 164624803
199
414980128 620049695 15062429
295519635 799766030 30434601 859884275
426
675552502 515833340 15062429
861837867 734171367 556903498 582750733
210
766391870 502644158 15062429
66002595 228572146 854180044 926283413
137
642376205 761686014 15062429
680454674 30890089 616165214 32786549
250
632185521 32041842 15062429
956914041 993017901 441255772 40001670
224
870670295 927624339 15062429
423974760 599356419 294491904 519087612
194
580411925 723741609 15062429
103438265 558899709 389239112 547684831
486
532609986 358952313 15062429
834698625 603461979 111181359 592189644
247
889688324 389161958 15062429
33322900 991855477 134898936 225154760
78
968701187 844778439 15062429
919064846 935646083 595454971 628609675
158
779872216 10390922 15062429
283535303 86101562 989532403 510724245
52
526195013 127217403 15062429
584810596 773030304 521693190 623602388
335
310314497 755475012 15062429
14101853 556724620 813194431 616243389
272
510111399 841784844 15062429
836811515 632714633 175756081 437624137
278
275848553 885755004 489898082
121674110 521698098 894984694 539103156
420
56458430 784452503 489898082
714328574 736101465 980049179 175110177
205
895362351 832198458 15062429
714124261 753442013 389864807 765532348
484
295216705 736737887 15062429
949994651 739978374 830285811 933320612
389
47316564 899226850 15062429
883312655 662707078 47318533 403909442
381
590008336 113905294 15062429
402182481 483165082 886230721 699667657
289
413146877 286732349 15062429
580820630 303271581 423991510 714504153
435
8348193 8246562 15062429
367462163 801645673 467946997 620523413
76
673112748 397218847 15062429
30046802 147450805 214466515 614555580
381
767552097 870617455 15062429
148307173 755788974 948646576 550401893
312
45006271 620523310 15062429
280204942 842296031 209145689 725576211
186
308818495 286834654 15062429
885663309 885904291 449788124 200884757
127
602833848 682415034 15062429
100221500 312709988 561892653 731546348
294
158518768 266514073 489898082
417087846 153969738 232881716 721244990
486
567308186 694966478 15062429
720391248 292077313 397946375 101541764
121
991097227 196420066 15062429
655571283 616540087 574870583 975012953
434
863793744 187003646 15062429
597281014 421189476 825917339 932059099
492
277578759 212900173 15062429
141178802 161125460 115166457 932338899
236
578541238 533723340 15062429
25484680 983933169 572763000 118469695
383
877065806 522145326 15062429
546371785 677767150 528033538 241494893
443
947908648 165741159 15062429
398876619 831594325 693266461 741262027
19
804019741 781331156 15062429
353639199 128575691 73810575 50600730
174
135326313 257249362 15062429
218101902 816255239 125777535 821357616
398
702613546 22327017 15062429
859465097 885801948 797898397 881466437
211
259669173 334093872 15062429
381251281 519687309 134173783 556553455
374
945087322 422521448 15062429
617425283 531043742 744665703 819048811
495
536289638 195604641 15062429
237525566 52081567 645072335 478336939
439
849930296 27136740 15062429
622878332 226532354 90708459 853625566
206
765520003 240660012 489898082
548632292 465513405 12748520 356333674
425
343144294 943283187 15062429
511683180 623841388 340346181 919844071
224
396342961 191446008 15062429
454520332 732519185 413348214 879191599
437
159129872 837799894 15062429
648146952 940935077 220022343 219092781
421
768528584 559065922 15062429
100881267 333900578 985005038 256033729
311
188563341 318459865 15062429
435461789 842668679 206817066 9140539
248
785719224 398926071 15062429
88000716 970105560 778269300 435306322
344
405514128 782869000 15062429
934401408 105476294 781244031 954592053
430
925365253 804395089 15062429
814144348 395595179 534464281 482366825
126
47960829 75376603 489898082
354303829 937548164 266285481 729316893
170
439621728 351523703 15062429
918946989 64616356 949387982 937616440
137
493440503 699971295 15062429
552667938 185839838 48445104 605485549
144
206677459 390072367 489898082
904719601 905947245 977518606 711715132
24
62495679 544053665 15062429
8385783 570890337 455003611 216193274
348
611950580 372531351 15062429
694271750 423584240 93254342 487732365
172
890392662 150555924 15062429
933099725 976494154 463466955 356703505
369
909004339 10146156 15062429
941856902 665222741 494506697 484115454
246
581794712 56999998 15062429
659863622 168545779 640008669 630849978
2
623899115 17480274 15062429
292079971 871325996 316777076 917485821
114
824833246 650920337 15062429
720892641 597532109 687764635 642836904
288
50684865 250999264 489898082
32999802 372463780 662982035 733457972
486
871197626 89192808 15062429
441766065 417940759 957002686 835500476
198
824141911 292095349 15062429
611956711 932584529 472520334 312507972
86
375696758 821670354 15062429
772832334 62847940 808213705 963984917
467
907578211 750979925 15062429
993268164 638192238 8436199 105479126
293
621552334 837901014 15062429
76308716 331011213 821755265 258717399
1
534778464 954460320 15062429
674269935 693357470 842853580 435987500
24
19905891 968958146 15062429
200932497 427263094 785614970 417617390
241
788872536 855830608 15062429
249662664 397212404 775243393 878875281
291
995135677 750741599 15062429
40309213 556083223 795111699 84272955
376
586125114 757693214 15062429
450315587 369244774 823742789 277344620
278
65516887 82590723 15062429
26576425 957857205 298588834 811451210
113
302788486 281730176 15062429
286872285 968628111 162073541 59212132
110
315473976 480348379 15062429
292270837 731427162 576464691 293090648
269
934363171 653464378 15062429
588891813 521567565 834550040 684175320
201
228638571 510905297 489898082
919785347 714068335 282669912 180544938
175
423871591 723793980 15062429
122257912 237080100 252842190 834896526
473
1112079 954505275 15062429
846873558 366362080 382156322 243699233
281
52022446 480374608 15062429
602169611 595520514 93294786 502132836
154
344748628 992694851 15062429
518865885 431996271 435755019 740437355
19
733401326 992853354 15062429
590163290 912428226 902592094 324486256
247
540977770 921952391 15062429
585371367 51617346 613367912 376758402
462
576635443 101138048 489898082
699890476 234644005 369246649 795195252
410
802928215 774636080 15062429
213162525 694411540 407050875 827102216
199
966995998 875828031 489898082
43848453 44562371 475354324 409594243
363
854411597 434828375 15062429
13213409 579352573 564710176 773963947
146
240423034 221550510 15062429
523907282 695096465 647400590 940305499
278
918158460 153090955 15062429
417673197 855890820 955625943 718664553
438
261591306 380682694 15062429
64323337 385624986 419541033 491774149
395
244842843 488108228 15062429
466900360 984394775 976360449 516264556
277
143857316 762556056 15062429
398604334 32389808 375290007 118773609
363
33666033 180776150 15062429
956301309 384787022 551412444 54775370
77
443144434 170389551 15062429
679920605 626283320 344829118 3408918
182
109475685 526196276 15062429
482947545 751289664 921941872 263492753
352
927936083 276842242 15062429
327197073 790476575 779633188 968206278
201
609178724 690822257 15062429
169063470 441855901 678721512 833677659
171
402091536 145162605 15062429
194484216 359924243 307771798 848325661
195
151013059 876320287 15062429
700991196 234554306 124459990 421998957
283
743619394 394994392 15062429
425681027 418742283 166680729 616608892
442
975210473 374640295 15062429
729008909 692733011 651008825 570671251
90
337105685 346860168 15062429
547289040 570263706 778310865 195261339
295
960766874 846893352 15062429
963436943 801212728 437475660 210084993
233
441191285 614690396 15062429
742037796 977434723 374100296 572021339
428
554087884 139705657 15062429
909755007 588373092 684985331 83878790
382
915911019 27569298 15062429
988015545 913774324 519920371 517557970
395
665012030 960314084 15062429
256814687 247510719 14759398 656902139
25
66382979 745422790 15062429
500776474 746120574 781291750 104800697
241
97816018 771908731 15062429
128312735 373031005 60529174 751731734
405
375256611 468390604 15062429
634990707 854185468 539497071 342220373
306
502427277 104368343 15062429
562089116 97737703 317090736 397862527
432
700433134 885794547 15062429
733662583 513358168 601227157 161448580
379
664510682 941559950 15062429
649745435 812011315 722907087 101078509
230
138117712 569676953 15062429
444243503 707819894 616892959 43455974
30
181331423 173039486 15062429
307533912 557562211 686797495 235186910
268
498037083 185415439 15062429
419350959 296617993 292850174 974349316
78
710423054 524518652 15062429
520692498 296063168 508098103 960264162
141
813065942 169585267 15062429
942110554 928161364 56978699 652203727
329
431125877 821629454 15062429
93957346 228916308 217986789 843366999
400
490710953 369579785 15062429
263752103 656832196 855642610 798885874
95
961698738 492412685 15062429
765915269 518389614 499648110 982102294
248
585732935 776462234 15062429
547201567 180544765 198014419 100369586
234
902024540 770102251 15062429
904731754 440001948 811321724 631593618
292
155335346 726338668 15062429
592886038 56351007 725678909 253250318
24
587353212 309480128 15062429
910154744 685212732 219358555 753907193
414
224809781 994161982 15062429
304966566 590047091 71228090 445625794
309
420433350 262614355 15062429
859648306 534688883 685532440 673829432
262
232610128 663865744 15062429
962694046 779112426 542069335 380676323
390
74424706 719215611 15062429
930983062 992588761 558146757 137563803
320
732283507 223072342 15062429
876278611 782953840 24480995 636664634
150
905301526 800695313 15062429
864960324 405617396 324353636 655817666
141
213055511 401636499 15062429
935633113 863379153 922485814 337466702
52
150544269 278012767 15062429
587039869 392720711 216679219 578502247
68
679368624 318181060 15062429
440634211 162578290 691969878 959433919
382
885719862 744044032 15062429
266766371 422966428 381853429 510787443
346
779826458 726859317 15062429
410863971 198823131 174623567 509452176
108
794589588 853561296 15062429
153882303 840433489 675630645 75010998
328
170657836 288226456 15062429
723917837 583250449 229255430 52728857
6
403323131 732239485 15062429
274870542 113195513 168189212 412476018
227
467140004 195609877 489898082
868159522 167543921 27573620 769809603
405
850156995 324679679 15062429
729125040 780056267 582928182 236975123
184
343882748 566386052 15062429
543085365 297274084 848014678 633694637
180
686311 151088591 15062429
96737050 39905850 766232882 674901666
174
87745289 67488838 15062429
923422258 507188064 197665667 720629513
219
810489462 411183150 15062429
562199408 693534642 372455527 889572450
21
350352360 789543498 15062429
369323268 436894834 69556251 267281146
300
615400662 907340390 489898082
593667615 762343690 89905698 226783279
379
733777503 607113754 15062429
914524249 695174515 780067102 534697528
289
661080385 510247340 15062429
940827265 721562552 953154013 576453723
340
935899422 581699482 15062429
586784100 298910067 261150818 651795478
123
586040783 295487678 489898082
233967403 475131337 591801818 537338919
316
643690131 456129355 15062429
265245951 572085849 226172229 485088702
427
721367687 407710821 15062429
57557349 542747538 769020610 939080989
201
377188939 857214584 15062429
509624714 928107505 509981715 320313377
173
85632776 442125067 15062429
276101499 767608369 680158589 986856992
42
357517305 583163737 15062429
418919643 240446430 5606756 842280362
189
726333282 954141691 15062429
930335012 940838254 149666314 249693788
281
840702330 516597682 15062429
221634061 863560393 548504342 32224258
459
325794032 73258889 15062429
49862222 949330592 102267379 140290571
495
509863813 983433401 489898082
120460479 447862847 73647180 150035681
346
68242187 508655663 15062429
421706229 843275263 570756752 251769174
228
886308791 840808297 489898082
91527230 74389028 529636598 311745636
79
623137222 454270951 15062429
773740282 429872111 931277900 776817127
76
336126448 686783924 15062429
653185750 934456561 562301921 83875835
66
300449848 883168599 15062429
321466453 547013593 771690714 366555850
270
725364611 722488780 15062429
889374026 994630531 637638809 752974632
323
304319832 453236205 15062429
721158350 710533619 497213404 431883670
46
259322954 330406680 15062429
472132571 119647683 337857218 333800176
322
199664580 401781261 15062429
983633615 992830778 223537090 515345809
99
308277996 972890339 15062429
89198561 915971355 832668592 427637685
156
676754483 62207559 15062429
239175019 670909472 47942471 704980291
194
742665616 816605092 15062429
295889771 571240044 161938112 419600507
363
135119542 942693115 15062429
840632240 181151919 27752875 537102564
284
856054045 388948417 15062429
339911214 74269876 842128146 334101063
434
241634044 537146516 15062429
608215044 839451488 955316501 179817155
482
672994201 644162964 15062429
519058215 343402976 779508963 61429813
78
375475236 134249432 15062429
178310049 175682580 380617242 737228833
163
459263256 250319677 15062429
396096323 645333271 835068550 819441590
358
627982561 941274276 15062429
793699798 903608724 781103049 901313901
348
255611365 914930559 15062429
909876680 380310398 676243373 280019268
66
447358419 581221623 15062429
688771018 364591203 295686559 824217785
370
787562447 11465124 15062429
872341158 300974825 243286360 421139750
187
201890021 479094348 15062429
52730089 359549199 651052635 609888499
2
372885050 681117237 15062429
667115265 154555311 734784504 920185821
397
940900797 826477468 15062429
469078224 106694982 698528890 722806416
11
434117073 648592147 15062429
540189036 497676908 386611953 703433312
295
350438493 847788640 15062429
668538195 995139318 778297542 63317105
180
125119780 198947641 15062429
707762549 709060454 402417299 963833238
159
188676715 446069650 15062429
771661894 646325827 708524164 240936430
89
455012373 191631673 15062429
750939790 224255483 109326359 17876447
69
109088836 610630342 15062429
189737024 130631683 157754904 379029659
13
757357452 924989314 15062429
559399854 370802362 859321386 797345142
276
157145975 631878226 15062429
265220412 439016151 766850782 318158748
244
285956223 582155411 15062429
396984322 690119496 589070637 634102573
454
547911612 974293334 489898082
461860723 257558045 410289338 494395889
317
272117349 198704246 15062429
684880751 586348184 449078015 458824668
136
31380516 782067074 489898082
971502066 434838912 47055898 678861312
282
34178990 368818089 15062429
354232798 72161772 342151716 259550076
193
299658248 808404594 489898082
329905019 382516710 264282880 801920404
137
354356710 139976697 489898082
133174201 931414295 734815147 376687369
433
706412271 884272710 15062429
195319958 810759130 57035892 501806159
330
290429975 266067375 15062429
990532608 524887436 253556849 985295529
362
44635777 425691949 15062429
566191713 122075625 397411660 375697066
223
601343171 371430222 15062429
739822910 772931638 666470816 226269557
37
774808301 938665227 15062429
574094979 83936364 900072385 87748211
478
392884962 869125349 15062429
20192500 847860550 552291644 248451204
225
898216061 624504919 15062429
474317608 951683455 785205235 872726290
251
157754196 172377775 15062429
595937916 93190206 222100878 739266052
110
786061298 459756999 15062429
409939637 288552976 939868744 955305538
468
940548086 986189040 489898082
105056162 367664059 478234569 696969991
79
726381694 223993124 15062429
472695108 381786787 75677503 104660877
103
658660101 564828964 15062429
145285547 563211785 849634887 102456491
308
544965550 235993639 15062429
145952951 531696211 574805923 911591454
486
174476633 485099163 15062429
123551569 707453746 158593093 566756474
240
645317455 940469304 15062429
533326006 313478132 685874014 738177129
248
424607067 107360006 15062429
484890192 945743026 474596216 134735779
219
329244793 139736486 489898082
469212709 404101535 987677034 484182307
348
611973577 713394571 15062429
433400643 318307546 323454306 908622171
494
70192475 225306038 15062429
791795826 337041282 735743958 330877300
73
90748898 733283611 15062429
163508037 420420740 181380834 718959913
41
413164079 794714173 15062429
981362678 772593768 200364323 917017049
212
186198917 475502598 15062429
767418668 241900003 551475015 864235058
364
484298044 804166618 15062429
386803351 870975242 631813328 139783585
264
772801555 623462842 15062429
39673582 319467354 101965505 653028905
348
187568027 987625142 15062429
712399564 232171855 464273094 995625430
383
982408128 289127756 15062429
840739639 114712861 791452169 932390287
340
575384594 431186800 15062429
100476912 931671945 581177548 322989609
166
926414670 244777611 15062429
110114144 801289784 966847748 944000932
323
939772870 645458440 15062429
877867968 574026023 920609910 138236789
260
88380879 388448407 15062429
419114518 834497385 532793528 40625547
33
213180722 318506369 15062429
929108978 125096403 465592063 631380729
