500 352575311
143
916200241 844198700 867359166
808816628 308687216 43409966 236793670
266
947174985 646923090 902727919
875289269 360167956 261355806 418106291
405
49306086 876626346 902727919
578656878 85699814 77228640 263997780
196
452794337 365671327 902727919
87469617 969692253 139684318 463987230
72
365815488 302096168 867359166
745370356 511164764 131984370 20968075
425
300651851 186676231 902727919
824571427 513261302 580615927 513083617
205
687627316 744737786 867359166
664982340 436109919 436982665 23530219
91
386928247 37550773 867359166
123785654 522902714 783040717 903626221
67
698432797 822364104 902727919
868644889 17270137 587856643 246065107
447
766791735 800354550 902727919
467568143 697956439 181092366 948469990
20
356696311 912749599 867359166
231016472 206569848 301046904 312457030
425
687739522 15272999 867359166
411468355 706656483 842427179 25240523
456
180844614 286370337 902727919
232294993 348157865 470752935 837401448
287
590034596 910692312 867359166
234360134 118640927 74598631 24999265
368
682877029 114141571 867359166
753019386 141293054 179841631 765559409
230
596225195 321333233 867359166
986708504 127925985 437876273 600258579
206
619602549 240194103 867359166
434026507 791696873 922230839 884881562
57
332561658 509672835 902727919
756140298 242191939 268265138 34957613
397
397260746 348336485 902727919
319500228 709873213 692191975 119030401
189
192387691 313401992 867359166
765854340 966457781 697184282 10810920
66
75884739 371490958 867359166
630250779 461979548 911480069 913996648
405
236903104 322435078 867359166
616287757 496749946 332630924 470787080
427
289852104 141398918 867359166
592381950 338382029 765063328 905854706
173
612237825 920007558 867359166
623044208 911830226 827754058 598196677
10
292235352 127995810 867359166
42243831 801319804 272585652 681090753
211
915518749 302805148 867359166
3020928 337013274 444868378 303034729
373
342187386 648054955 902727919
21659541 247243051 20109259 193666377
167
13508816 146344549 867359166
665801116 532845006 139965527 725857885
340
609647272 326159769 867359166
84933895 817016104 699892231 718734525
408
624545963 816995260 867359166
949847037 211351850 623176447 958267905
431
240373616 921957976 867359166
991638972 95172734 792160571 304183213
435
101877906 986703834 867359166
358123763 244822958 937934098 790732624
284
913726814 30017776 867359166
919579333 589398435 570919336 10705029
123
557577732 159100105 867359166
832101766 796027681 457565482 672153075
369
351590191 586740112 902727919
202715950 736793900 470610660 946893135
463
154277419 586614375 902727919
617705756 622272202 242182485 329124494
293
399622345 386851441 867359166
706683045 795843018 569229372 608131029
307
2062456 198052319 902727919
906025406 448038987 319548345 526293187
395
252181926 377075505 867359166
155782622 485020782 701591714 99046288
43
784230757 706093836 867359166
482347853 353175440 83895745 266444400
6
444054482 353425155 902727919
47500840 744340908 232687826 201686693
326
739754216 988846916 902727919
898547980 286772070 493835137 440990054
59
361320932 501302278 902727919
114480404 872122188 414532471 724186418
34
636145504 393794050 902727919
751488076 128385212 114629251 181804567
79
193029891 896098518 867359166
819356883 792351064 108107572 323324125
85
256825752 809388508 867359166
471889383 657152608 130254350 858962798
92
564389479 759851859 902727919
730083694 5241380 360383295 917096384
112
279194734 851418713 902727919
349442038 573122695 66719300 177306972
496
764218784 528160690 867359166
120110180 295177989 2428591 480591325
221
572391867 20667759 902727919
281443878 194747146 915532873 661665276
446
465249559 335007054 902727919
74497735 577504790 836768049 239327669
56
915327990 41151572 867359166
977090387 710059274 668202076 528088713
381
850569887 606428664 867359166
41408360 436118603 121953681 70008030
468
33377874 479220674 902727919
159001484 905268849 946611817 255129588
435
568917004 126218122 902727919
286959160 290731859 377720576 240880608
379
589469149 834401951 867359166
454432615 758247527 913363516 633633281
480
50796239 998653348 902727919
159611542 367545133 807982178 30527869
197
402780999 751655068 902727919
685067418 992643834 170532113 513167224
14
306885701 289902021 902727919
633004927 953021608 539396872 210619974
452
152947174 555077836 867359166
950022790 263590915 824053788 865803796
367
53901331 50129660 867359166
850382896 368766501 89359936 520493688
250
345731359 623275924 867359166
470692218 792702029 867288741 707774968
123
62539923 381907385 867359166
450599296 300794203 817595583 796693942
406
644564612 295999158 902727919
742017860 524233989 638222538 398644354
217
993635238 983499170 867359166
276811680 917254159 375508683 994444409
78
747197516 916084411 902727919
232294612 122211898 612204909 325012125
274
716531938 634247622 867359166
203716478 919643384 834727782 624047862
98
745468016 65407737 867359166
701836792 525239299 480955460 525491132
349
88784938 781921962 902727919
783879521 817710805 397718588 617164149
307
410033673 922594188 902727919
886722461 971877478 839803636 383155770
91
685015220 220290883 867359166
867404874 447137438 860525359 198469128
382
605555606 948234883 867359166
433486630 720360374 633220965 897266883
486
462821414 987886773 867359166
90581794 703195543 646425425 872284464
324
51133980 771155265 867359166
110083530 955191633 741364297 349820144
31
904153151 470745239 867359166
227519883 297070210 62518546 692786253
89
901553765 106240990 902727919
482054368 889617087 322919334 681518226
38
168272286 954800056 867359166
979625011 116838871 800910906 852315818
335
911557520 264035876 867359166
738087678 375446929 223304838 613822006
166
693541258 226076167 867359166
281016229 884935585 618623190 717091246
396
839918305 964714416 902727919
536076329 406694754 887169515 347965247
191
248268153 747773327 867359166
13230493 166929705 226833151 257549167
387
920887052 198740309 902727919
451234727 992588417 969739215 192530338
295
24196707 802894110 902727919
852100613 587404812 725946853 730174325
44
509494861 628999458 867359166
530808816 782322865 564632105 860472398
380
691092133 576901916 867359166
935246200 599758004 885136232 628451821
231
406804098 881171693 867359166
692504482 517952383 980344176 161902409
92
847085856 197963870 902727919
879049047 214510390 909022922 870409175
235
189655327 429212680 902727919
266199145 481394333 346083791 115837981
165
154968387 724921926 867359166
605000318 977384453 506081707 507434532
5
90388903 593926812 867359166
519432234 132839133 180015652 690500894
213
704407763 586551152 867359166
405324723 790480201 45459425 772328024
462
573018993 760313196 867359166
504709493 380665459 290154424 321067294
100
251985152 415453450 867359166
505469603 921109312 566797575 586047799
185
63219091 817782170 867359166
423468669 355143065 162621397 757379620
239
675858074 876997138 867359166
9290615 370876562 637722937 681206957
361
381078071 327133713 902727919
848211621 879967384 179868673 189687015
222
694168409 51208097 867359166
272982590 297657545 136182592 554572877
166
284716758 373658712 867359166
6176673 395416114 606969452 451284440
55
238702926 96793673 867359166
307025031 420838855 820868281 226466922
354
806757185 782618760 902727919
713940202 989042852 794323552 959954305
265
442645096 573662012 902727919
761857681 412423044 880092131 177728604
249
695809476 179070095 902727919
700126954 49161625 858357043 223922801
279
349987070 563082573 902727919
951903929 72605139 218525530 410869600
420
251118350 608899426 867359166
871274796 723301206 448839161 242140788
192
755778419 400732698 867359166
602692311 64893821 172778684 339415360
176
878918926 61973418 902727919
346600156 711492257 986140276 172813716
458
47045340 526273438 867359166
976606950 379435652 884587073 679099647
183
191644990 704238088 867359166
784888812 220953186 41655479 24419443
124
586620549 171797885 867359166
855987853 235806234 792742245 732892461
397
995534278 921749035 867359166
53275916 85128338 78456063 352400983
306
234494764 478117997 867359166
579903350 423288236 427069174 7426819
314
765047785 308463665 867359166
171987652 708230017 794162638 480945364
410
487633323 574266031 867359166
827617628 338073830 801043070 85092002
402
274742149 730156795 902727919
921978441 769112760 970966188 976826822
31
632670033 483401022 867359166
341232183 49440088 488825014 440027841
403
475574678 965972080 902727919
118758024 722037185 244120944 598313341
473
942520391 973444571 867359166
97657757 698374502 390640227 618213594
1
215714203 838201149 867359166
707964474 485102736 583244501 221905135
38
435105938 147597579 867359166
775263388 653925878 399104214 457082999
249
733219755 580539010 867359166
380044101 449382024 616221908 624677776
115
562119613 267631221 867359166
77504992 112335195 739916453 229425256
83
942259947 210029108 902727919
548128965 610313710 878359591 831843539
168
880238213 565408969 867359166
773717933 488586795 443475653 795608603
7
619553615 556028384 902727919
694126541 345291011 412450895 224386930
345
716130168 779230175 902727919
858669440 744229353 76984550 123900287
173
512249944 290970538 867359166
604594876 844521318 666872705 26466057
465
573039682 731930006 867359166
444218662 288626832 389890379 961697855
375
596685950 676945885 867359166
872741042 326135988 824346075 602120838
88
752638667 69181460 867359166
245997484 820660616 375542844 335772249
283
66470126 975783333 902727919
589338575 384405541 495325397 12668727
422
222255925 850569948 867359166
138950034 765941514 793891410 27130660
10
157082519 567620619 902727919
411937322 108486146 706018528 750658568
159
166495131 553264055 902727919
770792745 796395902 403272082 126189121
271
146409502 300265775 902727919
491342678 978381029 826791922 334685687
188
53264124 715950265 902727919
244419961 508266810 51615142 596390820
429
869969053 269662338 867359166
81902935 291029485 60263657 325206757
251
516606526 147208315 867359166
346656783 402838242 772489931 873864341
107
998897469 347898575 867359166
534543581 549150184 919544119 199369743
218
600570623 440945351 867359166
411167711 828775675 598523526 171766767
83
367829693 604441121 902727919
300008290 294426826 224856647 991373645
337
677577032 323691335 867359166
370380130 601855346 200279680 660399824
191
409772744 198306226 902727919
505573908 498858049 178003546 771226291
462
219212643 812656289 902727919
83804876 573279505 882851674 818653376
424
581098062 299731626 867359166
810509260 368656000 352805234 147070248
92
482972422 312889980 867359166
631179943 446746507 400601254 297882299
195
2637593 682241454 902727919
4259489 828228813 490080903 568085848
267
892877766 549512486 902727919
516602900 565824796 394724477 655979195
458
921797685 491622683 867359166
558784096 265186026 229924313 189373212
194
144755539 15362347 867359166
528030052 365931546 64974260 925605932
20
364002826 485257045 867359166
123316944 952735461 380656311 714956639
155
400105802 890123746 867359166
704147814 425822921 135702832 837566300
459
827370827 757046078 902727919
11347202 277936347 640554388 232015591
125
372393907 795111410 867359166
197652729 626021529 473183929 762660472
491
743364192 402166193 867359166
233233229 20151806 135208008 912641971
280
491552444 710348995 867359166
594176238 695501053 639657647 35770936
379
90689166 17156042 867359166
623535611 164380539 504298768 758177208
223
73544071 645449214 902727919
228766014 225782927 789394025 8191069
147
985738391 507691217 902727919
926962823 522709388 41138675 64654478
272
504462716 783312860 902727919
989442443 944954134 682235795 529032534
253
76544869 332572016 867359166
997656220 621767539 321306150 612726273
210
17576337 200684552 902727919
449772946 346717456 860583114 607499479
11
58722886 965889556 867359166
8641229 705988579 378533258 973794584
333
625909675 863783392 902727919
794341640 571095637 585949968 61394852
83
145875141 121370912 867359166
591594236 352749463 291942433 472231127
322
26135715 510018966 902727919
491462860 960131047 585522139 953866718
236
402561937 779861647 902727919
953680655 195055109 612321712 746496266
205
68854909 739473429 902727919
344123680 349514942 518805672 292760789
53
415647533 986633966 902727919
891599389 195864082 358906411 120180704
412
44863535 735910313 867359166
675445648 943401057 133354620 37486194
367
54465916 75403737 902727919
722028215 954608149 986911569 648981353
1
933717634 498334405 867359166
619422948 765823698 660590110 910349787
339
891772204 387043398 867359166
355411664 404836448 123184255 803538765
330
464182131 798486334 867359166
792303671 63572617 705037461 262563076
462
123135328 542098453 867359166
41406137 664950316 129422471 354916417
370
215846712 22569890 902727919
420271143 347999101 447135542 483582081
122
336120660 691407401 867359166
446534146 941589958 238686692 259064044
199
56629406 258552451 867359166
617441647 430036621 698799325 631842073
158
11278043 247255746 867359166
365985918 501481810 817429355 734429585
394
571868455 993501453 902727919
66625174 428910463 582481091 98231763
102
607575395 834720867 867359166
228763961 16989476 108555469 811733017
466
595336242 9067089 902727919
389844305 942601152 120760076 781247354
32
637605316 486891164 902727919
448124205 282486552 161554703 268696341
192
996643853 757162555 867359166
762842863 398848828 159551928 182075412
182
383709847 697254139 902727919
625265710 501581226 415423522 704404989
479
931575865 338150955 867359166
496891097 654106468 857802731 692366135
263
93297894 515466094 867359166
337468983 716149621 765284883 62810090
39
400253014 965124355 902727919
185672480 850671613 401308782 980411720
264
877703960 574876877 902727919
37228716 398455780 579665787 865523256
446
585779457 405838897 867359166
926151724 945254696 533591385 429042823
472
899058731 317765297 867359166
730626616 96498833 37408773 518150806
416
66686584 387824733 867359166
428509903 922173731 570828391 554649897
129
303432800 678115883 902727919
425189750 618016453 213382228 376932470
450
912537220 505370852 902727919
826332089 35024537 681432223 787869723
47
394521715 532408944 902727919
531301568 422413097 768671553 849277041
190
612074767 617079613 867359166
758556207 611263711 366747117 366952857
179
146422849 57517755 867359166
357270941 874598650 311739901 16941245
451
877048041 385311695 902727919
614031552 8928714 28347356 451157143
475
273768119 113779293 902727919
188178505 809985651 763473235 68480435
257
980575897 454317605 867359166
243486738 804976501 573400514 175869132
120
62265491 343593443 902727919
297560643 397317275 470817762 470323923
21
24708647 687139965 902727919
985674572 131627068 25949394 147583109
399
283045400 876636706 902727919
263469761 843464008 486044461 290952909
191
82156272 762278466 867359166
953021122 954799935 329476493 59133504
302
268059647 267697854 902727919
894950460 543118166 729059665 570574204
499
446980384 345519285 902727919
895280291 444240901 408154425 231176474
49
444796825 72523745 902727919
65555074 879022962 709954393 730633635
115
264580083 942005127 867359166
965499377 224980142 216663391 9300805
255
313030201 310820659 867359166
598510245 584574858 878939302 531868634
60
882775766 973865286 867359166
675564501 962841371 984398511 134468524
451
6308501 734309887 867359166
273436812 687749242 825596428 923575210
349
340642459 158229678 902727919
408222919 362033952 833215889 76072959
282
230044113 844114260 867359166
535901766 526405612 666768444 310061082
56
554365510 317505332 867359166
289745093 841599666 989153278 578331367
374
964153226 358410232 867359166
36515376 257911948 337165201 175811551
322
155037523 637615151 867359166
631670148 414900390 668679690 950778871
283
210856803 469353185 867359166
18138748 202134187 34231421 315680059
68
682786068 963114763 867359166
398518471 893808851 316061558 9860568
135
630260069 663311916 867359166
666016037 23506802 524433750 637658813
311
444433943 150046148 902727919
524397507 953102854 104788860 503344540
308
372708004 676827479 867359166
900635800 982374680 81225776 504320480
7
487565764 720942116 867359166
343602704 419351926 74249708 665602983
225
273497986 680933700 902727919
762729517 735543877 20875560 545583801
279
400547966 301787865 867359166
923025682 912238804 244494531 410268611
27
686819180 862794815 902727919
427776372 144256967 237884626 536060912
261
72280049 628239557 867359166
484336365 791979466 816988685 718075767
433
312284387 965350386 867359166
407986 420768007 102904259 21955346
421
6646403 854004278 902727919
404976121 477581273 391187650 392298834
231
813241336 920669196 902727919
506941452 308042814 581848995 991852942
418
413253153 388264195 867359166
62127053 968631991 999929555 203687539
375
894460032 859708563 902727919
377672029 321878989 885389748 862938890
131
256299507 574110677 902727919
104723635 960006793 788298532 277559164
273
186029732 119769515 867359166
919542763 685454381 842152835 383933651
420
692927940 516926475 867359166
35212380 344539780 522518491 896176582
135
475612386 475164160 867359166
831238007 513954509 145684332 714603810
429
444995982 775408337 867359166
535883406 942188701 270968313 353709134
39
787871793 951872059 867359166
509875666 556982942 732579508 613038882
46
502373818 592438157 867359166
972164569 136416541 621264362 601594394
275
744349554 581791167 902727919
33202980 588028188 485086586 138050358
233
156515913 315954309 902727919
537237506 910669992 217948192 732978775
461
334102716 129912126 867359166
116876159 595946302 387381689 575694415
41
522049855 169335039 867359166
452419448 846645378 824354103 695464205
145
951520706 296451012 867359166
146337564 23221254 606103908 136715281
372
37421430 400593576 867359166
529574854 92934763 795522213 142019802
181
183627519 830158362 867359166
737796683 160743469 66454257 55029647
489
527600312 102070748 867359166
630595231 28632283 774100508 116391238
288
888492948 359397092 867359166
623779414 213738706 692696041 741622048
442
624691643 183802499 867359166
60393389 578814185 581582059 116439104
337
918124223 53976456 902727919
743510130 836239731 908936464 43153482
463
177758782 106463288 867359166
410279181 51119574 529200826 217480202
114
504611015 124134828 867359166
628668923 82350440 635211125 563766239
409
166367837 406884428 867359166
656891243 454438529 506582108 446809228
302
942544316 882577338 867359166
703055868 437342130 628017949 305653210
444
403488776 138873713 902727919
246295620 903846338 487370200 999301643
386
891865934 716310698 902727919
37209921 972832935 865807142 630307289
203
424635568 442995255 867359166
984126927 57505893 473280133 655315564
143
810845414 852851829 867359166
262316378 544073889 249002911 41728961
125
912768752 990901969 902727919
145920479 966005668 669335355 969032554
214
272899956 818970470 867359166
339578543 87590196 557227180 508502886
372
465756040 169920553 902727919
441786609 478483244 542973544 659853914
411
299357146 552203594 867359166
125635549 170917192 434602398 976736306
94
540200963 896027334 902727919
203332681 743702424 109870787 976391246
409
174379567 156622354 867359166
540885735 717395677 792849096 899366395
386
329333149 873126770 867359166
924486184 276476709 399799200 959055403
10
570067304 359619662 902727919
482476249 82286302 241616390 842924785
236
943461587 187171114 902727919
5474236 683588780 509165894 341982796
497
379667467 492201411 867359166
848187478 659880624 439348325 875908254
128
246967131 449613246 867359166
246628307 235493448 644866109 559144243
236
92468205 471160274 867359166
316052805 447922165 882976841 652489539
204
549755972 946236675 902727919
267800097 515060254 435414896 294321276
358
240076594 728289506 902727919
691652812 176351079 735032157 857564602
53
519901477 993862950 867359166
25000719 134816120 722930593 673589921
372
675292693 480957360 902727919
606061921 974790555 850097808 25687113
258
97672073 815745619 902727919
279809703 716989239 115322790 383046614
299
404967118 975474279 867359166
114418916 640418853 894910248 868180260
497
925512297 168824728 867359166
879860523 858644798 69517162 715168353
413
675592337 323452228 902727919
345046 735996072 765084626 365647387
358
287714326 393079992 902727919
841714112 471952255 394011099 32108844
399
41259417 821655732 902727919
358769915 451714557 894644165 825488256
435
365670663 15534364 867359166
985196443 101843179 415170741 423360224
402
2143249 913311946 902727919
855558870 17366301 554127636 814461415
265
999269136 437146731 902727919
371119581 117807536 38300164 683436208
203
662899407 492976040 867359166
656715074 751724415 420985460 273425495
299
743340421 207598810 867359166
87534691 128382322 692870446 657961705
399
892972331 228302950 867359166
273204242 125621086 422060751 182487297
259
768876983 753287690 902727919
950940109 76091583 115664616 878199533
412
328427387 815658345 867359166
948225610 369628107 9647448 210962462
328
238070858 137530427 867359166
649489071 312520686 502870117 741255684
327
288545083 913081015 902727919
562354230 692455429 497374863 722776404
44
534037371 498502044 867359166
855802689 179070616 792484646 642127238
300
405479401 360573131 867359166
706360023 602233850 17222795 974678810
167
420123067 757398190 902727919
295209236 535657070 90799094 22864724
40
480953056 753498429 867359166
132836521 464814149 736706164 543894320
431
983609452 222284075 867359166
757194697 625165545 715698737 124447721
495
736744095 246290113 867359166
222638081 844006162 688868980 480197520
265
540877357 800282388 867359166
597336648 154847357 230409595 784792365
419
910332054 848456254 867359166
256152434 129602075 949507583 925918
49
181268157 477975762 902727919
928182960 178110434 719929599 805946830
26
993093489 838300845 902727919
367177877 503558274 71666646 401254653
153
689541227 517114702 867359166
341832293 712891125 154871876 23374473
406
139223585 719729054 867359166
236807475 994144484 218184340 305258370
367
134644623 768922634 902727919
86848948 905140101 348709715 616593929
234
579990257 700768402 902727919
368256275 791803480 79681847 745739503
360
405165655 618103656 902727919
732109745 137620861 72650755 229227379
4
833018142 666704352 867359166
812192356 114267107 250811455 319205394
253
306039683 973908012 867359166
664365127 203554743 9095723 212404360
122
850083725 119050047 902727919
644075573 316832776 995103271 540065586
326
447860630 752211007 902727919
275285793 533959522 66918441 596369238
177
976753911 145565144 902727919
467404644 846022426 820937868 215049050
148
634106941 641905186 867359166
419097558 367754452 37773649 631463765
483
409479481 581102749 902727919
437817960 811338398 724157350 61586157
233
971478007 595335034 867359166
104878761 215119012 751341336 32179621
7
409508263 578612644 902727919
514509807 76928131 80828712 521669445
58
206589537 838787162 902727919
57231542 327736707 21457107 314735729
17
840844465 434910646 867359166
394400739 362248716 552653377 809968743
461
55449162 316555794 902727919
552408048 182445318 924704803 841427175
367
478381900 379904889 867359166
304830378 218325054 489700302 659691881
432
790011832 606289143 867359166
622483044 577378797 526931006 198400232
154
738296604 332401259 867359166
741472460 606502087 185525225 948588143
359
503194930 133117353 902727919
794875468 100816683 637938684 880663912
490
443796237 409258789 902727919
547394191 746272461 328757087 962085452
469
797097908 163271856 902727919
33697040 130488001 174186541 344210666
240
229545974 274730415 867359166
638246272 805471133 856792698 169481189
403
876852722 371098772 902727919
113732414 595136695 163397516 452139172
427
484220311 238840752 867359166
265661198 797478676 770824277 459521304
371
836826934 251479222 902727919
223046768 390722252 830172293 67032527
272
85185128 350450823 867359166
715888367 502662008 651299697 959642455
184
783340480 990965303 867359166
372280704 142538799 792768708 25838813
390
872274220 702659421 867359166
40259358 311578601 920430778 480131524
72
674560221 833492380 902727919
992340264 693613435 837854159 409861790
276
326424474 578968767 867359166
132105451 482531547 224440325 125353933
248
964336054 470350376 867359166
550434615 301559096 627932810 243837708
140
160437168 642719438 867359166
647811204 511291813 378096939 155943128
393
292672455 786497645 902727919
678146437 589608304 283494767 7898552
13
655600700 886166564 902727919
685303587 525517285 377413841 800119644
202
525983126 965879745 867359166
126081412 111152877 346411435 601275720
392
577423217 221909097 867359166
165170230 512278023 177147896 903319765
219
252080904 923789000 902727919
758427242 622417554 33897637 502382789
366
888734196 160456514 902727919
758707423 692661381 587779673 42123887
155
580144895 897342452 867359166
965660677 485327708 987242090 61311590
460
856705003 332808534 867359166
104691059 214243487 992527122 363667563
338
862520863 701579493 867359166
990306115 331261404 631534447 349662088
440
980948625 169051005 867359166
235341489 836926536 115807687 946929635
301
787366933 277685338 902727919
167496251 45256223 75684350 533824708
384
159523102 708434115 867359166
579016876 191443939 64216642 49979704
398
858498821 975195430 902727919
144112952 952204411 579774043 64037422
409
578725869 335302330 902727919
886565415 174940435 520993172 814651078
195
427409252 545506788 867359166
162989748 945927945 2528066 425156343
56
589516200 838603771 867359166
434437467 68497171 370104124 244068178
107
524349378 883279235 867359166
339901833 243120104 711709654 667378062
229
306851449 692902932 867359166
918056130 814509462 884289493 730764550
247
347721119 332603626 867359166
238380330 306998642 144818078 621108724
211
942277727 212922751 902727919
80045506 248146690 722705279 992232430
237
542987330 54566619 867359166
444317884 967786135 988564169 556285481
383
66429641 374728619 867359166
423126913 843213947 555336704 286204268
328
722471452 669747416 902727919
610927246 809610670 413040732 208852405
49
945985435 498647248 867359166
262331123 525446544 286843347 610709399
406
69000965 511894048 867359166
141422225 871243935 706452450 266980630
460
117511329 282407707 902727919
483937345 302285853 545731196 871548191
135
27059919 864919125 867359166
56582234 530730944 378290404 588344583
9
339245172 395151426 867359166
327582240 896782157 63375305 755584585
460
490966890 556860275 902727919
628861846 292719865 12501801 483269411
472
200576923 64564296 902727919
581360827 945264890 879987109 648479686
402
345073690 183006062 867359166
871827967 935141659 878828645 185070488
269
275377202 483120287 902727919
92328444 33314475 506453451 164193133
194
5497774 782620478 867359166
863658746 520237267 249087174 444797057
3
787287108 657330941 867359166
17146649 385093520 156714231 508771701
489
652301760 1734301 902727919
881404560 765604601 345804093 758511150
487
417123583 406353141 867359166
77184820 939820386 290324671 716138517
295
423607138 106143040 902727919
509372553 22967877 633376865 348716141
3
980748642 903681032 867359166
748742662 78842037 541303407 436517030
73
256183215 541821638 867359166
404984458 183136142 7295477 750218772
350
713720490 871340226 902727919
850560890 285824983 692914905 411261937
371
646253570 280483706 867359166
310209408 483985253 23267235 258769096
105
548383490 188469495 867359166
211301848 480974890 204291189 361419349
471
41215976 998850703 867359166
470768503 194548827 246424133 646036257
102
305396817 116885117 902727919
125562925 832453671 722613609 666112778
431
875052579 860408999 867359166
137046781 542080985 479641351 904936963
79
267478844 20125778 867359166
15726433 270439738 599613426 620066015
199
528611014 644749559 867359166
419202557 529324958 265400369 194367395
416
109597077 596696539 902727919
251809631 906151226 676900688 509320524
346
365288174 537177151 867359166
248662097 167680375 350514131 667710078
336
524158181 566214765 867359166
656910126 675524749 887706113 677544986
66
324353525 195641933 867359166
196490444 66206726 488590773 521538822
158
987833454 826263568 867359166
150343579 404223757 335000382 571050646
350
896852446 346295469 867359166
251180231 877347133 6948418 83754641
162
560883419 10501284 902727919
966357560 729497110 752683726 333674216
3
20706337 808682964 867359166
713760138 829686320 396633866 20836402
206
642800984 98326367 867359166
42067034 212770571 396673929 31993347
24
819862920 531300184 902727919
79366425 81738735 690327008 552200178
411
41517372 394568229 867359166
610873319 383190728 466452196 804350539
238
245900348 757309114 867359166
256118815 750185107 157471417 14678088
77
224919537 281515868 867359166
600284966 373987339 781752575 444230154
245
372313062 507720022 902727919
346005697 833761969 969359423 704581538
18
739387257 773456626 902727919
678289960 160327292 900059398 833634977
375
650929893 633650131 902727919
359569072 110518206 586881392 766836719
19
326063937 858545116 867359166
185670317 444693079 620399263 470810579
408
786762766 165277785 867359166
632668019 249516666 561937521 110002041
166
791983384 395179746 867359166
795940388 797431417 930946541 976625283
19
973791538 262382556 902727919
407372001 473891491 653745303 389915703
324
985022377 494578323 902727919
164615025 972711408 762512175 69482492
50
911485522 132479759 902727919
753640442 948649559 981724114 946709538
205
145834070 683826531 867359166
31275495 787665844 428208067 417986979
40
857690328 979883075 902727919
142065099 228519639 849621684 15581842
4
393698677 885147632 902727919
396945860 372832018 362467465 829022936
203
997655534 453118808 867359166
230467971 472587736 666642023 16616369
294
170574559 761163266 902727919
511146592 808527783 308085948 340556536
84
345726480 541936175 867359166
41690689 344357219 993344044 415135591
302
230623659 560292366 902727919
531907503 228172733 201215156 492388651
24
300112508 846152814 902727919
903846654 760328163 330343161 60822509
373
163527352 202896312 902727919
171539171 256154507 833197505 884168503
348
594370315 284385618 867359166
771043719 672763854 352078036 164771705
145
831164194 666451831 902727919
161481008 224518901 333321696 225909407
76
903014283 832008362 902727919
838835084 259063947 582973971 574969650
305
105581827 437643419 867359166
113671425 719758275 124885972 744622173
259
879499957 638718939 902727919
125694648 296493682 96854286 976953905
197
905791531 256605699 867359166
653996308 520127740 749627138 196737723
21
447993934 827723374 867359166
871028099 663728028 655108377 925570891
157
501310198 587898481 902727919
126541630 762338889 79252632 891791102
353
82816241 354785683 867359166
259975955 133565083 935872934 301969538
449
238286689 876516631 902727919
260540414 147503472 885665942 618960520
198
577336536 372879676 902727919
479046899 12532533 81974994 175982171
160
826816522 108983138 867359166
127235908 982567938 176499180 864785288
193
179700009 392907457 867359166
568029652 817935664 483697601 401862126
97
406133367 28508783 902727919
56557552 528768131 798915896 239558949
107
396805049 991245251 902727919
271477031 612274056 931975462 908335756
376
245032509 99885634 867359166
855783322 353707753 752684797 203677654
172
711055849 598552833 867359166
773675591 720999612 35021784 202182667
291
827594333 281029898 867359166
842307450 113695509 974494532 146854480
341
740636846 808629777 867359166
291446862 857416719 623894214 977060249
280
627540287 70852583 902727919
806608077 107464615 20171548 817247282
153
354322726 611289281 902727919
656653216 207696143 188918105 593138302
238
837684236 210438893 867359166
989312463 642093596 50441944 885573962
217
301468487 727154259 902727919
522002334 661524625 150135525 874389646
246
705790391 330858370 902727919
199515923 661283162 577667039 685381718
106
520511608 585755873 902727919
175429334 668026526 287546675 299659343
167
198629457 804321830 867359166
830855866 377706763 554623629 576885028
58
258480094 285264475 902727919
679881056 170149330 811853718 921537779
411
727554913 852429763 867359166
141725905 654739618 848769439 932002362
31
148823681 181010506 867359166
165191175 425616380 900761888 6575880
267
516594374 638921572 867359166
821618199 533659697 943828082 429029518
271
627270027 667404502 902727919
703564734 504267271 208301201 297446319
422
817711304 286726638 867359166
242497859 610959881 683444900 524474567
130
932082523 822929670 902727919
213945754 327865795 641745404 40245152
298
559151307 429744259 902727919
893274614 810852130 355324963 68638584
139
497719848 211881746 902727919
771284948 635957423 528638069 245236561
401
152520927 877362466 867359166
986359404 338258410 416666672 412254209
345
659013040 679633151 902727919
505382208 272861993 515820523 18890379
441
851170824 873630856 867359166
754284863 376871020 78272059 205333027
193
103477179 789985244 867359166
723161125 988363790 742881189 707137110
243
33560772 592208761 902727919
607294804 163871203 700559686 536239805
78
523959804 54656548 902727919
230086484 850568659 540319719 47668611
402
862930408 527056582 867359166
503233884 235724255 240103224 435116538
207
855712315 111395935 867359166
919075619 475327075 763090133 787774775
249
962720601 933435655 902727919
275012057 461630662 778259548 102127644
284
983433427 391356200 867359166
47872077 676990633 143567475 86461862
499
753773610 805775905 867359166
836547713 556912420 44452677 215134184
256
257056128 430230171 867359166
33429734 616317715 34126707 538859704
404
484347249 74286688 902727919
851015223 868282763 13189617 270423612
36
98483222 496669912 867359166
955465153 220005546 977134584 861109528
462
358990370 883704150 867359166
394821859 310470070 525175284 309975975
349
667256733 952735105 867359166
468035333 936187420 176337145 861595444
174
917472959 915545224 902727919
160749454 734039618 836698173 154370721
414
448490171 160506964 902727919
957076919 930928115 409963433 643506899
275
713534982 346458368 902727919
397008982 865538738 730765949 305083291
48
799359348 424969075 867359166
690141760 641828217 189088269 811690986
270
355490088 723820096 867359166
289160814 171532879 562137122 898334231
195
342954618 456899288 867359166
561910445 388539136 245979513 644536144
183
59328375 237468080 902727919
35420915 501469898 582088489 62502972
361
565512141 833346988 867359166
453059671 991116040 434141473 32523243
438
799960583 619634073 867359166
145595068 149695186 936508254 984484393
178
773938760 722041809 867359166
420570016 100885857 654845752 133065123
70
455543813 83397551 902727919
343145828 653237355 277923170 415375463
457
867215864 397653419 867359166
981994480 214001860 756638248 950565832
428
819852567 194941050 867359166
123361592 9962461 414689406 428551200
326
694471729 300353088 902727919
440540294 778800611 906448592 929045654
89
528974594 803125747 867359166
913039574 660634264 201255262 781465403
76
650166659 950136928 867359166
548560152 351388658 945331349 671222063
67
7860595 334216653 867359166
746950918 111486728 138971397 193695369
92
9047160 733084110 902727919
327942618 358680651 181354119 200171735
278
872883483 450082001 867359166
559982995 933037270 73333926 170418775
495
946503758 176838522 867359166
858727597 729258784 687044188 284132206
399
317426787 22041950 867359166
284303108 673462757 895096386 211216769
177
531564801 5192789 867359166
57334047 973034877 54255448 867272661
148
274025205 53240925 902727919
383070371 249345172 978752441 927142857
292
793390256 629865949 867359166
850405905 943728302 70113174 858779317
483
366630619 984285164 902727919
611789353 483702575 621492706 516370742
348
768871335 153139687 902727919
948712933 780319030 62991419 526435946
6
455972961 853218421 867359166
544684650 446318477 460101952 595956503
228
482322381 530776634 902727919
170132626 135514577 481557615 217685376
324
279519919 800399987 867359166
403704616 872877901 352529045 967450833
106
427886472 51626133 867359166
363052511 908943265 545023326 875492226
469
560345152 775646822 902727919
588848986 947427602 438324926 555514666
484
55603041 587236089 902727919
213030172 627681225 219179438 303839878
98
436749791 722104854 867359166
356233588 399960619 257806378 959294870
460
976439578 80938066 902727919
529565550 337043249 548976395 593993021
66
11523859 515917119 902727919
251758030 912374367 953361723 505497412
454
980249190 977844471 867359166
22239440 782622574 149778071 946360788
407
382589928 328352144 867359166
28343363 725255588 191720153 765999827
32
110412861 110180837 867359166
67698227 797775811 561635949 864804710
148
173431336 914581807 867359166
698217810 543520007 34580755 872961264
