103 58016341
38490585
13 18 19
228545856 929697688 808656554 959550648
463135270
316863298 64926383 448979243
315741085 961373827 411848748 871237807
899170807
7 0 19
541193786 143815313 698879650 287681102
54552012
0 2 5
899988115 818291340 763292175 430648781
864340271
1 1 5
257846707 277201813 611309697 979725465
887828345
2 0 3
917358695 153422968 891704217 231516995
554782263
1 2 3
939100729 650553545 597187732 478796404
842416776
6 12 13
966340621 633210969 919841337 208958482
67895388
324204295 146759204 448979243
590252308 960497834 985616915 630585512
613944767
1 3 5
271942049 454381521 333877309 162111964
983240950
2 0 3
453849712 342331202 660907179 907455592
359512864
0 0 7
32265505 685859237 41853397 313399142
195037109
107484902 26428041 448979243
91575161 628533725 193246441 243538505
691812151
183695243 361519922 448979243
703786467 157117775 821948692 358058168
890766914
3 0 5
352411717 936082378 641150259 949413638
592398878
0 0 3
523819422 540674396 693702367 617250574
825775655
0 0 2
989131374 159087745 274770945 161823849
21509969
3 1 5
707015295 230437452 495003689 808288317
184682084
0 0 3
253910856 989120122 871834909 736882253
579852901
2 7 13
396206834 455415549 188708759 304547797
998217257
322237510 437154673 448979243
966651258 503162029 537315456 454909629
135627836
0 0 5
39747583 797308150 332321986 56539142
36434536
3 3 13
102181020 409974632 144513611 209788673
634098419
3 10 13
310870095 488750362 780096049 647537714
238210055
0 0 3
74737237 930507443 341951314 63148838
667420187
8 7 13
622824737 388702170 181746941 334399077
863919247
0 0 5
180751085 68841888 420274809 724235482
513325555
1 9 13
300136929 995469928 922723460 144332508
970354031
1 12 19
443740973 956061402 655010324 836012144
713863053
7 5 13
651977607 29144966 691630479 665155081
335610120
0 0 3
816057463 636542213 5739434 912036657
505452660
327179964 197229372 448979243
375757160 755704601 553459780 148463364
217704690
429314002 283562742 448979243
715413411 31537686 799100090 562611348
185254131
0 0 5
174909620 460324648 257462163 313883020
399848703
8 6 13
104979269 400636825 104953372 723453007
855893270
296605560 427657620 448979243
137535515 101764225 974259331 498798494
837942312
8 2 13
774988278 53224013 120599777 62117291
790254542
0 0 3
163695637 15522740 948510341 608247031
433160428
125433777 232373037 448979243
399880400 380542762 965178833 2199316
628580199
15 9 17
869835203 183780173 751581064 664241198
925035489
2 3 13
628424536 701986605 556803089 643610304
164671404
2 3 13
755112230 69134291 692919703 135613800
698297514
0 0 3
192355035 225401362 439836031 113103886
537324146
11 11 13
162813599 608727740 808522700 970455596
522871962
3 18 19
752165718 556041273 659399222 657862326
151352049
0 0 5
989752060 576755701 271015609 73024057
203820265
0 0 5
605909940 322746385 168388117 125154385
834307700
3 11 13
427189033 214683305 850686617 757779736
568920362
356727203 4804771 448979243
694956898 733131159 135791235 669416047
872373824
6 9 13
805661111 185153798 224716268 964967147
707818269
20 5 29
249063643 181029846 2956635 172741640
701435550
3 12 13
478342034 917077676 217899095 674681921
758803123
0 0 3
58887892 883542108 607920235 312544984
173171576
11 7 13
540390258 372825028 726470667 892764412
112807951
0 0 5
641375292 381102816 305985605 829436979
316000522
13 5 19
459108891 857991161 377365909 781997685
347607030
10 17 19
933064827 471259254 613914776 290632612
685716778
15 0 19
653197400 105409438 678093757 247982097
232000958
14 0 17
246037621 271297112 534864016 579471168
223284020
22 6 23
596005039 199213434 819998021 951402417
13083876
0 0 3
686761726 842632839 590527413 571347021
653224283
0 8 23
55457532 559847712 453751094 631860535
733271694
0 0 7
924605870 148312114 859826139 166724808
221593187
0 0 7
885939411 249359052 190583175 453487924
966384109
278933008 365525155 448979243
688909392 138093809 574553937 794185330
25247775
3419312 222510184 448979243
809097385 173017622 710625524 386088510
633739609
8 5 13
758320596 178925828 675563843 457176809
425581166
0 0 5
370577771 805180791 896460706 302070122
248899536
300768419 271677605 448979243
583321860 96193663 477075439 94263459
841268622
0 0 3
114485905 960273137 616028712 275828454
942043818
0 0 5
934878351 239925823 148805117 80066365
247984367
10 2 19
388736332 813755492 658289537 19355018
488366928
0 0 3
733981110 581611833 309246568 380610234
515454728
13 8 19
293410102 260981539 752753459 228502125
658559328
5 10 13
975358170 520948020 781884798 157620625
261305228
5 13 17
742976335 41823995 24876092 669425503
872800880
0 0 7
835258439 848565763 11047797 276254750
468028779
0 9 17
914838521 188008764 25411525 387599671
898323841
0 0 3
319415245 627002717 613435618 547504623
355706945
5 8 13
224745182 765718340 570935566 298070696
801013327
10 3 19
206920059 390606619 471766412 475556342
610883859
7 8 23
863965336 280722258 853005474 282005861
332100982
332543087 246178925 448979243
117868875 637241218 568881316 512290255
832766517
3 14 17
654609786 283465903 602952288 661975089
775550344
5 14 19
644968883 179379372 343658535 458520592
520819993
55248951 150872683 448979243
295767320 126055631 861715173 596144276
545017157
0 0 5
875583642 603453867 836189756 37377806
949797368
3 5 17
147825400 324310701 246485280 702549899
162725741
0 0 5
306451483 844687707 784168579 702369278
272005659
259317642 250216527 448979243
20033837 39502383 167807587 986753236
991421188
0 0 3
7237078 46947929 14243447 967408754
538745049
0 0 7
410306118 532720721 257004281 806674977
92089793
305594725 199299125 448979243
221488752 553413995 864358378 764747562
778896289
124800822 136811835 448979243
459741078 317773676 241648205 630656491
260686770
0 0 3
456592213 715592423 332429421 972709413
601706313
0 0 3
79062744 30033607 821133056 277616327
476015791
0 0 7
913724308 37654871 804621536 257750289
297529344
0 0 5
840010124 447116768 40607787 306121129
806112117
15 8 17
770836910 519657478 268689579 567150739
551796269
170074040 68397835 448979243
639380300 142375551 707204818 716768367
102950285
0 0 5
840500811 896765494 122255722 511669757
838434759
11 3 13
733924267 439200399 535005994 409992692
801780277
1 9 29
734850149 46286037 119541019 576367950
