500 287836726
131
242746946 27971865 569739381
377153666 691423929 105185172 742511537
385
74298724 270292390 285130926
936367040 774589477 496900826 266586443
142
268209865 456502792 569739381
776672985 567552353 710982404 823373955
160
2744275 520038662 569739381
721601411 593448540 998802830 162123413
159
344178874 158121473 569739381
585494452 341302257 296694785 633836374
218
133608484 389214854 569739381
739703462 675690962 75103680 251969887
99
195360511 447962823 569739381
205787851 512953377 218343150 454261287
83
535929913 46986189 569739381
554043916 295442347 234974316 911554379
67
208591287 431757882 569739381
235248309 238152752 404973030 296477100
363
121129548 364787721 569739381
928650967 297136913 154852916 914053313
128
92563266 559111008 569739381
386361465 528974679 334221665 841461734
188
418937094 305865642 569739381
61366893 434484629 782004008 265475458
127
21977640 118734228 569739381
334026306 818124625 476379272 472386867
67
140343393 287604978 569739381
183276875 859197907 31845958 680043791
409
529051776 433133835 569739381
625911819 753905311 237508546 714965142
397
341962512 206771895 569739381
789038603 71814480 177901548 620899845
378
96290568 265653432 285130926
378784029 506861714 48982429 162613135
242
25780896 86834070 285130926
132120020 896678804 855379619 482684182
312
481572009 315151701 569739381
916004133 830701856 745298593 422148923
391
145047981 306254985 569739381
100786494 65930798 246024632 433839946
460
551947227 142689828 569739381
376316548 485830620 869250273 250842610
130
84386436 528642489 569739381
67968341 761242013 589615070 51833524
119
362982606 124381866 569739381
863011697 958070750 896315481 346849645
173
9072477 79650255 569739381
852393474 276844105 285362556 598975162
450
280350636 139552938 569739381
59477060 38070403 281273669 733190924
39
207352326 186800013 569739381
98200519 713544117 28494984 280285067
411
108479031 102963084 569739381
23997936 998383472 505798238 136149621
345
27114246 195124320 285130926
608990344 61351829 13662277 322828429
367
414444612 119101368 569739381
662133205 841113244 685852765 353791309
471
199707372 11681226 285130926
335972986 182174171 784563661 628947620
423
222102018 46056213 569739381
217437927 939610233 219093066 438113041
295
501180777 461016606 569739381
52538661 277025400 769934730 296689300
146
106846770 49702833 569739381
198224332 386419707 571699789 245179989
87
517854594 154874298 569739381
160302117 387866555 336057215 349837961
149
421906572 341627103 569739381
704350606 367863949 713737408 82631545
331
117369054 105412140 285130926
163204413 858044573 529471394 757954463
379
269078220 136391472 285130926
69789981 328584788 68996890 777856158
174
480308346 409936134 569739381
29062145 611677202 779147631 587913825
473
151441182 119236830 569739381
926100134 556748740 115455693 574125160
465
143330487 543085821 569739381
737942072 246627050 681757363 748403239
457
374187252 333231453 569739381
862250719 322353403 168299587 276550081
373
242158509 175829250 569739381
146050123 77562005 149823081 172470472
95
264039855 237146595 569739381
849864681 782392432 577966895 366297041
72
149127390 304606719 569739381
280118436 111188340 768416558 216614855
256
500119692 212589216 569739381
414201926 220939072 141899174 655335343
27
464435907 287781069 569739381
391164515 838926805 141017410 819704460
66
467954103 422283681 569739381
707903026 93722140 196872792 115135287
387
447378663 214693035 569739381
679989758 873115544 452256916 753790771
396
75243375 539541801 569739381
989387155 853192300 46301878 544404802
294
511345401 9305367 569739381
711599107 37363251 716519037 328157342
147
164988363 311249094 569739381
565833704 335054788 579090923 954536981
281
18385431 317528106 569739381
205248625 418338726 462343126 90980168
446
130328784 2569572 285130926
947664023 801000711 73155340 78453780
67
347882124 148271247 569739381
998861983 641387635 445347209 3574763
256
80875296 299006889 569739381
231747315 368181161 715282435 796982836
285
41431335 337564674 569739381
641148843 939873842 223939951 201410892
87
285998592 475260471 569739381
279004542 577928708 787705085 34936322
423
393456780 287707152 569739381
558665723 258179123 36149912 539840732
259
356752539 55124508 569739381
719755327 386021679 904875388 238756872
364
61805691 300885669 569739381
703442827 12718504 111036900 24243280
235
42021054 150020748 285130926
854688468 797570951 858784914 102810515
373
51908586 117143406 569739381
445142511 509382501 786453300 106732443
254
307764231 272534241 569739381
204148058 632708928 41545940 703332346
117
564714819 15648219 569739381
12364737 485514329 521504157 760415675
167
341142375 355181532 569739381
208495300 901145699 320620550 137281956
203
214246620 33073758 285130926
156138048 19105770 94660793 575433489
264
386503755 326432868 569739381
122864532 989326961 491530571 908055397
223
313293864 462738927 569739381
259999790 381994142 559083247 318559681
333
9951924 99698610 569739381
118248514 697174978 631239339 899989781
380
131513277 54506358 569739381
585764970 797729085 498273438 312356266
215
201969990 106851996 285130926
773063619 238201957 988160678 158060348
222
241941624 425611797 569739381
567247950 102769935 733608995 514608031
377
149695839 337519476 569739381
682476960 352430462 742692712 928764516
491
259686657 159541893 569739381
514651285 560175728 839897427 247564909
203
494931570 328258608 569739381
422494977 652010988 13510156 822250401
493
418039248 39895140 569739381
683298791 925934952 633507590 974049746
399
122836734 31930902 569739381
377996997 691293293 337408051 767849329
213
25619166 552779883 569739381
640184798 302897217 8041437 873545020
423
240762837 69777528 569739381
265329219 822974803 582534491 446674038
78
317269350 111277740 569739381
805155475 528741136 323695556 466514767
461
121551804 106165044 285130926
719307574 463364748 445387010 735193487
303
384371583 4014270 569739381
741975217 913386075 631555340 363479872
77
237778812 38604960 285130926
199696250 150553214 782052689 406776441
2
329558436 251691561 569739381
219273267 343356480 454013341 648935212
494
120308223 166885986 569739381
411372431 416595418 37835893 467338283
262
353854356 331725303 569739381
593216540 609512745 364871214 692938675
92
42405426 38056410 569739381
253204782 875214944 785722244 384196172
460
26888328 508744689 569739381
521344056 70179667 116404523 606306563
25
424676847 447299187 569739381
755052724 622490554 354593467 172006927
364
213349500 66925614 569739381
925880140 60300984 185061178 788442157
151
298089735 566996082 569739381
303566556 969068701 232983924 363838759
259
375105099 339252519 569739381
121969727 11038341 915529939 911443439
457
109485468 5933592 285130926
800228640 797314809 680925273 898654200
369
66329004 449639364 569739381
815000582 831056276 114638323 449695627
281
273565908 262357722 285130926
840989190 830548296 989292520 319313462
90
63196563 374578248 569739381
277876341 488317139 553862171 373781333
432
231618042 563182473 569739381
471739699 540913546 106214116 648152654
59
9233892 206934246 285130926
565600309 26181411 456620644 521836140
494
186366189 497451084 569739381
331827724 439025646 732319888 762672785
455
106452828 223048962 285130926
68937750 116135001 265640916 983739189
67
251440182 256429908 285130926
753753779 160334192 374453274 166347573
362
367922154 481008045 569739381
800658786 379605629 373912621 120175096
85
393484788 198755067 569739381
684519854 851019423 794672464 221759612
285
409263264 202899498 569739381
617156615 243221887 567303528 448589853
236
250536855 224810595 569739381
773508794 679267099 91838420 969065060
432
12321867 356358201 569739381
441730204 273155360 517327845 933038195
148
237112863 81979896 569739381
756544115 881098555 381948212 890140194
499
465197790 242973624 569739381
575061628 847502473 649692314 833328197
214
559677729 278835180 569739381
167264111 35868192 132545007 599333686
18
77692374 139801464 285130926
75316934 259377534 253968355 485651809
324
110410149 37248441 569739381
172063294 223173802 893729099 700868870
295
530405907 534636984 569739381
907380849 944161981 800541233 267894672
466
338421816 232046868 569739381
347528988 991032283 763233497 244490811
43
88781160 568399695 569739381
436648934 76454946 663337994 49478276
490
91113930 153559749 569739381
971142600 823731900 124114169 104338912
25
221590998 20098368 285130926
849472654 129113518 863018309 557922366
420
102037086 125822646 285130926
927152448 51819002 220626100 656745574
328
288614469 223121397 569739381
236602752 849818498 784887390 646739967
206
530561628 15797157 569739381
631956944 741655076 427604695 7671794
48
435085254 60215580 569739381
451587466 711005248 791225550 160243183
28
152240913 1800237 569739381
774334012 30950054 665457154 823391202
360
138278448 121759470 285130926
240114213 898004692 827472319 330267201
480
371140638 367987254 569739381
929709986 104350482 578628003 776669625
270
39412179 394645239 569739381
584911088 956228413 267204690 570344774
127
57148686 23565204 285130926
313686127 779864975 975445651 386270597
386
29735796 444023967 569739381
498151678 800230556 815992064 51490465
158
52700574 405100035 569739381
404264360 763613650 509966841 975802759
180
64215678 471686502 569739381
295694059 280843240 954312333 458096667
16
279943119 241629831 569739381
700803931 484355384 492708238 530567888
438
287557590 173966778 569739381
195632951 374971409 483280371 169245289
387
197743767 507021462 569739381
777513156 363855706 210029274 596719811
343
254263428 106976556 285130926
339016191 795827977 190914189 708116394
163
180526611 347076771 569739381
237836787 368225164 115572832 262164146
415
263703582 29845404 285130926
337774151 390189939 934239672 634835826
152
277644582 201738222 285130926
167699950 221598858 244463399 183150791
97
286825947 568941273 569739381
885109212 338175446 69602568 771129221
457
10127841 96715464 569739381
663600297 592454427 218989846 991933461
277
449489106 357745773 569739381
178520821 262132728 374746479 935004672
151
248964543 30930300 569739381
733356417 568801422 870217369 535108043
67
229166256 558474348 569739381
913956658 197140252 614188935 950621507
223
341265750 532074396 569739381
480613245 144002353 259999195 623542169
341
502319163 300417504 569739381
859158444 517373309 745239859 30741446
131
539272770 53386665 569739381
410940986 869230204 606610099 349650045
34
441681924 72238548 569739381
351586660 673943895 625224902 304184138
192
155261541 566246202 569739381
235602716 438112232 727631987 986801673
311
535335234 402412500 569739381
143771425 755249550 952700430 602600520
87
24128817 363748446 569739381
485387703 743286824 831026066 271987282
432
81145932 172030530 569739381
909266315 509314424 706192927 430051389
274
241871346 216105426 285130926
646877743 137577990 195809927 25344791
318
73182321 252959313 569739381
990937027 578586044 849458279 680348049
373
352539765 288743256 569739381
850377840 607076530 671485324 218591013
352
43618143 152079609 569739381
230488373 422979403 486146162 475387108
424
569002542 269564031 569739381
613880409 979698336 499926253 22959566
415
98707860 189035676 285130926
711871380 641056897 462046817 651763896
334
264403446 273122004 569739381
291771951 733414013 468398731 467210188
278
26743356 325326774 569739381
618598632 357724868 783500889 87552025
160
108460083 127584255 569739381
870160069 297413447 733734317 424470863
138
434336328 438192288 569739381
886051791 844233322 283391946 621009676
450
568408128 46705968 569739381
294149891 456234021 430647299 25141659
25
204920010 84053790 285130926
515399551 224823392 797444362 863161991
390
468662832 523980969 569739381
115327625 367254448 571560421 706735091
178
429139053 424847826 569739381
943065199 143678169 766580311 745907493
374
89881488 138556728 285130926
751710618 33251661 425818526 911177263
275
263879571 147601104 569739381
969923336 454008455 988285101 93661714
492
112332168 174308742 569739381
253899252 404522775 835664215 401428791
84
294799044 145017267 569739381
594272771 854975818 443600411 409452537
491
4742877 196541862 569739381
609469130 803355528 261597412 203421769
436
521746629 381211656 569739381
147343705 961444789 639635760 157277331
191
541242051 499224063 569739381
848126521 683114092 495050906 762229628
39
139459728 186789528 569739381
470341655 906405271 887144062 676086904
151
8498232 199761066 285130926
92467293 199425608 71797633 462726363
183
269570658 215980803 569739381
598818148 839266132 503067313 576039214
14
495868449 320181708 569739381
861971431 477099587 185639692 952483409
491
99552402 171555480 285130926
463886562 994314750 858045639 21592599
404
541091445 494723085 569739381
943115390 664767912 350810176 26894209
388
431590317 155105439 569739381
414867473 645297977 303397001 977056116
360
507468819 375802920 569739381
899382026 177057642 396941054 207463723
366
510340842 353774187 569739381
765613025 19282790 303918886 647500767
433
438773139 343816053 569739381
956402781 994501471 32080033 217390613
288
337415631 468672918 569739381
544747129 964584958 1174010 834390790
138
342420039 226606386 569739381
985458800 15725488 434110446 57760504
222
27889995 251423982 569739381
873878766 605844941 515482000 457401565
358
522499110 192706740 569739381
682267547 923193774 677090044 628439470
160
20068644 365252622 569739381
159967387 782720692 847361094 540524274
80
529314459 76435089 569739381
499662173 723837482 592373860 826940344
494
233105940 82474776 285130926
543115016 332199343 892206523 469881400
455
66514572 133254882 285130926
745467884 34897744 831973000 161541529
379
539776476 480903318 569739381
262985468 870614362 183121410 679347665
460
439332741 49582758 569739381
451740636 60402139 677764233 292687939
466
462234246 94242429 569739381
980648096 961554321 658569784 818539082
97
26424750 176481021 569739381
783305931 308706390 771199409 678895402
94
302629515 336540687 569739381
110446245 302978116 808445666 29128128
274
89423019 430877412 569739381
960344713 981831971 997756503 394793131
57
489806949 323085630 569739381
509296598 77237421 875383946 962047704
199
154332138 17264391 569739381
672154231 71512524 425903392 458139508
276
219070818 238230990 285130926
25774520 465476166 884883154 989408889
239
405327600 234686355 569739381
33115940 706634279 493205053 433216944
459
266448156 218605881 569739381
793238271 633767675 664056556 25045383
425
156149637 467431908 569739381
434288258 182728991 215043531 255079675
207
343694712 48335793 569739381
785943255 293817647 236959019 932979242
266
205549836 89750874 569739381
600644978 294288600 478923245 972440849
249
34724436 238503651 569739381
124205284 962474079 559171348 813673767
128
69423840 122358510 285130926
836857221 66067745 772624757 855015849
134
233914467 15551835 569739381
166496277 658286186 45536311 678749389
331
439615197 304518399 569739381
714661862 686767319 483157253 381162390
365
42686058 308853066 569739381
164570790 417387696 164395049 927267443
375
493239879 259163145 569739381
563723429 568078584 855001906 482769762
234
135150252 290720457 569739381
636361211 202182516 75983074 823571140
409
65738880 97348518 285130926
387955 407677529 769663670 674326269
316
490835727 284626986 569739381
583769708 257789322 713444716 505521379
94
306134841 121673076 569739381
164494873 675685555 148510708 885415312
57
22276623 344118126 569739381
129590181 296587887 932634457 176977295
330
478194195 332573616 569739381
890786339 679163671 176492785 953480104
124
482469534 75722469 569739381
906700645 707648373 962421087 747039015
480
297107934 220596417 569739381
54155711 427598258 499332682 405860539
327
190893186 72849798 285130926
726194062 676307237 112037584 944417057
353
460191030 433133097 569739381
304548874 927974159 514594634 52211283
200
69849000 269775720 569739381
649899174 757130950 137776405 164680954
10
158452938 193203198 285130926
220401894 520143450 939614074 681694544
158
19194237 150515952 569739381
568759079 765046034 35493691 71433160
352
23794488 107459154 285130926
287246141 852830313 930075501 488000347
331
456602586 38352654 569739381
960302920 792406402 113542599 649396691
84
414360150 282070623 569739381
383735766 681573158 323885829 234485736
84
523597104 137738811 569739381
131526857 927618227 646719830 662918220
289
281454510 147865542 569739381
461053942 646446082 62834042 298794409
121
343453866 568891329 569739381
371811660 463018955 154329672 527572043
25
480240681 461353407 569739381
665671473 449091997 980268390 258868449
363
535820001 357823254 569739381
431602799 999950167 313716811 704482379
278
289436166 329438604 569739381
101647941 135069970 433608598 360804003
322
503558139 368478423 569739381
719105776 635619040 171285846 510910125
280
214449750 233373654 285130926
595919367 840430504 338990967 386228965
409
529468716 382524486 569739381
503419759 676997449 172545013 142138862
1
384109497 128821014 569739381
399469188 410008330 462769993 449494371
263
499694127 245772498 569739381
143494198 691364617 267806255 818954549
195
288354372 56197149 569739381
86944930 912417386 902830388 801903931
227
294789144 142482150 569739381
276224273 122317166 87287774 27399618
328
59067648 255291570 285130926
900332119 681549462 756436096 433643548
212
54767841 32081493 569739381
994123253 641399570 392680796 355759259
316
43332990 105625806 569739381
617182731 692155095 949825117 476402345
83
349302696 447894618 569739381
758701254 808859952 301810731 275184487
349
211035306 99065979 569739381
263925219 155222894 398195217 173989982
276
366043992 16708176 569739381
63916657 196779297 658187903 835239612
140
200672925 344945562 569739381
326509993 518723793 81789249 981683808
465
172710432 139556340 285130926
895910082 90056413 568295783 854876756
256
15884892 63155970 285130926
445579092 129561396 986345203 662063998
38
404947476 46762575 569739381
591503364 583509343 749199830 337780013
340
292098135 409713498 569739381
962925592 780999907 488373677 792899245
331
127912371 456396900 569739381
628047901 59285461 743336369 263935362
121
20700528 506504409 569739381
45274452 393780416 882734512 666564117
409
219657897 531167049 569739381
636790810 805056398 141042338 699802659
197
200098368 341631768 569739381
720678316 633311689 751757887 353526820
274
48531147 414737475 569739381
870987459 826473228 726201709 694005642
181
247384569 230087442 569739381
658342827 746221979 141680912 488875490
483
427981194 123527433 569739381
214405791 403071828 994665900 330188005
293
89374572 98106480 285130926
321055098 456015279 192000501 85007362
10
535703436 483685500 569739381
604445454 959724137 339639473 683451858
404
367086525 191121435 569739381
175563960 410266211 714687426 194793459
253
228965580 258841926 285130926
910520655 46462828 854844156 786989855
38
124628076 141166032 569739381
502383553 422558490 364166252 782625986
439
249660768 127165884 569739381
5310662 154388987 118190109 961290831
246
60098625 193986150 569739381
553871527 558073939 424464467 904461657
306
400781199 495456498 569739381
970325216 860531817 456059697 617354491
330
356652882 395213583 569739381
552172521 630678727 168927165 298626199
306
248293032 77643420 569739381
913679163 139058014 968260481 639388446
111
404434077 241461126 569739381
430381916 243693633 257200614 723163870
16
28116288 197837550 285130926
757679053 905311521 38271739 444956194
68
387111588 560152887 569739381
549938043 250225061 990459122 186859118
314
256175028 50092884 285130926
599078462 302238674 143829075 670181798
92
195170007 120507555 569739381
308670000 821112861 949990693 764587578
316
512600874 376474437 569739381
701381616 932232077 251829527 532047077
366
21360456 78004908 285130926
191896431 168225909 562936373 201636413
114
394826790 461439495 569739381
67853615 567674598 82844457 89431971
120
336685296 147988383 569739381
830368984 437509833 31399937 660885264
195
117609702 372212190 569739381
37230601 574082404 619632110 696127371
178
494214648 462515013 569739381
850698939 258588903 725463745 939987124
18
186680799 190712754 569739381
535309751 355400922 253349845 552910711
177
567673374 398208198 569739381
626915919 797733326 727075963 23789659
489
94071 166945620 569739381
405436241 109472979 178905679 476307482
11
250810206 498846357 569739381
363025166 529683164 765968329 100226768
470
161378568 185802408 285130926
84734988 877951163 43364497 336529207
98
80999883 549671886 569739381
213089183 785241530 162379027 667051655
447
564993051 359049363 569739381
219877183 837275826 904064167 835944073
431
279074376 51699474 285130926
421379626 106268033 790046775 968493947
320
364783836 209989974 569739381
308300018 512563687 39021784 692055989
245
36973854 15983136 569739381
220349358 222447813 243611395 779822283
400
66635250 161914758 569739381
98098887 801588096 217592231 234361020
314
515129085 89841501 569739381
629339491 290974638 269091379 711748315
103
145580580 30870666 285130926
858451236 574953473 762472062 591530001
200
309618870 561529362 569739381
608186344 412336208 650978406 260119968
387
195806643 1926690 569739381
537510056 626388619 596366084 63732557
416
139682844 241550532 285130926
470773455 936429105 434930172 416795526
22
1048266 131576832 285130926
365753868 868427500 446835980 106910557
235
347332995 373787298 569739381
542225781 266135903 518530173 939369252
91
542440530 11348637 569739381
778731962 351019231 57731659 59132999
446
48493359 537128889 569739381
245156496 304992237 32108390 422323387
182
327593028 545922783 569739381
84110530 48731178 311465371 606369184
291
54594390 441679968 569739381
897200641 48293018 564484802 404857551
161
116453340 101427120 285130926
977039369 153098463 320609351 780284745
226
354266358 362186757 569739381
145771058 62196664 498302889 131995303
209
273237438 419672322 569739381
375639377 400614769 703296738 806295455
428
226012905 309367257 569739381
745477909 404726229 85994212 727866888
132
326373846 189867357 569739381
415696404 562815920 286334864 100265749
6
289742979 338800659 569739381
696164921 860245344 373119586 307358014
212
268734195 299156748 569739381
166923822 836453324 817108318 310928601
257
170273364 174827958 569739381
713035210 171317410 832104796 86565289
207
207679932 364230720 569739381
866942520 75287126 654313867 818088957
391
26727432 217525431 569739381
759071951 1614102 589049030 78848796
229
96288414 339780075 569739381
83935488 690344477 18850924 536136330
135
217451415 504331098 569739381
448652078 422173090 950819274 367842872
259
268112568 123521745 569739381
409184893 973173536 454659875 965879866
32
310675212 483968940 569739381
659779158 71661497 576994678 919855848
398
40714761 15487989 569739381
523832259 669974289 73000075 614469315
79
195966927 397494057 569739381
473417093 774295084 736660579 29622698
349
132684063 243750543 569739381
559821816 95873316 920413536 43808010
68
408764466 521334537 569739381
493629952 95717299 782445240 33239151
493
126910080 82571904 285130926
806684846 526496816 904665014 295130712
496
119766480 248216427 569739381
93507150 194788650 71706345 912279737
458
359627886 221108013 569739381
672420152 147514850 514937786 656468762
458
30524796 41250168 285130926
235616377 160810088 816221456 828855591
269
82024434 154072242 285130926
671718216 932858252 795754102 841233014
148
5339988 8837208 285130926
925279224 598939123 279851788 480495586
448
256127106 331388763 569739381
20044801 980839110 150634324 460896784
179
113339832 511486935 569739381
347880056 710695431 759830886 445310709
414
266304708 77045706 285130926
810901692 240078121 532657238 21882870
101
168182007 375281082 569739381
980373059 392093272 235066348 413542187
309
527950059 524726949 569739381
135201532 500405356 113880422 62869929
150
139863867 159725781 569739381
371396695 291728088 26717201 642480813
306
41044644 46864152 285130926
638586161 715681082 662697198 51990581
309
277093752 279980967 569739381
566461847 257943654 698388831 231179009
9
76557069 246193191 569739381
247105348 93103222 787114899 656672077
401
144226206 229792518 285130926
897149636 254926734 88342352 717405443
451
147452442 346052859 569739381
91912584 489931035 812699082 398503855
224
33223437 268611006 569739381
549425338 941308233 78861206 977469607
442
565775571 353908284 569739381
494784637 566841558 512652546 28428424
354
543041700 138594558 569739381
912340506 46360264 133222182 795207810
209
236159802 243894672 569739381
901822376 34566058 877209087 294196453
323
134680884 60705330 569739381
172779245 10713588 356556548 915611232
330
3827970 5242896 285130926
775118379 33141602 897267610 332213163
116
459405642 337553496 569739381
350875691 957323865 640251360 591388068
99
511515516 504031674 569739381
946900772 992522592 870384961 891989767
201
331443069 530704833 569739381
170830562 550745734 148818703 897673771
363
270749211 511455996 569739381
354867930 26086524 626017553 469477823
465
21058020 446307657 569739381
537216410 886366329 237127728 613072108
180
62639766 121675752 285130926
141838214 117011228 437711827 28757624
75
129075210 259796862 285130926
935538172 488016630 9561008 881580205
46
118330866 12601602 285130926
889530190 593334459 876239151 485229689
50
13846230 154593774 285130926
347021450 334896096 139159114 624143084
111
522475983 399028293 569739381
12008329 226174553 876757627 792863922
495
456212991 464157651 569739381
187372496 499874939 358709635 342000713
172
62886192 514635876 569739381
551667608 144078755 372075194 688826188
382
277458516 342928509 569739381
802180939 31736069 103266647 407956403
431
64520910 509890128 569739381
575876210 28084113 843665451 560696180
391
443840301 266205621 569739381
794382126 60000229 353511651 264506229
194
387607887 140376852 569739381
649746281 332374913 418831190 666573387
315
211224345 560557905 569739381
916067395 835973228 19422921 177640314
267
23582505 252249747 569739381
314094967 383712669 263764569 813908236
21
417806706 293976558 569739381
260417067 944963354 547703529 165388404
431
422695587 446002047 569739381
97030894 649069614 664707594 269043160
176
377458137 431044113 569739381
376032615 811785767 761459086 290718712
81
237719652 58656627 569739381
735107588 280818943 646104051 711624670
346
268388688 511501158 569739381
867887381 651193148 763748677 385082132
143
236137230 226645818 569739381
390807644 882735283 214019900 962682722
469
225833985 308170923 569739381
387605198 859492644 968914654 329080663
294
95274783 480775209 569739381
621064600 362015941 829127570 332347575
402
204615342 31627704 569739381
732932374 73799262 533684432 554762831
305
126039294 21329496 285130926
442190689 301265536 504344552 657861349
488
29120175 19330482 569739381
997795034 717883997 36175261 84115753
250
55144260 278288694 285130926
533170346 764439401 652741273 316230901
466
223250157 216198816 569739381
131728864 6483357 162812596 603630836
385
83189958 457139100 569739381
607653317 294674927 472214035 901412475
308
386733144 139040019 569739381
1180374 477823150 919492299 913156238
337
208235466 551635134 569739381
560698089 444895466 655307860 895320087
76
197781927 395652456 569739381
148017364 563561672 468552515 460031680
167
140519985 1213635 569739381
962493406 716541388 441776893 586456169
222
406124937 280111716 569739381
528340521 12392505 889375314 705650165
277
263157822 133663896 285130926
376938426 175516977 351545429 772718157
259
97352946 81035226 285130926
501186256 877336295 364695367 948941893
402
355688736 168086346 569739381
487241478 673431608 267378975 663604789
377
505071408 143088228 569739381
893303152 419773772 742628011 888144861
308
132281850 513158811 569739381
79953408 253223202 986683918 170154930
400
181468215 488827671 569739381
173720639 867888713 543964141 118325139
347
223852959 391196970 569739381
494867296 837072747 813844975 124926564
314
463205724 270230784 569739381
289527289 600446579 528117438 948539388
476
220668957 401909556 569739381
440607118 467489324 450909394 924179937
168
208238604 108732552 569739381
63274158 229773342 251872569 545405694
454
286185936 19557303 569739381
485896620 387077506 7949516 324623885
258
504249201 95764143 569739381
778845186 86454679 675096477 306738973
217
439630659 264719565 569739381
54625237 745895611 384456036 814217135
388
326161554 71375412 569739381
758756005 794793112 713926680 167303170
172
130188576 373375896 569739381
790980755 42443067 98499334 999569940
193
348211647 537275883 569739381
722466482 262400511 809706023 900663155
484
406926510 554491932 569739381
269233972 40177084 624364758 547357794
266
561931878 193044441 569739381
814215875 146392651 358410283 559053883
295
142911738 546118968 569739381
402144038 920508965 735584072 378458968
209
361526442 61357992 569739381
570001796 776141179 758430438 904057747
170
147454575 431320185 569739381
870842246 662419778 117314987 571620193
427
459247986 546786486 569739381
376994199 128728674 745486571 74993166
460
253186815 264839007 569739381
386727144 968122610 990186367 847970012
435
152723340 278931492 285130926
341790274 661620924 305535960 686632296
138
330893067 400169631 569739381
541071142 565695266 676690981 990443592
406
479504955 354472794 569739381
708353356 235069085 46819841 785986936
372
218930166 219946950 285130926
676572840 598207632 288043544 40265151
103
212734326 253757052 569739381
93258476 17489652 771063497 353071053
86
124911486 177824520 285130926
10094014 825496372 491091700 615756580
249
176836842 218141106 569739381
719015088 679314081 698062785 365957477
163
441137385 529961256 569739381
72894155 627906368 454579693 313542768
63
11787297 250432569 569739381
862586967 887756071 590773209 355715226
370
97788726 156088947 569739381
524942742 741588508 469078673 396686768
473
448768929 415607559 569739381
710221549 194118625 31793397 682024826
461
434588571 356991246 569739381
566062181 13506283 206968727 876001955
378
178579347 482692248 569739381
663262216 820666915 332829288 702671289
115
146387898 243902268 285130926
5418186 465276832 124937585 889041540
411
118346679 313357347 569739381
121691660 147873528 506228547 45225560
176
429686889 251306667 569739381
203509760 160039961 243726592 401334225
422
107710107 567660951 569739381
757703257 929319540 7762895 846853910
483
230972670 44746326 285130926
540190793 435304207 600923014 84179488
208
262455234 111371112 569739381
983291125 922048354 279947158 695072929
87
70058682 122516244 285130926
772983044 970101915 72658246 479765371
456
52102848 7437405 569739381
670114319 7360229 292374881 768893656
45
306562026 472286208 569739381
89037706 534666255 850665850 148207383
351
311958120 35664099 569739381
325247724 504890738 791922220 796554219
177
509122464 73124859 569739381
443344275 479435132 920136289 781723740
70
491088177 455293821 569739381
774812564 348038875 304229441 544751409
393
260770536 107682912 285130926
550839822 744630938 524256330 667610794
471
297509718 403981953 569739381
847533696 200003059 92055538 134751047
374
441905913 43883370 569739381
793353598 591331623 568380534 658889406
193
252789048 196416000 285130926
859169877 666530010 79231929 444100635
235
538041870 111465267 569739381
744286465 532141486 735674515 84191836
120
432816543 312637575 569739381
941283615 994944759 726414683 40844038
136
36783828 514069998 569739381
381558417 981997744 2468418 215237265
487
12780594 236980800 285130926
926840101 437122575 205686344 448888432
86
274053366 279598662 285130926
668087851 255838840 577748828 728055427
299
116378118 217613124 285130926
413887046 550805010 819721758 882403931
65
365123397 253276320 569739381
998280629 666145263 456205141 375514387
294
156221106 568592085 569739381
466628598 13654423 91568948 158462809
29
559555392 507405702 569739381
706783748 274311442 313355633 491969527
400
532551789 221828103 569739381
675861244 765333078 186589455 814683853
119
114255618 433124190 569739381
604518239 2400371 726262617 703157021
404
5174505 162036120 569739381
376523875 848403981 196383015 164325335
161
366148281 389921910 569739381
211586390 615343473 131233737 620298781
130
227971158 455246694 569739381
72944628 193922235 97804200 237266325
466
143040393 441923130 569739381
10075230 584245227 158406193 604483766
176
562122024 86819442 569739381
335937109 748518398 12515677 447393399
17
319508136 333244077 569739381
965937815 283958453 106359190 44113660
147
483525465 403340004 569739381
610269577 601783853 768146703 234912183
307
336150249 147688554 569739381
593209466 587962175 43400948 847670863
34
298656999 93483885 569739381
533626116 398259891 470733424 754855464
487
42815448 229526298 285130926
82668573 548409763 562124201 431939009
452
354115239 121215735 569739381
201176323 721003813 647037998 478999340
33
565516557 169845492 569739381
889879236 227912490 166894010 473504724
74
100305090 54841950 285130926
410798223 784120265 899984734 853577055
174
335936349 385509567 569739381
284495434 139927489 828167711 403633849
61
508762578 347499213 569739381
12871293 281597359 492473165 156463844
160
114754194 563234640 569739381
668645852 103212300 227046635 816355371
368
261188172 247810248 285130926
213153348 107064818 852243560 842615819
65
402495003 373316364 569739381
596209399 680474965 315612984 69388316
345
360389232 195633612 569739381
363644441 821313827 304073429 404881342
353
280364085 61555956 569739381
926775806 996867345 703445469 162223779
445
346302345 133499439 569739381
207243917 224714993 215488491 534835878
468
523687314 507286686 569739381
998921132 970123128 770504170 781093397
352
194355348 14896470 569739381
664509717 430219920 381632814 713321429
493
160008018 23339991 569739381
608529794 309237019 65195514 572561072
31
487157829 324234396 569739381
387867694 311225334 34994035 73982801
15
509612421 262552881 569739381
61913442 901290308 510988165 875037386
325
135027180 232382214 285130926
768644465 858134264 230643923 808771948
19
132163776 209632356 285130926
564113106 29764173 746628158 694616491
410
397928316 131886465 569739381
359796086 656232709 696500743 232125987
52
280467636 166799154 569739381
373259482 299370134 728404731 879196526
491
185671518 303204561 569739381
446093937 790336586 631811857 528279506
374
86602962 151373244 569739381
139296162 66158902 82559914 370937674
378
276955560 261617076 285130926
788049944 386134854 835399400 274644233
115
233571186 134332182 285130926
845224779 210094128 876993104 609748373
297
242010918 113485068 285130926
758890263 793236548 261272451 778450600
20
509509623 23014086 569739381
757038191 771367615 213339903 232131516
357
115853796 106123197 569739381
28074977 120220552 876629301 964343608
168
228633435 1897716 569739381
947621259 31908912 746385104 21207372
160
257134131 516420456 569739381
951487063 723852491 527037446 496739511
461
48308352 12791091 569739381
676812273 155584354 198321665 546867259
468
281760675 528237822 569739381
33849792 25696303 336745843 779727297
77
299034087 50333706 569739381
184923032 206822185 949544651 869137976
3
42349863 266184381 569739381
939809607 975374352 30132823 516346966
206
269879571 473298198 569739381
376114359 70061671 219177364 17711023
403
474723705 459500502 569739381
114150431 520314108 407301133 279630285
249
548657760 395345619 569739381
625999316 314568384 68109639 626464102
37
478067352 241434786 569739381
721179857 478644371 384753392 740132522
453
315011688 208303899 569739381
54369349 664559231 124058926 400395177
377
555997722 350475684 569739381
7223243 661503455 625452744 73098377
7
505062516 164810964 569739381
882739282 108766454 152927382 800165616
310
398049639 246555966 569739381
801485946 424472103 977910911 845152176
497
262234698 138841620 569739381
363468978 837604932 490055550 321317027
125
502598880 111547416 569739381
53297375 950798762 42249524 933138000
262
124666929 60957843 569739381
652739590 415305760 431083076 502024510
6
293337063 218279409 569739381
180260076 448788950 993711371 851956790
177
214796160 100666407 569739381
376462245 591375643 12217990 772958291
111
89296821 314336496 569739381
581139546 721649402 293166367 586636858
54
253776474 223060500 569739381
294449833 860416345 877307510 451675563
315
132002520 516567384 569739381
666538579 16737807 826208738 488962908
412
64972104 112000461 569739381
774357712 522280901 437931921 32486495
258
550681491 231147996 569739381
538181902 205770294 558492244 908586117
99
419605266 240896088 569739381
781799925 99089955 184696488 698254021
