500 80530088
293
169302050 139123600 246932370
146523840 409794296 489717055 578276263
121
122892568 59631490 601749706
970090678 397524654 489933544 827921897
261
46506782 374733810 601749706
2541297 99073843 947777564 906182172
220
125936552 389009598 601749706
451081058 548236355 212571154 782303862
169
71561312 171786346 601749706
806912316 116276663 376975541 134553412
156
283133580 81706272 601749706
238635073 100770602 40268827 6518171
119
285052494 418139304 601749706
856825134 758414559 582898487 294730935
139
283375302 378300808 601749706
673165631 892938467 463841070 691566147
477
38882548 98039852 601749706
155638392 726370584 273310772 595452897
108
310974340 272231490 601749706
107848947 616390072 129615841 455573784
436
100709258 343920228 601749706
944860778 662664110 916702714 958451621
94
467283922 431730156 601749706
209835790 108947433 724799241 81520562
411
118955324 118346956 601749706
941074640 684064606 537197592 14982727
389
107052840 492100774 601749706
500669527 209640549 526397468 25437920
193
524949802 179895720 601749706
261581626 300379699 898626626 908397555
187
44651600 104847564 601749706
42996812 924393080 950765279 768892640
28
358158632 60574470 601749706
530036385 869105524 151033878 52483513
155
258419456 308372350 601749706
683127501 423114692 998284274 503549252
259
219492778 576778658 601749706
505312609 79589123 703181683 432937872
362
490748462 562479404 601749706
555704947 625081545 500545372 208449105
266
274442610 41697906 601749706
576170316 350386107 896459074 511868847
204
34786066 105493286 601749706
951460682 874122867 74784705 273231506
419
192723236 129950434 601749706
509921559 560859076 681641484 354052635
65
148380872 471802834 601749706
365016037 837951066 649260575 403113275
53
200118964 133181378 601749706
163104796 117346523 754437465 995546431
40
246420738 519453692 601749706
507553926 944879533 538859000 842306705
56
165444506 538108716 601749706
464684541 90076311 101274663 123835517
303
248954962 196759776 601749706
614040098 858846382 374550039 406340786
94
431733856 19373752 601749706
925322256 674808757 569916661 294403526
59
34511256 230328288 601749706
509338178 346262591 589031540 118005235
163
233664190 340157452 601749706
924835892 815542999 87317028 724618955
325
11197764 145982710 601749706
972978055 776132274 473559869 914210901
200
43037768 240478798 601749706
798403924 662129455 471040951 303981873
466
57787940 7658080 601749706
10133883 648074083 872208227 40891941
437
568008166 340934650 601749706
878306459 735026558 536494511 861542043
325
599091868 67627236 601749706
54310114 888001476 648491693 800529160
130
447922156 381896 601749706
350174239 638590958 879180492 207737353
389
299141914 431381332 601749706
586696666 619105670 280314943 943733241
459
294956658 46448066 601749706
557978095 582060520 187140161 155379104
305
451626614 570221560 601749706
915054556 599215121 608047577 959504782
40
380997262 17170742 601749706
653307780 190366914 564426878 722404681
220
160425318 350416346 601749706
200175793 266673947 602728078 429124163
220
251456060 304893038 601749706
673166663 112483456 888314160 388174255
438
125487308 574228726 601749706
654146923 936791216 498841486 501849072
375
365630664 127780986 601749706
512726802 383887696 728226704 566940438
106
598493172 87815738 601749706
915650248 185908132 926072443 611238530
278
453692772 108107320 601749706
293275424 419131 724238629 372243112
213
174200300 154280730 601749706
650045094 468163352 345009131 26447364
34
24508374 229538590 601749706
556898530 492622093 75866494 462068107
478
44346160 61578820 601749706
924948958 533363587 208380330 706621203
326
486713788 68323758 601749706
954128870 186788554 997085821 800296376
153
201874694 464699248 601749706
385277882 840455637 415510527 682567773
229
203116922 541590198 601749706
591000654 369727936 696003723 920271708
261
356953706 145533784 601749706
587265759 143148908 13650887 473009321
243
473018036 57729556 601749706
737373142 265538246 844013325 851351199
364
182669446 178369764 601749706
819068451 274271862 528762600 54179174
21
92730150 250370410 601749706
37377929 461740846 211982746 134211687
375
545435706 526672302 601749706
860952932 85659828 960186381 673889319
356
369179534 285880030 601749706
355595944 984702130 382584258 383702114
179
498133512 204542020 601749706
160080174 848203991 631815869 805507426
326
539386864 6896296 601749706
819165964 612885533 362815330 922040863
338
531627388 421194200 601749706
790903210 494657440 782586411 482660426
98
43990352 392802762 601749706
800968607 449588291 118264621 776929520
14
385492702 302348764 601749706
166102321 263402209 571618524 561996627
372
40397862 140292114 601749706
955346922 52027221 675067980 485335190
299
138608432 62135748 601749706
743784533 37648640 207808256 900583930
495
172933880 406022132 601749706
594028466 330999668 161194755 112047395
285
467521614 49578474 601749706
796726034 921675030 294593685 938687341
151
401652582 540590170 601749706
393079721 471416265 458052068 309952332
457
347068468 8620824 601749706
371603881 98940683 169076522 92191227
452
89197780 84031152 601749706
448324366 461111845 918781281 347744233
438
204125394 53978594 601749706
821935456 668474191 835628229 524025460
106
90365760 61162598 601749706
419034005 923931981 21890855 193036916
317
375385194 355311476 601749706
537552051 455128223 131734184 826441797
435
124308262 521297228 601749706
666322948 761773377 774308679 516164293
47
488355122 531499930 601749706
552564700 862463537 183159253 411303695
6
505960522 195346774 601749706
402919952 991122977 61819070 396523532
116
482427074 282526196 601749706
719996957 657277963 877617389 904361759
497
342470312 79057944 601749706
403931076 972271199 411218685 787220175
82
270230752 27412792 601749706
864187085 763295643 571514136 244443326
218
443775078 482170912 601749706
538478418 498708801 48722241 217990078
337
280223718 371232704 601749706
555348825 530031437 997223654 163836870
52
349900604 392585162 601749706
621512775 822186092 474599599 94706385
285
146114042 441056884 601749706
49249654 33780255 972897800 134224252
211
566921446 266948886 601749706
939382723 65639978 662879523 692216356
261
445582224 150104004 601749706
87152385 66140294 115938635 825959018
357
591860402 413700268 601749706
93601730 509418031 314043238 201760412
313
267074680 92501506 601749706
664661757 849253189 75621168 354287059
327
367003298 7721062 601749706
406199717 769608911 7328042 395956269
455
282559298 419934098 601749706
91079486 29833698 179794268 427872847
328
378539920 64051648 601749706
423227344 173778796 247776126 322458918
304
580814538 459884236 601749706
131634608 662698740 120369037 729386898
382
341207948 552628574 601749706
934103144 951790341 611004454 57721171
84
107275254 287527788 601749706
587106293 903710706 87002584 353338012
233
170360606 341443176 601749706
264044326 641129906 817839163 721678773
304
237921212 375422334 601749706
720342820 879054681 362747254 35617746
131
42935470 280345250 601749706
996797247 518731057 724559933 460784848
234
24114476 41656354 601749706
542910130 320801758 932101355 724488280
390
504574210 524519430 601749706
561536702 191628920 341595769 946336203
220
321613094 531524602 601749706
31477615 488604217 246451460 730125098
498
347520834 548638526 601749706
416768274 912473876 589029738 185939917
211
254841642 443540866 601749706
691540253 965143647 686771136 637994004
105
448980388 493474798 601749706
883009219 786842262 492792182 692211588
200
152526280 489636606 601749706
82737743 186352039 238927669 398280870
41
27406630 427059788 601749706
88969297 741810145 161172604 204969062
281
497507628 185425634 601749706
976396016 980761040 864447680 509014981
158
444275522 519202432 601749706
888811966 507918160 101897959 998218682
393
300608524 249883942 601749706
204067933 362919209 343202044 796903647
204
185704872 119725516 601749706
522444245 733452420 659768141 226018705
69
515377818 294426144 601749706
261699633 694636967 364835397 271555418
36
351743734 499445622 601749706
10805375 697954495 921362011 441851617
14
158111566 272540024 601749706
442575115 111996712 978267922 267690853
97
260932780 551660 601749706
114752551 732042861 420247683 919078225
448
409487472 40022126 601749706
33578810 679539309 371943939 269078258
260
122548776 510143572 601749706
643631028 472464434 920525218 226896691
265
140011508 564422056 601749706
44069037 51805692 932110307 142758559
457
444431830 43320324 601749706
645424470 945790973 877494751 296551083
151
42524608 30950130 601749706
58519459 277461092 166473494 436156176
143
23503674 188332902 601749706
111741848 485079149 735857882 168025341
468
243374084 239271012 601749706
187061222 428404512 412777213 215410665
139
295370784 78002324 601749706
834759400 221791929 63635236 413310713
371
451280484 144671478 601749706
755409102 290999682 866980175 869078288
250
556438358 200226226 601749706
919019643 597940233 521652557 147502798
143
52377854 364788808 601749706
686293275 179103274 650891029 192372682
477
597418392 599966200 601749706
5123454 713618739 218750127 72175525
334
83693600 163361110 601749706
89221353 916410571 684777807 875310000
137
492193642 40967888 601749706
756988395 688427528 703151019 646288364
339
438668022 160682358 601749706
600429655 84931761 812356931 402505727
104
159093270 430263888 601749706
745378853 523404946 297233047 453687612
26
70884990 462589738 601749706
495163953 947610268 869804857 543952338
119
434581098 591834102 601749706
735886611 303330882 230982596 333985726
382
405430284 368710250 601749706
479612005 427652716 686906232 705373886
380
339046930 15691974 601749706
682521056 834507014 125344499 155788752
2
395009748 451160560 601749706
197126329 224037375 142345380 99816094
31
160264602 431481322 601749706
929910206 85036777 249428454 118744084
187
68798988 248032362 601749706
353019700 36120811 453654389 684114780
285
535127190 467676676 601749706
295438500 608414209 847924124 799292552
250
15426686 229974012 601749706
68613193 35193055 428423805 551557750
494
502292644 250381858 601749706
257925227 163305271 220190448 382238558
486
40324260 265433082 601749706
52800397 534946333 522807860 924815461
283
595615364 314161232 601749706
34932768 441693484 8958887 681601304
485
132201102 157274816 601749706
552641601 21200039 347418549 135283144
146
570473322 303260826 601749706
531322493 469577925 341952451 350764018
344
447202564 482775160 601749706
437336303 367549524 810491029 696031701
59
33507370 537340502 601749706
612416455 104357281 686602153 968360551
38
541110640 34464460 601749706
647041936 446853964 631044913 24193633
235
11303800 421583116 601749706
522735919 738434999 926184432 908429739
366
183019146 357224330 601749706
851087384 983148712 744471595 271661685
81
42872482 551361756 601749706
603565347 273230696 399489948 401818534
135
134012070 200792158 601749706
633455554 876196218 533872257 626463128
164
321070028 534308208 601749706
219323466 496180672 492267815 615139627
312
577622222 321433800 601749706
431133019 567235858 967780831 790101484
41
307597138 570497634 601749706
202089375 264350027 943258764 482225695
384
290483902 38976226 601749706
422826985 356694474 935630389 510527533
313
416981848 320887024 601749706
584160939 936771820 659301222 604876236
302
472967780 555108162 601749706
452670286 517965906 228756057 98729672
435
594509546 419110590 601749706
657014489 989136656 44096492 257210813
355
110911160 491838470 601749706
113079256 419652080 567791401 688600903
490
222835452 50266812 601749706
880236668 363445401 972398425 566834694
88
77211158 557229270 601749706
970454410 383306843 248148925 44544788
74
55928068 474843250 601749706
77709057 192450951 345472725 474135196
409
204797682 236242804 601749706
566031196 438457770 142423848 342632153
251
76327356 435027360 601749706
422661639 677947170 479784635 598294654
211
20114396 544143312 601749706
328234261 175824247 389659067 330906608
487
420599368 337886464 601749706
980217310 442875125 285522683 914232829
483
532669410 547309858 601749706
385275360 853479888 274534370 488599808
364
322179520 431871690 601749706
171604018 398445419 590171571 142307924
284
296449128 570998252 601749706
651192348 79518129 510728960 808223793
465
319561542 510071174 601749706
849747306 517916236 909081443 120752121
339
188235316 26881084 601749706
395440573 415118506 805668377 612250280
178
129847898 62292262 601749706
689999996 887867456 926598980 19637398
199
195535368 118956480 601749706
758718994 865731366 403629759 942802765
284
63690610 342463426 601749706
566132628 950316164 53526556 851874234
425
425165056 394641964 601749706
974796905 865927857 997410444 155660110
401
474647820 165727530 601749706
132261410 241053793 997962351 471131521
150
128874328 109381452 601749706
167264078 648464761 894382477 799491024
297
137961172 39573038 601749706
791986729 198447284 625330526 958884294
14
264667478 350951478 601749706
408822902 470421075 181020316 412892673
11
207851694 64875516 601749706
572325554 269964822 552743239 778493802
381
110287876 268793866 601749706
37874427 500784443 565219061 149067431
386
283297212 452192528 601749706
815174969 777484973 482225507 180804445
355
929658 550791560 601749706
397222346 962393758 57513993 649623875
363
469814378 523246796 601749706
484688680 67944532 15630605 985940387
229
14695990 581445730 601749706
580218953 14226059 8508980 359109978
117
556530572 384008918 601749706
456127000 342975523 189674159 864164573
85
510355518 357147744 601749706
630994853 759643104 204193379 963878533
211
535853078 48935618 601749706
238567884 840208745 906181740 841645674
414
520982134 342933100 601749706
331323968 80039987 225252018 172901213
59
577152430 277988416 601749706
655104958 111691314 469480473 348709506
286
228708354 94462126 601749706
747366321 158032140 870995721 98823531
150
490609868 143659772 601749706
828079869 318653824 81922775 143880519
172
301888666 271826476 601749706
911190204 544475777 599180668 143551915
183
332589624 440170122 601749706
972097413 994018889 639579658 181667049
288
144214570 574867134 601749706
584689615 23744600 722181995 812428154
363
70410684 103714364 601749706
79768103 592419858 639115228 351709075
350
386773848 39480278 601749706
423876749 954868170 270465075 942294202
30
440994328 540938862 601749706
984297663 182361862 841461157 892673083
305
163545056 57292548 601749706
300820262 893610862 105974602 826249629
429
405193766 479061166 601749706
922497399 754387455 706791837 580935196
210
455805058 297155464 601749706
176394104 821023088 366259458 754712649
195
848580 599837116 601749706
393908140 191079243 285873281 728781558
231
364943612 327183282 601749706
683173863 176590062 655445968 302216207
439
260360676 530853256 601749706
453222327 924644414 311765457 506643817
72
503709996 373540050 601749706
190619104 24674043 69865168 723132836
114
486524558 267210180 601749706
77910023 480460571 560287551 693452746
488
316810738 148829814 601749706
548945537 209026580 970022617 404101730
121
398072332 549230592 601749706
954506246 73922093 662983888 445181634
188
15263084 355194714 601749706
577866975 518989434 43538097 747951855
363
467115336 129196588 601749706
453795834 248293841 729946035 185356302
174
388806966 211952834 601749706
906575593 738703465 31673911 263815313
71
470503836 194994376 601749706
618149055 444743723 703343816 337715123
378
374493672 553274624 601749706
835738090 840227861 4739226 550315859
287
186642746 429256344 601749706
971164672 998919060 9429434 260048759
380
77905414 68245896 601749706
72088642 736934391 980036339 797974175
182
568398998 524145664 601749706
621583224 586019354 724318342 559972997
113
444899508 585171048 601749706
595104318 754342956 455296509 705511218
196
180157674 435900758 601749706
491681478 102100801 718716239 665387268
117
442764326 459451106 601749706
58965940 531858934 272907363 704810053
10
565888826 192016376 601749706
486857787 656767435 377948407 410151700
174
29663362 510355782 601749706
841749415 521731124 766905064 626836884
431
536633606 155484966 601749706
933374048 214973572 181448392 199033165
214
408627438 579659194 601749706
92334622 717087276 956679501 747969785
254
382185208 401349170 601749706
992800086 225130526 142937838 92486030
175
247781786 492484640 601749706
301220513 435523768 162904743 248272773
290
152744898 204087802 601749706
751814045 456514190 482364839 505965866
23
189354942 126240382 601749706
23447793 288202434 785317357 180906023
240
364082906 375848018 601749706
524717819 368679160 24242212 16465070
379
277019938 218744616 601749706
907770201 309033296 583021389 427330622
51
145212570 235257570 246932370
421488479 744793490 23759609 189458455
95
343614920 130314948 601749706
453696889 879485768 227536496 215193802
425
253234010 81130220 601749706
472542528 675057623 747501054 546660047
298
131889210 492731280 601749706
21419195 667297750 909336796 206175424
158
124828878 571371948 601749706
873794190 375390727 695455119 742790267
48
53925220 551854422 601749706
433414395 585191865 469687541 583294174
63
336624038 309785134 601749706
925471280 327502462 263181522 999393545
29
123600474 409758514 601749706
402612282 932013648 984968199 742364877
84
489496158 380151900 601749706
881145864 680127924 500809675 766002663
361
538889190 559221548 601749706
724237296 646424253 491898065 892673003
428
303942852 568602852 601749706
571693124 727591368 489888663 528985911
286
365643856 387822346 601749706
429038606 7419694 423694625 904380275
23
57937936 477352396 601749706
582568141 446122895 137890796 505683852
76
54183026 42155242 601749706
294811855 450595687 841428126 746471278
325
137239520 232357598 601749706
342964255 570025017 629006330 381180676
379
286425416 66149086 601749706
926539120 168719453 487906071 668974777
329
50866962 21745934 601749706
612962282 725255071 901095191 308510225
263
593167306 171317410 601749706
269195096 599334298 893434249 793496834
472
214410474 377375088 601749706
535219919 136211239 927129171 256822662
380
165506768 160147502 601749706
610799017 585059520 338587168 7637169
438
11553958 419071712 601749706
205299041 982287645 100071626 732011374
314
53964136 504272654 601749706
572120793 362437470 60806887 466994530
394
317848180 459127564 601749706
30453069 896167316 293215477 441442258
207
593728002 189054174 601749706
583675712 561683734 423756039 373555036
10
552914676 228120836 601749706
288713814 504853902 837029546 28501038
89
434349274 568313910 601749706
251710189 36197362 361627671 742878037
55
348127138 323552560 601749706
606094648 958802098 125621389 807167602
168
174967554 73172416 601749706
94427564 392613098 512937256 718701164
431
379862858 515153710 601749706
378787365 128827572 786050814 412553290
44
300962550 407324428 601749706
237790854 818247094 545586416 470612049
250
37439570 214198148 601749706
836023470 319923553 496761350 42099851
95
418986152 440555876 601749706
562665714 698360361 723400716 927974944
382
318278012 101657610 601749706
812482872 981371066 426647125 351785844
316
452312858 291131696 601749706
381899171 232776195 879324669 12101623
247
468245368 24866084 601749706
220385977 845188552 367194376 230012640
86
386857002 429888016 601749706
614895958 134221781 120165034 944214951
178
437752762 348898652 601749706
279484530 637463652 660553405 115788263
35
162477166 226804646 601749706
465729205 8769461 311777211 665521536
240
516729302 599110324 601749706
967051946 682303957 143177722 110317958
30
491179568 21453896 601749706
839998835 434087088 219160190 762415019
379
449775766 23255192 601749706
408976325 73196907 269800183 221819487
101
233243120 236953278 601749706
354136089 250219134 837341969 47534410
450
259315644 255037350 601749706
223730864 939906250 495294471 299027797
361
443113246 122786696 601749706
977206884 408279080 307279559 966587780
73
312294692 104911498 601749706
718214700 797310139 736993014 433652478
361
601272060 226173196 601749706
941262609 527219365 563568931 888832138
285
21288042 50778894 601749706
138746444 990561065 184795984 807229930
142
440069698 390202178 601749706
798539593 629180701 793393905 53936180
149
596014780 516671670 601749706
720858756 758651368 846439466 913435674
45
56322128 339390754 601749706
824612350 459018033 311699687 913525114
465
594849532 216611870 601749706
219802446 931754146 750342805 788832184
57
327796134 171542006 601749706
953418222 17701207 344345795 539530334
363
184574934 302913428 601749706
241740878 598114486 556218402 810463426
247
489157454 357189200 601749706
113376344 778606150 191332667 286347912
81
76584016 220485372 601749706
69890353 631907640 569592633 409816894
206
193394712 400346506 601749706
575336835 849430076 959505871 263709993
390
445744720 493545558 601749706
844989004 134967960 158758110 604243168
12
497904514 187591942 601749706
119568761 773592121 692588738 192926730
499
305922046 593196624 601749706
283383139 172710476 727536438 671839304
231
259905448 251910570 601749706
694655311 816019651 585980524 974548542
39
468431282 497881036 601749706
475565309 229163030 52487417 915252693
154
475166358 296851382 601749706
557150984 5336022 632282131 615055925
334
359608966 252135368 601749706
393937207 217204253 583876580 993693213
170
108091178 137541382 601749706
26962291 382375623 168413136 704366868
289
191862832 408540404 601749706
14672364 303630591 9214684 126798663
350
291663718 256171454 601749706
171293859 237129399 219906350 380770557
175
273022080 592153272 601749706
388080849 301655965 717320109 306800578
56
157859914 116099436 601749706
727114414 821066782 725362369 481325653
328
306866630 402286460 601749706
596360865 669308367 511685656 70190546
64
70929736 340616564 601749706
885093217 24722857 443379941 339134981
245
344306700 177458606 601749706
432750532 297377273 92973780 570984865
283
423172986 572890248 601749706
422163946 232895189 656084355 968385112
339
565743626 217023480 601749706
73272113 521636104 649835259 282653561
212
589401078 481679490 601749706
418981533 435755780 689428399 519297244
168
262441538 325778982 601749706
869123197 216544686 631674169 99488295
433
489116846 145422924 601749706
922588791 798479856 335628013 403087453
289
447918488 472835834 601749706
757624572 403247283 81321207 449663478
326
302392374 220303546 601749706
887794629 648959803 589764948 833649962
258
411239174 468663992 601749706
237600145 481171181 781071065 830924698
366
260336706 501005200 601749706
209744813 897339035 965099714 240664020
374
279221246 230457160 601749706
722602184 441291427 261000384 261584517
288
63466702 481909226 601749706
789924086 686830361 270372589 951691642
409
17185348 289567532 601749706
998685398 401292163 567861826 830270537
416
356396768 586582162 601749706
876126240 531636359 887953236 588883648
121
305510482 54835016 601749706
91156420 194049697 135654637 316309677
345
354958350 543113918 601749706
254105701 680461183 147037359 229708232
370
309856998 587495716 601749706
122043321 761756078 684421912 210741863
48
307598066 529296352 601749706
800823617 744680214 796932702 965815377
390
600875210 372362428 601749706
85917415 636102022 735947780 679394511
321
3868112 400635086 601749706
462364257 124427220 167547034 100911823
476
369552262 74254070 601749706
736407223 797367787 476129954 596188569
147
250496490 155790464 601749706
897510338 647392810 510348321 329743323
168
303220604 314345676 601749706
634760762 950514810 95539526 32019671
415
240380746 585959950 601749706
15093047 846241634 436750891 197469858
141
61321680 99281340 246932370
878517813 470036409 422605132 172624460
209
154990542 198564102 601749706
493138161 533370262 135856396 773748427
393
478260756 308758258 601749706
540123733 199593403 561547993 137708906
201
264987054 586900644 601749706
698483116 462417844 712350007 402331310
466
567621188 213436418 601749706
455414413 79194131 213588030 667716442
282
87905414 330854672 601749706
193887198 327984601 538981132 660732354
277
315197376 19119480 601749706
938121446 617894620 400317285 974447936
324
11682452 464593660 601749706
995432226 724163143 614884923 348663182
289
383349328 294774080 601749706
478546155 859401278 597840274 869636694
248
112606342 565636192 601749706
994759479 434060824 862570354 460139933
450
441069044 36429690 601749706
21011884 676021315 706751228 403319300
97
232629340 138684008 601749706
43997554 585973721 177206489 644796805
395
148857094 251418594 601749706
121600800 617176650 233403484 202351308
402
387488060 28226640 601749706
142923223 89785787 878628105 108132825
461
188309736 19201778 601749706
544442434 372886675 88210631 277529531
233
574925960 376746292 601749706
957432673 221541575 777381483 192649492
321
118108344 567622364 601749706
62193494 275411272 918270641 765018901
423
258442774 122697228 601749706
406395788 476643077 6928552 170910610
215
393443672 560825608 601749706
608944388 941894034 61816312 56944282
186
572014928 162101918 601749706
818368020 604519494 613879723 201518055
468
551712818 420174514 601749706
121486382 184408262 445924450 149922590
10
17617174 487686442 601749706
402959635 186900792 758964921 862723408
471
154562760 73416690 246932370
449504998 387697274 971738388 940923639
70
436918682 15269738 601749706
789459008 967355574 177763841 554795436
49
424865040 408512204 601749706
286913448 874413948 246264261 83441496
53
452698022 68662210 601749706
827796954 785969379 237756772 624813111
64
70484210 65292318 601749706
103471384 159791171 389401055 424132545
363
211342642 467183974 601749706
828259309 353899555 183015512 219617902
369
183014848 90845256 601749706
626506897 748280274 73463341 594718390
362
563513760 143278746 601749706
551513047 576085037 312512505 705635182
239
442929938 375700300 601749706
967745841 312366130 271134747 220888329
203
420026978 407614804 601749706
537467460 82827512 94828787 203728960
270
332489912 319879308 601749706
468503093 319446551 135276469 489873406
168
480389326 578847946 601749706
891401285 220022343 889934108 973653228
304
417188180 474365108 601749706
477485980 981321468 750247614 416186225
57
42065010 128447012 601749706
675643536 778480212 977349500 348824077
205
586356450 357211650 601749706
242790583 667619565 340931746 908662630
95
63811646 229931858 601749706
385810371 612525038 693436211 14577512
245
216274924 319438098 601749706
640827682 750061154 318433454 486110851
9
411405842 429286834 601749706
827097333 858166553 345304865 437039741
62
463683072 112783730 601749706
95790396 783179202 909881933 615568906
407
353422980 68378888 601749706
86483235 677520571 738826419 835284386
89
23044402 501195246 601749706
155257515 462623142 266763001 352013771
305
508708936 177513238 601749706
339696126 361454055 18642624 323022031
396
496049316 160479638 601749706
760254245 648457307 366832167 242438281
375
130331978 458444294 601749706
523052971 263253101 550431447 330165306
218
219768906 276553906 601749706
903685891 73455905 783483491 993792708
34
61924172 236516270 601749706
573583482 563716396 18054418 741587357
356
322170474 202168304 601749706
893039811 82105533 831949872 535616710
344
582582688 115358854 601749706
998887749 48053615 510627882 153401486
296
263241682 463374130 601749706
630631371 680797306 492779595 829982961
466
579323646 94172498 601749706
569082624 23889040 322011349 363559889
291
202034412 268186642 601749706
287071700 201381118 200867715 200299853
321
325143636 480483024 601749706
737057205 230949698 21839903 103877860
426
437928784 265549612 601749706
316484986 248194414 625483803 706463377
84
134888770 361501480 601749706
113875574 556613072 338198779 708500255
400
5733478 286327688 601749706
971652235 7676465 748561663 817141938
469
121366174 8620264 601749706
119657487 995805412 427404665 632616697
262
61615454 404052398 601749706
523856710 140151722 441370729 254989129
337
518382896 122652478 601749706
227000897 699835796 578157570 858016392
364
254611468 516950830 601749706
275335475 771267871 389826387 886725618
20
96334836 85811120 601749706
22206997 180905602 460634614 190198732
111
260676152 353551252 601749706
922419358 282763522 418683506 726556552
69
560124276 226040788 601749706
190297118 939409635 41660074 947422082
243
415959080 131089728 601749706
656877490 180801151 489483985 331884865
496
400789946 481577364 601749706
315391327 545086757 660472199 11096473
483
277712462 159870634 601749706
128812960 75984780 824249464 45760239
5
124004872 88195770 601749706
928469210 110954527 717229564 647934787
483
216682862 2980398 601749706
854052779 537439494 443911328 331385347
146
258689324 546565986 601749706
189648482 617699115 718500554 517389963
460
447717264 63343534 601749706
277854248 160501025 868828936 112649769
413
340669246 330055078 601749706
67807605 763915908 715152812 550549928
367
81943020 164767860 246932370
258765504 541036525 16407683 885896723
9
538950032 19593830 601749706
967611937 354425546 448687483 969491229
477
201193010 461406906 601749706
559260206 216574815 684704316 464323717
335
538055846 177653444 601749706
168302385 976729335 385950430 949685715
320
421200176 304953472 601749706
806060814 686344607 994348268 332676461
365
385168290 547352134 601749706
233019469 605216869 772670664 679445942
117
536550386 214255024 601749706
890710683 991218777 645156466 251973022
340
6239610 488656186 601749706
673142338 943498692 618292107 939453541
50
456891146 406102080 601749706
303537660 139599191 231631745 847408
92
303230924 485675460 601749706
241041360 534771669 736152155 657290015
449
449229652 548841104 601749706
311160579 75096937 227553184 72779938
177
331489966 279232778 601749706
900684146 323608025 587711350 428509680
434
284594300 545550372 601749706
445950411 53793207 112166354 587893602
369
399768794 202899668 601749706
878873679 52272534 818600651 839477172
429
273897358 228170552 601749706
630735288 477759335 79105226 521142907
463
129099918 126043090 601749706
102949629 410072579 594732384 504918215
463
412528634 245385164 601749706
21045645 259412401 152003773 81429175
88
361045956 319789312 601749706
373929910 939503940 993741332 427077701
437
387210366 30679084 601749706
320015557 369409296 161670625 16871498
484
413147712 413421338 601749706
172748117 968748656 348029575 111959292
106
330332904 115778368 601749706
135774428 914528021 165626924 976728420
78
62424732 64965620 601749706
638067839 111154037 390596049 335330407
294
522371894 460234164 601749706
400610303 790149911 775308213 480952978
82
258394122 273318184 601749706
263397201 811520516 595794613 313939144
181
132973258 222054680 601749706
621474195 657400504 344862825 916214434
110
259399736 316443030 601749706
513123299 262497693 437094877 486456522
82
6386902 396530070 601749706
368090896 362253398 805855177 890043372
172
287078518 240375944 601749706
27561497 725554806 311586698 363309841
421
81935908 168237164 601749706
610342693 253875001 111535655 853854799
394
189562078 492629664 601749706
520075117 553047409 27752438 417525455
187
288819436 249060376 601749706
279465185 816440458 255153091 948770510
41
205142242 572793234 601749706
120314049 925005286 382649332 615913358
140
503264364 307889750 601749706
788093219 224460353 201603243 808504583
309
117163328 42342792 601749706
878140384 651644558 635673511 69853866
207
199473370 61156528 601749706
918352487 237237980 654592283 664640450
361
470503524 235416140 601749706
244672544 847825018 712093680 164780556
285
19071304 550845026 601749706
332002945 447726739 455518526 777731441
437
15899588 389205886 601749706
435561651 816311707 740589750 173358580
12
58655294 552418548 601749706
458104755 613471389 517166442 450799107
159
407841320 293842060 601749706
752927694 290705808 290166903 658359933
482
538061884 587651862 601749706
880705671 549528514 844631694 84461039
393
46659514 435608574 601749706
88825774 369738398 139820041 149726595
192
314820596 28302554 601749706
353760126 824400540 762997726 782252841
267
48134834 21790200 601749706
949189197 814131701 658816252 549729369
33
534109320 444407548 601749706
117586441 423818407 176920317 770090026
466
524849724 453804498 601749706
255880747 12393856 930886856 251175888
204
423453352 583391200 601749706
166204028 191772872 898268047 988088006
454
117161446 496058092 601749706
361911138 667938785 960366333 683758651
148
360636104 323093420 601749706
451556813 12006515 334784130 305600823
76
371705028 212962528 601749706
456908435 951051232 313501683 109655083
236
298891520 116094166 601749706
630066095 47681704 667886479 278478309
408
460963564 267438040 601749706
768984808 723472964 227860043 166623551
367
163677296 190661236 601749706
15512136 325028644 491509730 956261742
272
385032472 569437016 601749706
196163795 693722071 548766063 202881604
27
317737956 320828280 601749706
932513638 857536260 490052003 279069973
28
98900140 14486212 601749706
895822712 465116783 927623427 961887930
369
124453746 476461866 601749706
772654380 293209867 967459461 313641569
92
182745756 531499560 601749706
986261728 696124871 964920607 331313512
265
31210566 58159926 601749706
485811914 808130732 71272820 700226925
276
389189026 408053852 601749706
146177947 127474778 121199292 429920950
32
580336822 482247698 601749706
420925894 597696281 957868639 505863620
262
382623892 561509830 601749706
603626321 904159121 193878835 941858782
196
452681674 533377462 601749706
819997296 862069170 684210297 665592906
150
432744840 228791712 601749706
63634326 427205636 791754718 388752470
149
271230098 164350420 601749706
138710515 299023049 598897467 304141484
65
210166290 295614204 601749706
27800011 780918772 625423662 345987604
449
437967530 323256428 601749706
250381587 119387007 941830447 126385082
252
9418100 12057672 601749706
250944499 982527787 983057898 759532993
133
282670220 393553102 601749706
160288787 513412626 812668678 639555798
181
532376520 33080536 601749706
596663548 898393841 601768987 852756709
91
219966480 113959710 246932370
815188204 578270601 591535649 225367221
244
293474834 569354552 601749706
955498098 493821737 506627875 183728376
432
134790886 508703468 601749706
172458366 184908392 327548438 308262422
386
35502228 221366128 601749706
591702716 351726307 976715542 769526488
366
206360128 357808548 601749706
326362544 310298165 661814840 940028426
73
358703034 52897832 601749706
96923785 12212488 800221569 179468098
456
597966472 239546352 601749706
253423821 872438511 410745730 127236199
226
487275934 595658460 601749706
861869455 46909222 14109514 505420687
266
497584622 253787988 601749706
810632478 533860366 264958022 878658181
420
132247756 211747456 601749706
845837129 197660870 703309509 650397321
398
505970468 467967134 601749706
428095232 781010326 425058008 161519197
227
110132402 237559414 601749706
955799197 528890802 433874859 545290534
215
49979448 316262992 601749706
821632264 846746372 661421631 955063212
207
393681864 349327950 601749706
212401653 710082068 870059567 55902756
317
573389622 422689326 601749706
317857983 889797842 476913329 659714454
222
400472876 9198300 601749706
743542501 49603793 737608884 346371380
130
190735690 424275302 601749706
650576031 839397394 28709308 555906310
251
545994582 449567224 601749706
747947853 590056504 823039786 468057838
312
136943014 286037652 601749706
140289856 600325812 562355480 741076607
359
82731502 256169532 601749706
320666035 417739630 800855718 592039391
465
532151290 171082526 601749706
864759303 571579520 930561126 220474582
256
493563998 41723378 601749706
69475314 649421178 879216683 969329838
178
536512512 157362376 601749706
117353036 274316757 504246772 408729938
237
522058158 243456784 601749706
468477305 726440620 322647578 96657769
336
352002566 219043710 601749706
500900254 221685127 465393586 81778906
44
482661432 270741430 601749706
124651771 118277141 934808354 979811175
424
348495980 371637918 601749706
92012833 665996672 657370387 927473272
387
241600936 8255536 601749706
45255354 594567868 549874941 128418149
310
515962570 205871436 601749706
873677605 545943475 251528309 73549001
388
411651002 22393992 601749706
113785888 674418688 311877211 198232610
190
460939044 282061570 601749706
436906740 392895790 849606598 260608089
443
254591988 314048860 601749706
489048923 738457566 558953171 960620561
53
70020832 32181574 601749706
114270548 625054227 880010354 900754002
387
320836370 524898732 601749706
207262210 814221561 247313390 265275300
410
262401448 499882826 601749706
897554847 525526275 795349991 313232112
139
226577122 293085470 601749706
4083456 537394353 871790635 485580100
