500 811007019
384
86485389 554409625 910721665
769776559 732429872 122345856 526275017
91
399743753 91095919 437923538
615986413 500599258 306946211 495843506
380
220253325 163579317 437923538
715770289 837779206 928735446 732326445
53
386120744 519769340 910721665
509935586 973529964 837987127 646097610
465
430252571 653624561 910721665
863255729 909109740 160371794 605426811
220
489455181 105588216 910721665
896925110 124830814 145794139 200049166
436
391380206 306800124 437923538
785461543 25376170 406459878 718692281
283
324256340 155701006 437923538
694885171 395227917 626620723 456848217
323
94760089 81627685 910721665
823543274 197768000 942698463 713630252
409
843878395 281075363 910721665
807118948 371824418 114082248 203900345
196
264395758 60943256 437923538
196534163 84375105 499884948 987697189
314
84473460 130349484 437923538
756192294 589470306 696030256 151075476
101
794449539 566221576 910721665
685166798 711201389 293277935 56705466
323
595267193 328645112 910721665
266271179 809747506 583036736 191121974
55
389885505 114618880 910721665
923629961 297115354 897710706 638108329
424
205563176 50794152 437923538
437981141 874821232 690469092 91654308
426
141073270 132575436 437923538
399161583 156889772 335650158 299699143
88
738770045 636998090 910721665
868421827 947101143 598484503 697694805
425
191555150 690033475 910721665
82814585 324498955 385084374 699629389
332
411648414 326658232 437923538
969091791 144617642 807884449 104694530
135
93784056 134877072 437923538
519416961 425561165 311684348 652508183
77
240853370 869956030 910721665
279692191 499670192 124043319 981587119
296
574394935 23166030 910721665
989116552 98763197 624531574 808858910
199
306873604 263921226 437923538
605255690 286851102 291987893 894083487
96
320517902 208923122 437923538
182183696 182267923 167990040 870844296
486
514505140 212874220 910721665
366440594 222585804 566787520 60581736
366
157745024 135811820 437923538
180253106 278514820 518844465 624679726
136
383079860 807151030 910721665
2124686 246353296 312306913 549717605
422
172445794 301284812 437923538
321970598 77470138 581584835 246647113
96
549427325 633857195 910721665
111338172 101844983 398292036 941223502
112
528133490 402928990 910721665
307843861 692160910 789503187 56530269
326
97200990 357096055 910721665
9546948 456084811 490828056 552226249
128
871331510 510866860 910721665
437792028 51129250 537065603 552012308
413
60736560 299267640 437923538
752339534 538953206 832239829 215691311
67
398337614 289033714 437923538
197970928 526920524 764347583 439718644
138
708844955 558555410 910721665
500755295 444112325 669298834 82690388
234
183178026 136612104 437923538
171548194 100550417 247110290 233210403
197
800800945 693859670 910721665
558938522 499872160 177460022 423973332
407
206580830 16194722 437923538
107308047 184269361 303928673 389801302
123
124755058 392573082 437923538
606389633 566147163 337995712 646917564
69
259042084 82601870 437923538
967133608 802394262 308921995 784330597
220
389096080 185370894 437923538
381818032 101518067 899280521 478367677
32
234652784 336984558 437923538
162499516 909239430 303430207 94231622
456
25494254 7736632 437923538
889571784 740276857 419912631 498503624
88
34304822 201205446 437923538
780060137 563790565 241845179 760419911
98
106067342 285435710 437923538
698169717 102891648 592655356 538291570
199
190420124 914038 437923538
944539694 236847423 875699616 706119449
308
470798545 127156995 910721665
931984233 848244935 264977406 277890703
377
502210765 758907345 910721665
519541210 781125664 85817256 546838502
392
416166310 811518575 910721665
631631845 760267067 479002890 781121636
22
10072160 467442 437923538
139506766 792590293 177600116 963081875
409
469569765 525254975 910721665
924066410 576386577 845435670 200318202
492
854807030 671439265 910721665
508153898 654780582 462584112 557279523
342
585084290 430093160 910721665
212045404 343319311 551661836 157900596
136
780878455 217488985 910721665
586961220 135803041 84877841 685749552
322
294844935 361216555 910721665
198891660 183828765 765372670 531307025
180
16761424 229177640 437923538
309860461 870433990 394420567 714615893
278
228443438 38108542 437923538
902361982 901984986 139125626 380119349
418
269285088 322574388 437923538
997470242 127085825 283520971 834310232
450
176063082 109319016 437923538
596994492 182685900 632756535 169236862
450
623652540 295006495 910721665
506983156 908023763 897104017 801467369
23
716602880 556531570 910721665
62295808 712075951 916651220 743731936
460
395718722 217288018 437923538
367554740 523474135 316624369 854323046
414
67434984 15219860 437923538
164819065 82864376 4177691 742078884
461
206187554 177195248 437923538
725455945 712456024 317290839 466836358
357
224440208 423576640 437923538
895553251 66806271 200903663 930300930
239
152938188 402524148 437923538
638816388 320453528 62157778 361896078
221
308948952 294766628 437923538
600823909 952696833 980118092 270230379
356
95685252 105575158 437923538
861040690 654957244 816472976 65164431
478
403424175 834444695 910721665
927959713 739321394 477228631 381261614
223
284669320 379801084 437923538
277375241 16538891 838405393 993300646
283
175222775 366835420 910721665
397671561 842909570 263039128 282815580
346
469970970 515254810 910721665
592404741 889273204 879065103 15981216
204
373977006 174812820 437923538
251200879 871830283 161233526 770498672
470
765537990 300545035 910721665
669453682 622382343 895696478 751986397
122
287347164 348247770 437923538
519147136 785757816 837039467 810626705
339
487939865 362129145 910721665
744204189 274530633 820509497 102923186
2
209198626 47368048 437923538
934455503 192416120 414734162 75089908
443
120311750 125058388 437923538
457891811 521690278 33414610 634302752
231
355881942 97985082 437923538
280832779 876837597 634669366 908379142
357
443612085 519443190 910721665
276060497 319795893 617660647 993189616
123
38168234 372034572 437923538
338428900 49287166 278853450 140282085
126
85158885 320572735 910721665
889981001 978500646 414549877 406638811
160
536129370 532208355 910721665
164153382 872447174 444391501 364085049
117
175002660 687595090 910721665
698051459 167472547 196462421 453192518
207
248189448 147905446 437923538
521667357 209110502 498521439 62941717
376
209678846 244277358 437923538
841168207 993379098 444360891 861543381
61
518380555 57313305 910721665
691402595 132325979 617398766 631402257
425
334344140 318961786 437923538
842256494 661108751 708488860 323341093
99
2392000 265306574 437923538
852213392 848700124 816145661 359217357
125
389283752 405643004 437923538
516704178 685103155 126173760 327435149
312
83929144 175543030 437923538
179890730 867638620 500851970 949167337
84
323023090 267686770 437923538
154755516 629812796 720140455 560193680
211
92837602 382836714 437923538
880493196 903776341 168172147 716347477
194
737181690 250885320 910721665
231163922 690011358 118080414 998454604
247
123325878 425730656 437923538
909578377 578357072 399417411 887687725
473
410681258 340550080 437923538
483625030 640780617 997876560 255695601
344
310069942 426431720 437923538
758746787 80099737 20461176 522976659
407
335221120 212090242 437923538
401267716 147702266 903551371 452670753
38
363356266 108993768 437923538
626039050 137066036 788541452 659022297
213
614335015 677866910 910721665
597921368 145773175 524403305 22676949
297
315355196 358278804 437923538
226541722 137173020 426815700 156806319
118
389332476 31364008 437923538
247774737 170066498 840062651 443401508
307
425167225 784868455 910721665
732411628 202759356 1786242 204046395
312
325141934 421562258 437923538
701508705 928038020 87991128 241687974
444
280055984 310361142 437923538
948365974 106227860 122692958 161424420
217
87129140 55781880 910721665
356015648 831969854 119878650 163478618
179
316321460 660780540 910721665
799473642 259831941 748490374 187534442
69
358131202 117971906 437923538
724387702 983878526 700950065 364060427
147
279134336 25811214 437923538
937011984 652361549 694528371 21780816
348
125968010 751665775 910721665
80662995 537100164 510732604 629787868
466
298945816 199747392 437923538
630888850 442092710 514080453 991728021
60
275238496 190827936 437923538
67376304 622670502 956176798 206603786
65
36665044 48841078 437923538
134419049 485631501 864731358 396626652
181
211823586 47963136 437923538
406274607 162818596 124795242 805902816
248
347541922 284964836 437923538
584903195 610050333 738754614 327473575
266
794960670 905983505 910721665
903950596 797332633 57153880 808925434
172
216465515 870230095 910721665
778509029 222816708 857313085 789468240
308
381983524 254401680 437923538
152481182 388054224 924417886 478708152
209
265737290 116244336 437923538
36799162 517174855 67135005 439726515
126
10197670 446809440 910721665
752513034 582632748 992943836 132310975
333
198196154 354939624 437923538
343424326 493969516 893691587 842526490
302
38527125 196965860 910721665
549970918 939277506 553846951 588471175
83
86708615 533662220 910721665
688718536 717816059 486534543 89762792
370
145179112 286255424 437923538
605579578 236637353 762977128 21069344
401
61279972 393796546 437923538
876497546 747670477 756158411 844657648
329
9451190 424010370 910721665
411625294 240135264 182516282 370801804
398
58989346 341915860 437923538
484187202 892590047 728841400 659063287
98
539795830 246277290 910721665
861577626 876285296 633388478 290015076
119
22614280 114083086 437923538
256852298 320844426 884684662 977329551
347
144024920 79619618 437923538
783621080 951103351 933616860 394293563
36
763906815 381220245 910721665
990255499 667183492 310344706 79077396
276
169800155 9139865 910721665
965285445 576270483 170006860 396587270
134
337625314 402167740 437923538
861399114 513778843 506730916 263890928
146
22653150 422777602 437923538
935674066 918537167 4088877 153302178
460
92599130 232147032 437923538
146639853 571128697 847409352 959982347
488
390158054 241587268 437923538
757289289 150077729 476080466 981357493
215
218994672 311998206 437923538
139079285 349740364 479345429 584525062
315
2173236 302284138 437923538
327321734 854292772 449279130 348209676
336
473331425 90848030 910721665
474081318 612629869 871671205 659243727
292
36728900 40940042 437923538
616327926 247958453 698372384 85693628
289
155780404 49408528 437923538
452783686 709832493 882962979 794499516
496
331495920 774965765 910721665
358797581 189135525 152648818 466564002
248
829493770 485003645 910721665
132374218 234399871 62553995 751445028
19
553278600 814366595 910721665
567227028 581487214 707790099 254091899
295
312734994 233981410 437923538
378202802 607237620 219240938 128189610
477
212862858 359667438 437923538
58998974 441205812 646844227 995944440
155
201692894 377009412 437923538
976524098 94659454 493360415 124410059
118
234158925 448904400 910721665
298742490 638441695 529152627 570865115
301
577149230 52493595 910721665
40780927 71871223 69367654 297131047
77
415709140 22703065 910721665
677953071 523890473 455958419 816020719
406
178124076 275388672 437923538
542473565 332783427 747039242 350457715
414
102697972 250445962 437923538
280904832 450092141 387698010 29207215
295
500842755 122810345 910721665
317283993 735528810 771980043 633859258
440
425702108 112411910 437923538
81850375 406900192 30794795 552283145
326
637852565 589878380 910721665
290930638 550821401 411690808 803743797
95
113117970 156626470 910721665
795451196 59147427 203238226 97308982
217
823693430 285076015 910721665
530858995 344123424 754499932 770009913
165
420224896 63338938 437923538
103071300 897530619 108447390 23668136
353
8275332 369906056 437923538
417523412 820015559 760417394 236765964
140
113876126 256740432 437923538
449400218 471797110 143585310 836442053
70
286993226 304080582 437923538
144348066 232703363 565952664 776733671
328
432783925 82744130 910721665
659800850 290629432 663926488 674218829
383
135127694 365520870 437923538
16209015 383454823 198543332 392196782
409
59635888 141325678 437923538
446676952 349894965 994662209 79064176
179
417480385 841718780 910721665
431417722 503236388 915060827 651682271
228
350885236 176689708 437923538
750652878 127660558 752792589 519009959
109
170799876 39538434 437923538
420079476 217518040 92104256 53893423
144
412675172 250813836 437923538
601626646 848691231 317718375 999940859
111
683320190 525476595 910721665
54708771 83911733 164176736 822156008
172
538184430 198687545 910721665
987438946 533879185 995482745 868429346
175
319372664 118147640 437923538
756812919 403439269 18858360 719356133
350
889565320 711296600 910721665
617817591 971977191 748853527 562786734
88
638204630 603346940 910721665
365895622 176733015 765684990 975243576
312
326617876 359387938 437923538
100067871 8800659 287767105 2213369
107
798502145 588467670 910721665
52504908 165848835 596466224 153991854
463
454984285 198148475 910721665
857131669 624012896 803571445 510587858
272
667521995 56706440 910721665
478878125 524647800 866770023 804656779
396
210126098 295568910 437923538
90278866 662684256 370855519 701350481
483
490832230 594643105 910721665
818757356 664090706 6716994 217657424
232
150846535 520160410 910721665
854980852 381931645 171436412 9280770
7
725424525 763089460 910721665
809420172 245402855 358822168 92261461
302
410938476 170259804 437923538
281649982 579780538 704915913 941479114
176
293969200 649819030 910721665
77759424 506831141 744874145 927306652
329
6550830 9442576 437923538
961584717 492953680 545209595 856471222
283
274223976 69352868 437923538
673210871 632243384 102819797 673682866
395
599692940 418864320 910721665
693951094 340212225 16687534 155228989
43
423481734 318252116 437923538
235960032 499067727 858063299 228070423
274
180641335 597132795 910721665
586307975 574968970 207479215 688005714
450
393144710 31703665 910721665
538883835 500241635 693166604 445409568
464
394648275 372561490 910721665
534110778 258535882 37752959 294912243
449
274735720 756185955 910721665
840070196 637268329 341910229 64273838
450
189131635 206511620 910721665
406189714 347902821 817256081 175136406
16
72141576 410394894 437923538
93703785 567181352 572282412 502856904
263
873794425 93168775 910721665
24868618 402522537 791487839 241877274
45
833233835 478078930 910721665
240442327 197373149 594209561 91634697
77
428398412 243112142 437923538
350530747 929248428 346419194 340846386
112
128557806 177575684 437923538
277502228 855739637 21149187 51198375
367
738739645 36729420 910721665
90018708 863432051 415654123 152086670
343
64423606 85468656 437923538
701752948 107324407 743744972 340830221
108
48533835 198157295 910721665
676775028 724269592 207191151 588268071
231
124884084 407238390 437923538
684259207 158193924 149894131 947088912
317
258302538 230511996 437923538
151748768 475989243 891935534 117121101
318
195358358 238915924 437923538
568667174 871930221 973024965 784054876
493
157058616 240119126 437923538
651923539 323593386 247310188 614368072
115
52631540 175210204 437923538
779539074 779438378 928386136 49091214
9
243967815 786087645 910721665
771918104 330950128 873670362 910891449
44
109888428 245819184 437923538
739619933 446093410 697112159 546712836
391
178715368 118281254 437923538
705783306 400912270 111262633 630137449
361
269841104 231464506 437923538
755470507 650124984 306115855 980041261
101
246301042 30612634 437923538
972824879 147095276 272387836 821009686
34
160821675 681189250 910721665
397785978 131712246 268938724 686543650
395
156550992 35379968 437923538
7870727 269804344 168307529 86407172
384
807057090 715886745 910721665
768002658 147729720 162580212 509787219
169
799408820 33928090 910721665
567231475 803605931 702572820 826183916
372
146573440 434848778 437923538
335704449 329602392 361185215 367447727
464
334909050 350583030 910721665
491737828 829219164 157547719 31824322
180
290638088 140934924 437923538
908371037 541892285 590728107 354468618
20
291727100 456171590 910721665
7501955 768179960 137706624 454789957
202
419311048 73013512 437923538
60213420 345484285 171796075 191270197
386
134327882 406629834 437923538
776661487 810097670 106432051 428176398
170
379063178 374087584 437923538
365193963 419786655 256541278 649338925
147
470581930 142655905 910721665
445917910 949989352 995090508 349340192
371
538683530 89700170 910721665
505619334 786039165 733158825 799728937
81
296627162 95465604 437923538
121711373 641295950 367335240 966652247
343
45985472 68400176 437923538
355983199 887268292 339097453 601988778
392
156240448 102188944 437923538
668739703 79187378 27262372 889940776
291
612151540 198228625 910721665
341871620 318026901 828221442 224304987
92
607215525 316797915 910721665
845886119 456326505 320219955 515773810
368
531978265 720590570 910721665
81641848 45657760 465703325 564378778
426
474682985 340237450 910721665
80200808 676746445 94933093 362264860
133
178837594 161527574 437923538
126831628 189697706 144980380 532180121
334
39311615 238649110 910721665
321220737 889125626 578119726 530615652
122
67321176 26534820 437923538
342059448 763308814 196947383 506078242
237
750326185 726735275 910721665
358082635 278174842 907716701 825748884
89
894833625 127642550 910721665
357097600 584638302 465943160 532252775
161
146505380 336788340 910721665
169443452 643863015 548307258 674156650
287
374537462 435080724 437923538
859422114 449894436 660851223 247350742
343
508872840 3643850 910721665
359600962 422094520 7617755 576198653
375
345920380 75645076 437923538
617206283 904922734 35707547 12282377
454
127299198 292958900 437923538
811017091 338689643 365165619 547233599
222
259945582 323036454 437923538
71885455 280625097 782604591 179811984
208
831256650 746051075 910721665
219513853 982405030 202265952 556037226
450
149580288 169372736 437923538
785725190 761851570 983168174 928487720
36
253113840 861040145 910721665
261456059 507641922 603828747 110014217
152
227358300 82978922 437923538
108907382 201898942 557793296 675039864
438
452368315 575718185 910721665
646747897 4845564 27408801 290739972
58
407005340 7933625 910721665
332188359 150088944 95882080 957259745
174
293980544 381379882 437923538
109554078 589085755 18773170 758090739
65
8537854 383633406 437923538
144989122 52319445 438384471 15123289
457
373099714 206233794 437923538
632924009 711032629 230858330 812954578
470
148007834 320502312 437923538
786146825 897859806 105057194 784427621
240
166757916 104759096 437923538
358106625 606053722 168327284 24589883
37
113995385 876669325 910721665
207726478 139717751 953779345 905812097
56
2506175 721066045 910721665
266302489 663401925 292467775 686258620
310
616833385 148742195 910721665
426490296 433812779 73218657 637884491
47
262640716 394707898 437923538
753425058 836867071 369440150 507396307
371
438395055 762519625 910721665
54335953 489457061 534833297 560240534
233
629047825 332964730 910721665
135183028 751380432 125016033 74928762
461
30590274 285055420 437923538
389789729 736427292 853851802 324113270
60
779950780 652377005 910721665
798387081 528750855 21323126 419151830
427
406030326 366479230 437923538
994902074 473775567 862026452 317198699
411
57841210 747399205 910721665
440788912 25376067 831856127 666809720
32
206512644 367945110 437923538
33272619 542511412 474815657 670393804
176
233124008 342123236 437923538
843206991 887957984 357701063 920357948
372
255987340 149463720 910721665
74988045 361478865 379569429 193416415
302
38415780 360684558 437923538
789483806 697509914 120396059 125999228
273
430928785 749195930 910721665
536417169 313151889 537929948 451114894
191
66087320 313852708 437923538
374419324 942729604 849938281 360007041
219
65342238 201396676 437923538
822546082 899162794 831564834 898023440
305
9410908 226306756 437923538
780699966 395806506 574191238 807797383
228
230810372 390349544 437923538
894458480 682686418 910246247 704355130
308
194653004 390767676 437923538
588450667 610906734 620568057 853051713
14
351031434 323742250 437923538
955059892 278041266 715670591 617111587
494
70889104 263811626 437923538
386222834 132613285 831895792 979099836
389
319981760 155248345 910721665
723340889 600495642 883377841 40277219
359
245623875 363070610 910721665
703567975 935485951 547918369 660192231
470
867554660 642462030 910721665
918944505 786770225 250872811 560028570
5
234759538 197605460 437923538
879376602 650257068 217398638 147106793
38
5370040 113640228 437923538
723518024 590577663 516974610 847767890
353
102734788 323899004 437923538
238098387 69711331 541096276 578854127
389
123943190 795135040 910721665
18488565 542615165 347056311 377477383
45
58226584 16874962 437923538
578756758 347894684 805717223 693709506
227
246725466 18673486 437923538
653838284 62717621 902919115 630632405
480
484326710 904046395 910721665
604936451 8720036 717236306 462047122
250
317671848 183277536 437923538
391262400 368599138 159597340 158196903
296
510158565 244612585 910721665
24314533 834235507 431010642 256004657
371
305152120 80428738 437923538
350639650 142507357 41010246 993739312
119
190156122 238463342 437923538
604758762 138423508 210305084 692314585
56
123751342 342587284 437923538
84629674 146288361 238529839 803312716
189
269793784 407870216 437923538
807892391 230334914 904061671 13480019
192
44966584 270229622 437923538
500256177 483065382 427821094 162602876
51
475542515 846307945 910721665
124180514 598305108 142209399 523270311
255
114240245 573556655 910721665
972989786 780937810 573385852 966038492
279
45710106 54968784 437923538
55540296 838921604 303780592 103494420
303
162206902 437468616 437923538
910566377 655094555 498711272 154548823
292
731427865 337031240 910721665
226892778 538970797 700326519 290094484
9
144645566 138948810 437923538
933371957 378470945 376522009 245994329
215
87563112 47100534 437923538
883364753 266708196 838459110 478782250
321
149951204 293991204 437923538
138292555 576901642 668038989 347105985
491
256621330 685071520 910721665
630052882 728773181 407567616 896363165
94
203609224 121978818 437923538
278370559 302340430 307174714 51728802
361
112524204 12664002 437923538
128929165 867758861 778661360 914842134
239
838625725 599633125 910721665
467972953 147490177 715489770 44288335
223
214812338 11902748 437923538
851322978 857737907 691939656 765525744
458
338325365 223765675 910721665
649035668 247816390 196880325 846481277
274
352858940 601928285 910721665
614556856 740602104 561472317 576879717
353
442771315 34117720 910721665
624102522 115353948 730096386 840269508
201
891213120 597451785 910721665
188165265 608176736 654443932 116598980
7
354707210 163989098 437923538
88369405 426250997 289923045 212334093
59
417445600 144844336 437923538
217322871 830426786 327304234 490844795
211
636550565 488732755 910721665
273785828 753083259 966996626 522362491
360
508193735 423543365 910721665
518449100 594970138 896217680 569034369
19
670217030 109825450 910721665
594366724 8123031 533387919 633783425
93
97987110 348421216 437923538
817955933 144457714 327521841 383511879
291
378504022 37852334 437923538
312812844 109315539 311495065 655287472
438
150656610 358671144 437923538
277363927 926791213 88486780 11233004
217
150351188 373721972 437923538
678138968 832574279 774242386 347613386
360
382251636 228782320 437923538
226563951 250495834 447069022 443513722
351
373117290 193759685 910721665
266094160 200124546 799034336 56010676
103
111707855 655903465 910721665
109209381 528295570 990842060 642172521
367
403374764 213647720 437923538
745642765 645321040 99943553 339221817
159
384816406 192478104 437923538
801819984 643710752 48674129 168193421
187
188421030 549163790 910721665
558707095 402092427 54881508 366957022
1
289539718 405686164 437923538
873891042 595620259 26203519 673796972
146
830537225 824264105 910721665
111020189 426479212 413739529 329724113
67
359044998 27457170 437923538
79767631 930783176 292155078 20940363
104
337161526 71417814 437923538
890425638 858241775 678987951 340347407
298
266552806 227701916 437923538
566267483 66011649 132626135 711572991
426
283664394 363629786 437923538
759908074 228143321 138805328 84847716
76
343425238 343498558 437923538
346074617 301969209 418094980 537013381
340
658091035 687187795 910721665
88419266 626066490 28491377 697424078
41
137926854 159628456 437923538
483642599 644823610 214941750 658769121
54
337081680 267693088 437923538
140405424 349485753 754503798 806524625
400
318508658 257875384 437923538
542116314 330402840 233131707 158496908
92
84525662 285334790 437923538
348269421 494047620 739030328 762166652
94
2366884 2527070 437923538
270530722 86557471 610111030 155837897
63
100812670 92613955 910721665
208651604 566938289 607485104 828152641
269
167458060 327728485 910721665
840895486 726123899 477951428 341757839
492
344094192 88469524 437923538
165665221 853433787 770567466 904988996
395
790163500 823202380 910721665
746468523 630980655 562233901 113581846
220
70984784 398779394 437923538
862201017 910023904 661529294 320553513
254
277777344 337039352 437923538
595594185 363732935 868687439 483206748
497
639507960 214987745 910721665
193814042 536858368 448128697 401995721
226
99575190 368185194 437923538
256019226 965519590 106899324 150544069
140
180496836 10447918 437923538
793686954 458649463 67371023 590493131
141
817959555 454736485 910721665
489140356 386533579 59855389 983416310
160
403959045 676380880 910721665
374530095 725212174 944021981 754595210
435
609884100 296469915 910721665
461015313 101144415 325133915 913862112
249
454781985 429320815 910721665
141897872 490097882 325748705 366939147
306
171849790 789198760 910721665
985507734 227135495 168394507 358775629
288
896851935 216678035 910721665
460917580 123998043 705845506 346550539
113
251542865 609881055 910721665
599208034 952786081 20465862 265548208
165
420000204 193344710 437923538
474741088 151912842 73412920 173972795
112
724395630 892137750 910721665
550218445 882854683 513566550 848953813
350
323679370 415811445 910721665
91968268 531409503 880692030 910503773
361
886973640 610301300 910721665
844745211 890806009 139288901 985820162
143
336024000 226368688 437923538
429161247 164396167 738549302 773369277
199
237983060 231936565 910721665
228823350 653878933 439868953 605652120
124
729756020 868404670 910721665
688993585 980003896 697628486 689052749
475
409278870 765464770 910721665
14860361 451720992 590392786 405670533
81
849716035 410442655 910721665
686155078 50011314 611229073 261915927
183
154690978 16660514 437923538
120709 86821050 434261159 369510882
404
194083136 381640896 437923538
854826942 337005153 652613563 17903278
473
57378685 142638160 910721665
138048575 741365193 872785052 392772606
455
590464910 529255125 910721665
186837993 313035154 799983653 832433041
11
227324422 19591624 437923538
406954983 68116288 471054254 721706341
201
416837486 26344032 437923538
361332210 148783986 357953806 607490333
160
281656410 819842240 910721665
6013551 670665774 891218749 999004548
470
366687308 219790974 437923538
146601615 87677797 649851184 607450640
194
735843675 479336935 910721665
889689524 231386109 792253967 55958622
266
324321816 180273106 437923538
880151273 759012088 84211435 662041646
88
218125596 318396052 437923538
3923954 616603708 790939683 24529881
333
71429540 421147090 437923538
43137322 360067338 958133818 62149250
26
375216790 63471798 437923538
703558697 821488569 563211183 286055564
247
171550704 414995958 437923538
743035765 553658565 939421274 193748334
334
253418100 957346 437923538
636200532 582225826 51312120 317416864
370
281365656 313837394 437923538
221699960 177468300 721400654 108130755
395
896021735 229670175 910721665
913948923 370055086 731803434 766494366
186
308452508 191724260 437923538
670986332 616158478 579941905 943378126
428
851472615 860899550 910721665
74515298 955029516 234986284 557103783
473
415428335 829255560 910721665
384644683 138262787 224375170 74543263
281
653137415 199569580 910721665
450368540 914446204 934241840 196454112
152
300599494 74745138 437923538
518387709 827687592 144400245 1080124
99
813223530 340577755 910721665
521261897 400759382 776285889 830074396
88
377066924 413517442 437923538
447270157 267652954 967921525 651313549
238
717287200 776405805 910721665
443522347 810794426 824726878 290103911
470
307744465 462313810 910721665
196256557 924815671 397064325 380827603
310
37763908 34185502 437923538
343369462 705962897 325947415 449539543
219
645755775 181161050 910721665
730149205 701415970 793576882 732194376
29
293127520 857637725 910721665
689079129 63347010 341462757 270544898
84
198893032 395660694 437923538
753910928 774547701 221162136 274582866
390
420106102 158891486 437923538
307708305 231917306 956213337 801736844
379
196167972 65062946 437923538
786147388 611652963 675820731 875832831
273
344799945 347305490 910721665
669278011 869293069 501075455 531582496
297
59956785 206442110 910721665
839341258 247038790 449689405 355934082
58
547206240 22491805 910721665
604723083 118138213 229710067 327395738
236
59569744 110467526 437923538
32542779 840932583 262520589 910514268
13
857092985 863866920 910721665
333209618 168771441 996151421 584945817
114
503074635 268546355 910721665
570528999 518326128 794028143 891343327
437
425990370 112257704 437923538
98728087 84628093 196038762 111510948
141
338745680 177031816 437923538
501620935 621544229 659558437 340616124
409
673771315 846590745 910721665
553072153 165588690 998206428 404871406
11
337007112 189843654 437923538
769478250 150562526 11934456 578197647
66
425383348 356947188 437923538
342934845 553345276 563828428 884243285
299
259214480 872184845 910721665
58319781 730713472 477096292 721356254
250
504150570 844982845 910721665
703358020 623261549 821125274 104895263
471
54668380 99457722 437923538
729776253 173046168 509120189 759190946
215
80427410 269609410 910721665
795936854 354650533 519083828 21941363
8
837147535 26905935 910721665
963602548 622562534 187165556 684616240
245
281179465 28964180 910721665
199973554 733760692 311163421 265093639
204
98753694 413066524 437923538
783351719 477845722 55661035 714599434
488
126262734 181114154 437923538
161003387 350773228 102198265 161732024
491
238241042 99621938 437923538
315934667 973886447 776251163 410317286
214
157187992 411614450 437923538
616406048 812076994 41879168 831695768
123
38518454 387623964 437923538
344831566 270035068 880164923 35385954
478
407625218 211568110 437923538
370615332 479847813 473641740 695311293
1
230790014 361479846 437923538
572852404 187754734 542530352 260972573
184
265999812 357384820 437923538
392123993 671092426 540581219 168469013
364
79734252 268555040 437923538
710057907 667521251 809850541 200110802
425
421799924 328991000 437923538
362346948 492146426 504306218 415506404
151
482994260 66931830 910721665
955211469 970881724 510256368 68703180
219
40108302 186187352 437923538
648651831 590887339 214091758 577306135
368
655515840 394866500 910721665
692728345 968049235 559246761 275110801
258
687971025 687013985 910721665
204776758 496321399 282227526 249798302
401
836073420 53443075 910721665
53047651 455573180 679089383 677561943
189
427637158 52099164 437923538
313303607 766108712 723705272 527902472
158
107448380 318877390 437923538
269612318 174554700 971059654 959853466
118
213934175 811193425 910721665
316613451 66494947 973864454 632223108
303
64932140 272449892 437923538
789174645 375315297 361304495 816778125
143
816891040 557474645 910721665
844053218 9002542 978619927 682620633
18
170756880 528282020 910721665
161992849 175357020 229972381 544073900
251
129907830 9844250 437923538
788290260 629776103 437782424 964746472
289
376322730 106577205 910721665
51707535 734403649 527551332 247624864
446
428601940 228562828 437923538
31567161 702071090 232097474 933980762
101
318180100 158160555 910721665
328722806 121793319 590569027 277010207
307
411485594 262743598 437923538
618694965 546717153 175492571 721869962
251
129618086 411660912 437923538
972040710 933315498 994290469 704578614
253
88710622 336950484 437923538
355286941 606862544 493105902 455308394
154
638469685 229104820 910721665
38406021 416860825 55270100 769589229
208
327542355 248019240 910721665
942919602 338911199 633721722 205320193
333
275366455 541678935 910721665
330550479 899257935 397960908 836300933
432
127361338 326218698 437923538
389662715 155013692 936241130 561249499
57
399975914 31770648 437923538
538975929 72884233 751616933 773675166
160
371801976 417924650 437923538
715473073 316222638 406627816 404043945
75
386937018 22189752 437923538
614307830 775931098 466545362 633781992
46
394105816 31081804 437923538
648509114 583433144 63624709 17182727
231
87388132 367739346 437923538
994873473 592325923 904019838 472074875
303
244151648 374894754 437923538
718592051 104780167 279990394 673704192
295
909497750 300707645 910721665
407187190 722069298 521760996 668501271
248
643952155 406025480 910721665
294693985 530734102 908261252 701566581
34
19087822 184016456 437923538
548695954 338086966 187883425 225772377
123
56647084 29970278 437923538
892079733 154089971 961282819 614499444
236
235435148 133807726 437923538
281362166 205592067 956980974 954052591
307
256562150 400293686 437923538
800209033 953104841 141880392 379473372
117
406319810 419019874 437923538
132019196 352220067 585540934 510167382
95
490960610 460146365 910721665
161554000 743363119 942699788 488448384
492
147436692 173579562 437923538
352715924 872248049 778999425 926919291
93
488608155 347260200 910721665
203889864 960328359 960955760 922906442
134
214467318 125298082 437923538
408597311 579427337 558843376 283822552
309
481274395 711232550 910721665
189987976 101336311 556283526 544188926
67
747569970 615737150 910721665
521351064 527618284 316588740 120374503
157
22700930 899844400 910721665
928652165 61114649 166935575 915351604
423
9799634 42307512 437923538
398819450 188037850 106170593 458986527
417
600799045 760850545 910721665
176791989 141256231 55982618 350266063
196
393735056 124924124 437923538
626567186 625568815 548876978 655763901
460
675093860 805244755 910721665
136207887 769765610 755449845 159582979
398
267164196 52923442 437923538
447892670 868656909 285147710 169698966
368
354634670 198975218 437923538
630053402 903891949 365003161 428424548
495
745821090 112688940 910721665
903379866 535942845 942895652 511170417
297
188377315 637530180 910721665
300514064 850843497 590206703 981310734
218
632575790 203246855 910721665
640361299 564748257 809097708 619892479
356
538795775 661039085 910721665
657000214 660112163 982608114 535582410
78
433360410 804401990 910721665
538852893 500478002 186404309 542636469
216
98352878 303001946 437923538
726473597 341028405 754723200 637383609
293
323139700 177151416 437923538
690369920 657220764 556422688 907254942
376
189376075 344462055 910721665
870475787 381668415 709984209 152195130
60
724073735 643440420 910721665
202889240 724294144 388980008 946018624
142
246997400 191101924 437923538
977029618 398848189 677393239 295399684
385
671392575 118116040 910721665
986253379 161746389 126192741 552693285
255
2161432 78267306 437923538
131126183 40583536 32378571 813653441
248
59972432 195218998 437923538
811430947 754704008 340524665 99733375
458
65425780 429792510 910721665
984635088 527200147 794051890 181592490
61
469054285 128853655 910721665
43855348 232214739 30144491 672599975
300
348785010 102905390 910721665
274541604 278365990 292724957 935284717
117
343082688 134874896 437923538
704849303 396936561 580709090 83916950
52
778061970 28601300 910721665
32186990 400077327 616599488 542257259
342
91059722 122759130 437923538
831361455 251765115 460270711 800834507
169
306648650 896102620 910721665
579469746 16702067 895182425 889940285
317
649374670 199983035 910721665
907713288 462168828 833373323 81274202
130
502866000 96540745 910721665
867870424 821477395 34018945 302182593
167
435635304 223636920 437923538
741509687 407138072 456832097 593719784
262
847675080 153370595 910721665
87632608 211288694 791018353 261554504
422
206711674 423914322 437923538
753548079 867834108 509743073 718132627
225
60970182 392321696 437923538
230982365 255734466 852332673 65185428
39
203772530 82231162 437923538
11138581 255782540 639160920 703566292
431
4004130 263172624 437923538
1378165 795222262 738129606 109700396
438
476578340 262773875 910721665
242041469 905323369 739330385 568277240
117
171802072 378046032 437923538
804387462 636884917 591328229 589297000
125
76178960 54633878 437923538
80827065 222744600 337981785 414300571
