500 52784645
67
5904294 2577886 10154030
39781276 335135184 229347543 46474626
284
35879164 2873960 49306081
528236333 542840738 84099212 916654478
125
5950340 2042852 10154030
430099600 445195038 794204742 347858582
464
6762 3097016 10154030
129076335 296208573 108912906 152970381
23
1923304 7084128 10154030
386129700 438035116 476504340 639314947
108
3878824 6554048 10154030
870271192 314920133 361455291 118114426
231
7789174 9114012 10154030
410498052 204404861 457896316 586952384
472
2832256 477272 10154030
533490100 504694112 392842860 728320999
178
1781572 2066520 10154030
244032416 820162841 290566736 953162013
186
879726 3089630 10154030
951576257 122562101 128677804 790713818
110
10022368 2997398 10154030
996387171 591728402 308748976 352135217
148
4616538 4111596 10154030
977667638 636181239 730225184 611756280
406
8739836 4998252 10154030
610274861 610479068 567511504 290103339
495
4574588 3939536 10154030
726980678 635238432 152621873 569535750
351
8619956 10095324 10154030
424650728 711951240 565132416 339647608
374
5126290 9974454 10154030
435726680 378443120 81536574 503248877
288
6113770 3183000 10154030
306673363 24224100 359773606 123567635
23
2115520 10017110 10154030
583625710 67383973 725979123 893329524
110
6406500 8108310 10154030
582170627 896380218 110727471 122151030
57
3347940 7700410 10154030
255038164 44615946 667517543 360351430
37
3989070 9684870 10154030
610421134 381085056 677716494 49412525
144
2824650 9268480 10154030
944218549 414851520 132111429 294012747
491
1604550 8055300 10154030
726285525 83659804 832082395 765059812
362
2754230 8650590 10154030
943481642 768891026 567866906 673565014
318
2531860 3921630 10154030
111740542 71598433 997243017 313100897
466
7093420 1820780 10154030
860892222 261216130 937438678 431557707
59
674500 6455470 10154030
48431052 921667486 563331425 86310994
289
9550310 6182680 10154030
182767906 608289504 646174696 685649590
111
7822050 6735730 10154030
81962794 737123710 259228743 206811917
94
2466760 5496730 10154030
351369242 808649218 345188329 53985198
329
6292260 4400160 10154030
83995235 141580979 168074688 134218846
428
5533420 4481380 10154030
675838329 232969509 388526916 191244838
212
1185510 24670 10154030
684392879 725072997 871518349 392023640
165
130960 9652300 10154030
540310186 9694904 778468623 975453165
190
2922160 8447730 10154030
10234677 117500005 72116755 897216651
11
3251980 4720150 10154030
84656137 17407441 333403915 690064430
334
7300530 7404510 10154030
567512037 213590022 707540532 455891283
191
5449770 9845430 10154030
275836848 713524161 313757108 478818683
395
1066550 5959920 10154030
574199653 605473449 578219960 171546397
388
4426290 2145180 10154030
455421186 644897006 175719554 382457794
480
6127820 10101460 10154030
227178238 73419596 567234913 56516774
176
5453100 5199140 10154030
783392799 65868229 685080897 16139593
128
6611160 7670440 10154030
197440601 679523462 797236833 641433479
455
6702800 727450 10154030
537036579 77996316 3730942 935274009
352
9083960 6948230 10154030
152531423 365311236 229799177 180879766
312
3071250 7853690 10154030
289850786 759779033 78760041 894338936
465
5389670 2803520 10154030
43455752 425554160 210130700 656702468
235
4647580 8704560 10154030
947648221 624585703 427029038 792118780
265
8414200 7252210 10154030
793679312 344607000 487641218 60559891
435
8037810 4496870 10154030
67583301 406499119 523282842 235777716
62
5002680 2350600 10154030
930489814 251071182 856314354 636526673
164
4056760 8347980 10154030
374947731 840993075 203290477 267084411
156
7124610 8559370 10154030
938119943 634434983 173556750 930475272
364
5138050 6190430 10154030
331455388 798861585 549278093 582822729
215
8772340 4440950 10154030
109535883 672631795 422966135 270547189
228
4469660 5298290 10154030
394035743 985269927 129461915 521174766
369
8953340 6558750 10154030
733245698 601094328 451745343 470835112
184
8898370 4570650 10154030
508084794 723496612 884130977 661631890
24
4670070 6039960 10154030
508116625 905264324 331975819 888298765
381
1878210 8753770 10154030
858590864 807995744 98878826 151353884
135
3647050 6751380 10154030
632317861 432541857 333398147 849037534
316
1247590 3976370 10154030
165567259 963796064 905630355 760044612
450
6823000 6274330 10154030
905476580 737567645 556024106 62471569
430
6735480 4103290 10154030
14580864 26421329 4779393 937660669
257
9389130 1852550 10154030
790275702 724800443 695272836 881550279
58
4236580 2438910 10154030
963705714 706976244 144218661 804875276
475
8588560 9847410 10154030
772444536 489606319 274236592 134931670
419
6477580 4627150 10154030
729048944 918294761 12492634 728225629
237
187940 3111440 10154030
750907892 121629774 499985033 723062796
390
9802450 4802310 10154030
127645618 761082427 221124229 920772404
314
176860 9725480 10154030
89276913 347794640 5538617 870757629
187
9022720 1354670 10154030
21766652 337623429 571200963 900902306
197
9085430 6789460 10154030
941142236 897258432 665872917 224263889
344
10107800 9440320 10154030
494797733 848746561 115969119 695937844
471
8254760 7457150 10154030
795087612 510874752 287054671 966955485
162
7691040 7607700 10154030
754563323 897003329 899036576 645647666
290
4486540 10117640 10154030
291608459 436970549 701870285 67742713
313
1151760 5109770 10154030
161275712 169474503 306045570 728734528
110
5042650 2760580 10154030
587391755 369514898 488295379 956751111
440
7947220 107730 10154030
104287857 899786137 938372406 774835618
158
2688010 5000650 10154030
978997418 387417909 761714086 992872432
67
7319470 3772270 10154030
164206089 944244075 398418275 9994589
68
6187960 7762630 10154030
513421645 714928493 184502945 539466658
411
4594880 4845730 10154030
727903451 690079053 84198658 553285262
242
7975320 7511430 10154030
164037941 789222742 940015654 814666698
340
3452790 4896790 10154030
47858043 99276269 553017495 909321778
265
5209070 3097400 10154030
891144263 12565786 362737669 977110304
80
6852590 6654970 10154030
768022269 490626821 249793830 733867598
416
3906830 3144870 10154030
559432107 680447103 89932774 19259343
365
1267900 2434970 10154030
840029613 865202309 540982200 642710636
40
10031450 7609050 10154030
365168535 882576385 5594997 381179277
181
5026870 9403460 10154030
309191920 88555447 129566784 672313714
53
424980 2029790 10154030
827795080 450908030 271370542 423737764
393
5908470 7298540 10154030
509422341 726523589 472519742 988812833
115
1282350 8614110 10154030
158434673 61456524 806254554 12978138
199
7872260 8198410 10154030
635384351 503042251 807284579 127963683
492
1449940 602610 10154030
738400645 164948742 579745582 26877816
233
342240 8197990 10154030
205934859 84461366 120157484 608699208
488
9793660 1053090 10154030
358815235 612862013 30474656 482491460
331
5495640 1917140 10154030
323416279 427107329 80037115 746211719
481
924180 9627680 10154030
615665065 417481593 929441786 585518026
293
6794930 5833230 10154030
432401967 549472611 610723569 854108026
489
6130090 4602070 10154030
210609438 162872257 146546066 347785253
176
6879240 7768330 10154030
66643074 766382699 761272619 748487582
424
182010 786580 10154030
327007308 125802027 108038343 351755813
412
3626400 7658890 10154030
849148079 409284964 591343933 327927110
25
2718680 5256520 10154030
602973247 781253114 563246862 333637236
121
7326370 6590430 10154030
142714565 856084159 7123751 513698906
336
7518680 3962140 10154030
706297998 679984495 176177412 704206358
441
2288010 9827220 10154030
707494538 562726029 22195210 558393855
151
412720 3897750 10154030
836620115 107105582 119619158 413685414
333
8547960 7473250 10154030
560333911 700742047 310454989 91044645
437
3466690 9681120 10154030
183534880 855129467 613838002 912539684
241
2019530 7922450 10154030
403729381 116793070 271515 933243579
73
4493290 4501110 10154030
473616823 603751082 768817640 196181988
114
9584160 6203060 10154030
191042740 957316714 763693129 342494150
261
6894210 5413710 10154030
702994835 699552893 634233926 452171850
70
9038430 3844060 10154030
95069377 670329305 992372812 330211397
427
76320 1026410 10154030
294365010 496952134 520877280 158687412
115
8987540 6506240 10154030
757897676 905157040 179644449 929192059
391
95220 1155020 10154030
15503671 944348376 393747546 816866182
332
3272780 9143950 10154030
962860717 55891538 286198672 241013257
465
3655820 9453490 10154030
983248863 19694739 803905332 345643678
183
261380 1358240 10154030
874163254 791699695 736303601 69485563
29
6231570 10054230 10154030
941727319 870292223 789011135 189812780
187
9714480 3695540 10154030
136959928 190053792 623852357 342916835
345
4596620 297680 10154030
163720348 156447581 819964937 571485610
75
2789510 7602050 10154030
904936698 781866428 716356164 54459594
138
4274070 1306720 10154030
642199017 374715022 714462130 607987392
496
390130 10107240 10154030
547486579 68333514 464904871 554394663
414
671960 2808920 10154030
218564871 407920569 229440275 541465249
339
4618200 6576140 10154030
141429963 22178022 779283788 139685599
200
6216770 2287930 10154030
213547317 874421252 327154023 626365653
451
3384940 2730120 10154030
16158582 112321136 179762114 847633804
415
2068670 8623320 10154030
46556088 841223387 654335418 158115921
237
9178250 6967940 10154030
116729778 909413391 837807033 682499857
215
7753280 7516380 10154030
351694743 206808243 389684403 414835236
210
5986240 3236120 10154030
500937573 515345174 139974276 231085197
71
1577380 6981760 10154030
51533833 961173507 676127274 595097495
110
202440 7369470 10154030
834901888 357356450 346292004 70545328
334
7252780 9869550 10154030
512975570 156659101 312046971 866509297
340
1329680 1059360 10154030
275809870 91434403 63719753 900594467
159
6695090 3481430 10154030
587868879 330407928 860072886 174743066
329
9728250 4719330 10154030
815260973 636223735 270962894 956727117
362
9989020 1875250 10154030
251882647 790366645 33776878 378704409
219
5085760 9513350 10154030
753741167 25275571 145366638 931991310
393
6659810 5868380 10154030
780031929 688608100 994719166 534474297
353
9744410 3939150 10154030
186174452 968231236 610919948 457727035
353
4645810 1418110 10154030
280093561 328440972 921428872 870218694
92
10072890 7769580 10154030
214961886 759320368 351400689 885766963
160
3928680 3384020 10154030
465478953 252251463 539573150 829964656
193
1867570 6649450 10154030
912951006 485787248 340979776 764461927
211
5566630 9377130 10154030
112386156 493888839 830011729 442965068
445
6441630 5911170 10154030
246016569 162442608 806649199 743645555
225
3795390 2054560 10154030
337180008 587446947 428484879 325193003
113
8881450 3216140 10154030
861978040 887086577 399934097 792559433
211
1114970 5359450 10154030
825903861 244347600 746160640 149339263
466
9684620 461830 10154030
812385788 501982046 131022402 117194715
150
122460 10136190 10154030
306905148 127249070 520270259 138440890
27
8743450 5583280 10154030
664487029 405470140 535157363 475058504
26
9265060 8636920 10154030
174801353 560783169 197611566 213171203
332
8337120 9369330 10154030
343738925 212778258 31544031 646723393
283
7406750 6657070 10154030
462692896 514517678 447096905 920458062
100
565930 3885380 10154030
565350991 416067913 195865161 913416901
30
5326130 1259110 10154030
893346454 985878593 811504098 456788631
279
3619070 3335310 10154030
873515634 897839789 904764837 66287865
240
36850 4145490 10154030
903169180 146811722 855057854 319842551
481
2979920 1050870 10154030
708052222 64779927 307932394 485989798
361
5039310 9523740 10154030
391866827 77388207 698696521 902244959
298
1544180 7696040 10154030
841997144 130241328 249849458 516581782
275
6984860 2754950 10154030
806021319 256365892 485780358 267805524
270
1230800 4889370 10154030
524375123 322999052 150642665 952595154
495
2680960 1105830 10154030
628063633 556518438 875739425 446447433
329
2576740 2693150 10154030
517111407 639777662 676994465 614229480
9
6319320 7115260 10154030
753506675 688741513 988064166 34984982
197
9361780 9250250 10154030
96681630 506826709 267967591 764968032
131
3758650 464110 10154030
152945278 37270202 463661172 541688462
393
5252080 7191110 10154030
217571054 68104356 334597271 100782625
63
7275770 6755570 10154030
472869094 320523270 468994442 276924082
133
8570070 2529240 10154030
134936171 676882337 4354194 404891513
110
3465370 3971760 10154030
39903376 913003361 933631485 414517536
149
7604450 3999270 10154030
448511144 785622631 594752141 927300926
155
7028150 1967540 10154030
367322673 107396314 890600084 617697797
107
6392560 9198410 10154030
454465456 111261452 23503922 366676046
186
8801870 9435740 10154030
821294538 41431241 276839649 629464956
415
4110370 3947050 10154030
784852602 530217379 853168992 880546376
346
7245070 1875640 10154030
702259724 137201761 640257830 662645086
349
1840370 3327320 10154030
842191348 88576868 692872664 439539342
123
2555790 9356570 10154030
729233991 415434588 873839186 651698984
268
5906500 7203570 10154030
10261829 461302555 583496891 127134419
389
5613070 1989290 10154030
889019899 907647736 419677036 116573051
94
710550 201070 10154030
660131794 850651977 61116608 65473165
307
8311630 9466550 10154030
882659008 463392064 161173047 544698344
110
7984960 7301820 10154030
950046903 410393337 11301436 851312916
307
1042080 3171220 10154030
864679895 813826622 945815950 172058630
183
2771670 8822410 10154030
947507316 925808272 833799387 966270161
430
9098230 4180600 10154030
465503830 935720869 388186982 859178735
367
310830 8048940 10154030
117135256 822748254 748579918 743919514
142
13530 9295380 10154030
251445513 889493762 924232750 505042577
258
9668010 6173880 10154030
667510335 406502299 517969197 74089354
302
1356660 765920 10154030
663076714 354672833 164744897 68639980
350
7322230 282870 10154030
152158452 381011630 656360610 215537866
188
4105030 1676710 10154030
985387377 277523875 391617201 660590228
119
5672670 6377820 10154030
369018009 102071308 152138406 141887111
29
4024190 3139610 10154030
793024851 449324567 68107061 977739450
333
2138870 5041970 10154030
717590200 673662710 351236832 229649094
432
6767450 369630 10154030
861601994 765230789 719533923 309870153
327
7433000 5673900 10154030
414063527 681323805 105679743 29942851
304
6136860 3359310 10154030
576934126 207022982 132364936 241841763
322
5546230 3259810 10154030
246703564 57447038 431428944 644135968
461
4394940 6894300 10154030
599858158 654955910 115224285 479168463
350
7516020 2827270 10154030
392757675 632309365 21335545 810814671
472
8605850 9829390 10154030
979381794 599980088 680448087 107620924
361
5560510 3944050 10154030
891522572 868509577 582880602 128113623
44
8222740 5806700 10154030
984354808 279170477 142779606 568112155
81
9454870 9357990 10154030
320514905 982305474 53327221 872666909
224
8026200 3383620 10154030
766079012 405834381 791659345 596024413
404
2089830 7132700 10154030
577277203 950368829 204292027 418206093
427
7193800 4637600 10154030
469039959 961039296 818593008 864087652
437
2262610 10033560 10154030
838964792 630555887 523221370 924448245
9
1500350 2480730 10154030
69596543 942112756 202399900 143017077
147
7658750 5782330 10154030
255537522 844169089 426020401 622406145
59
2984270 5911300 10154030
756564123 831081790 464156080 158154179
114
9928010 1266790 10154030
615547924 899247268 448499724 719307285
479
3682910 7776300 10154030
412164890 294061805 751691454 28851165
26
8363930 3615960 10154030
265769405 430562268 783758336 61088799
49
7490520 7804210 10154030
884938650 636053473 270974188 234180090
152
1173690 9702330 10154030
204842796 999262958 694790165 251670345
305
3274460 4768010 10154030
961696433 83133591 785908136 740386355
98
3834570 6185650 10154030
291981916 941153710 133331322 875130517
149
2881010 4333080 10154030
933567578 555005897 2031050 75710397
413
6556580 5888780 10154030
650508154 569797878 448673766 811492872
423
1793780 2482890 10154030
193260148 106838339 304335381 131647563
372
7742720 6733400 10154030
324604519 485146566 499040114 779313414
11
2587750 5524120 10154030
915036474 786007568 701638248 146105763
244
8940740 4465820 10154030
565011129 240668847 766807095 295597929
71
8451980 7801240 10154030
840534787 341469525 714630493 163274443
263
12610004 46121383 49306081
850578417 94706775 122723099 389690490
52
7782760 4619910 10154030
987128064 616333302 598015892 502745544
333
4867280 4540710 10154030
423408729 204562295 373505569 25845207
92
9711340 1844740 10154030
359077384 749657975 62702629 588925712
163
690400 2702460 10154030
582567085 569553315 747420556 266318621
55
98130 6705570 10154030
638072462 698518769 582072764 163178606
329
7484150 1657740 10154030
426607338 405939559 504381624 409622850
185
3019540 9599240 10154030
723916620 270210727 40076151 227529685
39
3912450 8402870 10154030
17712013 971085275 943873921 142855574
26
9806940 7655220 10154030
495585538 648231648 905296285 400367809
186
9249950 7485210 10154030
488655766 181845433 389753798 333214113
277
2621200 757480 10154030
789409831 262371843 31483625 822961004
478
8360930 5842770 10154030
659661574 359768177 367636042 223608200
329
4407640 3558830 10154030
976750458 347229438 283796854 663725858
230
8051950 4098560 10154030
419443656 313007921 768027695 722714768
41
7768570 1061240 10154030
865062964 936257420 412242494 765470618
115
915180 8144620 10154030
79570285 274300869 503385452 103320360
24
977240 8779780 10154030
622054473 591970833 126702933 169699272
47
6533230 4114060 10154030
361034687 288730275 305766364 116601869
343
4067780 9142530 10154030
284271468 966044611 393269712 206320752
13
7709560 588880 10154030
482671304 618784994 48249459 64221124
409
3164700 7275160 10154030
230852728 270910075 890860330 188094306
451
3212500 7358680 10154030
84352792 405303353 213920688 748303391
350
5969500 3416110 10154030
756988822 693985268 254922141 169159174
249
5554440 3947820 10154030
500267455 511854881 918196167 997774353
101
9884520 3778870 10154030
337548562 555250404 911723902 278371160
27
1432900 3326890 10154030
292112698 74487697 277820436 564316051
351
6448670 3408760 10154030
370483337 640637960 135947760 79357807
91
7935800 6802270 10154030
722004297 896194229 24128304 226791376
400
5199430 2306950 10154030
199954664 651917697 225887420 417086389
488
1315090 9831370 10154030
441367634 862332814 323142018 938088077
3
6959530 8329460 10154030
661155387 655861778 190756263 814822457
337
7122470 5546700 10154030
964866835 449897198 444913969 522113714
483
8565600 6569980 10154030
631110376 70708381 706656571 853985226
92
9550000 4537450 10154030
604945432 926107730 130704478 282926420
428
4420690 2532490 10154030
465357810 680106710 106916848 625664146
474
5360280 336850 10154030
732947364 673766979 977496374 829102346
305
126580 344770 10154030
46221721 815180871 884224034 741441066
374
4739230 4050660 10154030
90850500 317182489 404172093 367965891
269
6808510 8715750 10154030
571308869 574963762 762243343 39844128
65
2852490 5877280 10154030
924925640 904975455 858259218 84801652
281
4696730 8690260 10154030
50133665 100604423 375068319 614243581
499
2317240 553730 10154030
940524521 2961761 304430031 949386488
366
3445450 9848820 10154030
432084175 745157065 484961644 554901341
232
9974940 5381440 10154030
602601956 875102094 692058779 242695973
224
8313250 941740 10154030
132507260 805145828 765784932 150408648
443
3135330 9916580 10154030
859034781 151044046 630482145 529620859
289
8424630 6823830 10154030
399717711 785642508 155222542 294753440
320
3629460 7994850 10154030
479108740 534035911 325833205 536498378
80
3501470 4844390 10154030
718007068 484671266 999531888 151994104
46
8844040 7901580 10154030
545750141 525188565 18215410 279944611
218
6267390 6238010 10154030
908982268 219367780 769851055 164180164
48
9649610 3172320 10154030
986923440 403752517 70708927 909544839
451
5229070 5641550 10154030
517021951 683276685 577217906 917405342
60
2392720 7907120 10154030
781479890 493128705 20260794 146990155
449
3720420 7590130 10154030
792804347 698171453 164239783 518149892
358
7622890 5066700 10154030
462681420 589096103 505828328 367262100
128
7400570 6233830 10154030
337724806 862902692 982246629 817491586
157
4464550 8225880 10154030
77815080 256578058 491899723 787845412
220
306630 4832700 10154030
847118807 605040311 231210506 384766073
132
825860 135300 10154030
694505363 763578192 425074426 663443591
278
3320280 4606910 10154030
47802158 437788986 431669717 489005522
89
8320010 7409260 10154030
118773915 156679153 899111840 884269549
276
2172570 4321900 10154030
437990327 67749707 407945149 614411070
247
1190910 3257890 10154030
146589363 472593356 278562035 152734223
154
253260 1243640 10154030
815267792 189103545 148696148 613238050
493
3128780 6958810 10154030
666359504 964417952 914729655 253383685
450
9885370 1444460 10154030
477584248 543735278 815314129 330463178
36
9653240 9037960 10154030
358830249 4758471 966759803 755568005
138
5683770 3761470 10154030
342334358 645792170 476343761 385937195
455
9290630 9724910 10154030
271798751 895536431 259176322 156103343
367
3199000 7904160 10154030
975429396 140707822 761516373 710881150
476
1830390 7982780 10154030
327825479 462168799 82359770 610322442
251
1595020 3137750 10154030
769829058 861140381 457663479 298638835
449
5925210 577710 10154030
17763694 777437984 1937239 463483317
126
701220 4929170 10154030
739152966 95464890 917517059 970942597
415
6383100 5587820 10154030
928371415 347830276 675987048 93285653
102
3545530 4108360 10154030
660718669 257232431 987864711 473778452
68
8363100 4731930 10154030
421112892 444183910 862046956 75959376
244
4079200 6705820 10154030
935407754 57302607 827285638 507713536
85
27340 9969790 10154030
274524117 445738681 147627068 131479933
245
9547250 6800750 10154030
83125900 940196187 98023602 948270758
226
2921350 8186650 10154030
77470791 248824881 136278864 191153983
470
9466910 2414220 10154030
569634113 427592002 789694058 997313422
59
6033130 1939500 10154030
942583418 473456476 249355 392822228
245
1447610 8767200 10154030
95460607 394484776 265274926 109299683
109
3014540 8447540 10154030
970327870 378989802 171930597 671931181
54
7496970 9886390 10154030
352851074 635875436 399635102 417581699
332
8203510 10090630 10154030
452121108 707067766 820580255 850415648
35
4980870 9288120 10154030
567265419 294894046 137833972 971609601
429
5977150 9584160 10154030
627657799 661063314 587114217 966053801
471
3639280 5201390 10154030
36807308 25378756 430452705 614271120
401
1020650 4869850 10154030
501033746 541403341 790804511 341115084
217
8982890 1569080 10154030
355073738 33225264 588457115 76248088
476
8994990 1621860 10154030
841642376 695034615 787644242 281582822
246
3510880 433430 10154030
802115854 625875054 475040632 1889345
488
2299460 853850 10154030
199663093 581933249 67240420 946410205
128
3097480 3731760 10154030
89454904 540489865 559543146 838488347
203
1611530 3636890 10154030
498333630 960444757 816641708 397705383
273
39570630 3797497 49306081
976040640 571065500 654702669 415764497
73
7598300 8857900 10154030
819848343 297967291 181856342 931787219
72
6310510 7518650 10154030
321244827 550043217 95485030 354918691
432
8969880 1186120 10154030
757450706 393445429 509732958 214594764
175
642030 2413630 10154030
322764919 598652859 214803114 561942534
64
5010720 6775030 10154030
718436609 837300222 228270375 423822337
102
1878820 1730530 10154030
372755052 159962825 791191501 836890952
443
6224810 5632440 10154030
911593426 877225717 81692978 426703303
229
4769560 9645780 10154030
776120569 28387747 811296868 416649842
176
742380 4853150 10154030
91902977 488785841 812967851 786899579
500
3085320 2540760 10154030
105995365 257769662 166770537 989453871
499
3065330 6509690 10154030
127884733 755835928 130622368 340261997
36
9995750 1355710 10154030
43852926 750887956 594527183 920035102
197
6741570 6174810 10154030
454484314 738868088 697096831 852863598
182
6666620 5843150 10154030
284982090 992477001 470426105 216691129
103
8001650 3838320 10154030
943128672 970912404 103489621 808279535
26
7713960 9124350 10154030
381107549 528033625 337125822 750207715
311
8883110 1833210 10154030
788630210 702100807 249328972 613388622
172
4237580 9099310 10154030
35725722 578314309 253629803 388045213
159
7809310 2131690 10154030
203519593 131110582 418404543 815608408
307
2729520 2651850 10154030
208418258 85093118 766900700 374656287
297
3096110 7343050 10154030
364477584 18211241 496918701 130947304
173
6165220 7708900 10154030
862386246 307409260 869292888 400601802
353
1053970 7886520 10154030
111903930 256560106 298666222 780764281
210
7186920 7789070 10154030
251357560 519139336 693708529 418343937
228
1395720 1428570 10154030
263936792 786880984 469227964 600860136
144
1416880 9842510 10154030
484877130 213136380 81532710 800778814
163
5939590 9976320 10154030
678142354 67332997 578799056 912462643
496
9287850 4744990 10154030
688593167 360939287 622693527 845974203
260
2547520 966620 10154030
39751417 877103831 461487091 480358381
140
4685860 4899950 10154030
794628952 75561719 478796670 200845269
449
8062820 5970730 10154030
818864208 644045755 350028360 176911345
195
1906260 3403270 10154030
424795415 771729697 123475123 999790224
486
4067920 7651350 10154030
524445702 337496467 719539025 66354096
145
1964720 361400 10154030
556639230 383796932 299132491 33773159
297
8006360 7770390 10154030
957897307 568184927 289175946 716010750
108
8926740 699250 10154030
903907925 843892337 815849279 478374424
10
8046070 5084060 10154030
670906877 312903995 454584516 505842988
445
6083970 1713890 10154030
350464521 428546645 164787231 737033581
354
760250 161970 10154030
491748699 349897354 652513775 751924193
151
9536390 2687460 10154030
517918853 800494378 85982158 8711983
432
8636890 7869770 10154030
76374964 872424625 599176439 465197914
203
5258030 8565640 10154030
466846607 590171451 778043540 630933195
308
5204700 8008270 10154030
685208039 82276402 168830542 479153791
240
4235600 3882350 10154030
335632687 413449752 31983871 322599583
322
3883570 7237220 10154030
677674668 429925907 19621849 117753117
119
3094790 9459750 10154030
823793758 986942035 617691130 314666512
353
4538490 3152710 10154030
902829272 871084695 413070882 886789930
158
2609540 4564840 10154030
761290314 241507943 194765035 660401372
474
6733650 2937590 10154030
939778012 108630041 225339619 375968709
255
2150380 953080 10154030
500694195 710175749 173828261 613479408
18
4465490 684840 10154030
61198505 514038338 462797958 423310076
335
7398670 7374170 10154030
707048081 218899829 368184918 704450637
93
10138290 8294100 10154030
369459834 643460469 994671316 756676581
338
7798130 1187710 10154030
771436277 224578278 989540122 261868265
180
2088630 1005560 10154030
728454633 530580021 999057309 177335032
297
2798840 3699270 10154030
842228755 310274394 909875794 268689804
133
6894570 5258300 10154030
508347309 187922165 109531974 815302125
496
2972720 7227450 10154030
803259138 539115202 374468464 502558635
161
9513280 9253030 10154030
579651605 632734882 405145094 592094518
391
803140 5276380 10154030
538965807 390354102 398532017 986763513
472
10150550 7751070 10154030
465833633 399757497 854595482 644627922
322
1542650 5802640 10154030
490957682 420060615 917059724 156066316
435
9629040 3260370 10154030
750700427 130128312 534166065 956384466
435
3418070 227270 10154030
64612468 47668366 58668583 130037903
395
5051230 5063810 10154030
349075575 841838111 329883585 872897331
375
10007040 3418700 10154030
532993071 761246221 648249527 20955084
440
5307450 5064880 10154030
854985825 896553616 376512597 834161819
174
2171130 7237250 10154030
22139132 179429324 550398603 794849714
230
4450610 5061680 10154030
947565572 524960752 774817029 824474235
499
4377420 6127110 10154030
842785994 518298190 418846202 599958330
287
8853620 3888620 10154030
504557532 594091293 852585294 195941368
237
1943640 3352520 10154030
861879154 814265642 47643633 517030789
474
5589770 6975030 10154030
68105800 268804933 812325233 483591497
25
6163640 475230 10154030
954557788 256298730 447086771 706853686
389
1797250 5720460 10154030
878534699 998069922 120592029 887775866
331
6532000 5606940 10154030
765137904 294842767 978517812 872399980
411
8830860 7618650 10154030
828104965 512721672 236221003 167897553
305
1967980 1425480 10154030
762331236 332677060 188689824 483328571
152
9519890 766370 10154030
200750975 599700592 341212341 887844149
234
16298062 22175197 49306081
294738067 253355204 335232492 737979169
492
693640 707940 10154030
954794951 250586939 348398177 562283610
195
8671920 7496380 10154030
570352157 261905685 775722684 368433246
184
1006740 963990 10154030
17211061 970406276 375582951 588127974
312
9594220 4432630 10154030
349258849 869694418 642207274 400536842
65
5816210 7600110 10154030
530682523 3026850 979104413 166876739
426
1098110 1622420 10154030
262655265 342540551 175322213 492445839
298
9181860 3539500 10154030
351971707 312514208 252898071 165517372
432
9012690 1850550 10154030
293324742 703035766 252997710 430928188
149
964060 8609060 10154030
672659421 138069860 378745035 6871096
411
766360 9907280 10154030
272556225 207465486 423644041 635347000
316
7703470 9978900 10154030
981966661 791935127 21724580 144714638
361
2445150 2647780 10154030
984440148 691375909 919688677 857395163
138
4536130 2387290 10154030
895522819 392290808 740695858 786506924
461
9234410 5311290 10154030
279903599 293943176 239314591 132941816
147
3256530 8378130 10154030
709438404 414481128 577758597 364619142
445
7774610 7271420 10154030
337102326 925881961 820454372 743242181
217
8230010 1544890 10154030
579377069 216670566 980246607 591287218
12
2825320 10132720 10154030
706368676 761300151 327575533 195025581
371
3920330 3945550 10154030
848326458 484166778 389602645 853454673
476
8693520 8877230 10154030
51320654 733234917 476484603 84038672
100
407920 2544470 10154030
235119923 993846486 118420104 455543021
285
7822710 5740350 10154030
547347757 37378508 925031355 272836579
455
6758130 2896480 10154030
228822402 154011076 124718848 667518960
480
4495800 7377890 10154030
774871560 885300040 752944544 735983639
154
10034940 963900 10154030
906655749 887786050 398199862 346280323
114
1022510 129030 10154030
521250183 996373554 583973881 873127020
16
2141230 6579090 10154030
158651063 599265042 299338475 754168731
368
43900 4213220 10154030
539540521 29754529 741203066 713974077
213
5027800 9492950 10154030
752732443 947361515 567357816 589441728
440
961400 7037280 10154030
466977882 889985284 930627135 478020044
476
9912530 8216800 10154030
308767979 785374838 457906723 428653867
215
7074520 9123750 10154030
810837180 755682635 588221425 511653637
151
10050290 463920 10154030
34179164 991658745 358000425 566983066
460
8497720 71810 10154030
72188607 116525715 562482939 292799767
449
4758790 8353170 10154030
821068725 151137586 371318416 984358405
177
7813020 1494050 10154030
986127945 694221100 835022759 678678432
203
6009620 5362080 10154030
950056502 248626973 241194947 966812362
278
9253010 8186990 10154030
317435016 961657334 502760417 48382883
333
6943200 4377680 10154030
105995583 111127027 986442334 118279712
339
7790110 9046100 10154030
774525218 49817561 343522538 780321362
173
10126410 4348960 10154030
719383309 737848939 246425689 922256745
441
5460490 6873750 10154030
70500859 530512271 860728101 252868432
468
7593450 9550240 10154030
172426475 719502238 764469140 945898904
91
8311330 9032940 10154030
337226902 313427616 882550507 126112303
254
6432500 4651860 10154030
878918656 856718421 161315000 773713769
18
5994700 6601280 10154030
49733419 898617244 115246839 471884348
482
7782360 557790 10154030
665855887 385773456 505468017 153433574
385
6577240 7623240 10154030
588496317 118559459 52702617 571058418
50
7600030 3404910 10154030
74021036 403769899 743732705 476577354
261
4557000 4433290 10154030
982786502 855774596 845584932 200352810
188
6743700 9356300 10154030
760942556 835658626 84671265 627245445
366
5782080 6856650 10154030
89047440 291686383 201716451 503331147
436
7053960 7924490 10154030
702025773 7856704 198096444 572139280
482
5860280 5006890 10154030
283043793 276934366 207485878 548642485
16
3759550 9133950 10154030
411913711 468892444 950718418 619306317
181
6216530 3525280 10154030
631984529 919541440 461026017 903042101
477
5673400 6406390 10154030
35344174 391809320 186331143 276386463
297
5405220 5235110 10154030
374099285 896839373 625654400 917478687
234
4214720 4774670 10154030
211860779 648911849 371456633 104985783
329
8168370 3318610 10154030
491150124 441513234 178652078 962972060
320
6628390 4184020 10154030
375914659 118373502 120102971 986488006
146
1711950 5176840 10154030
553078430 709129511 644146595 700832282
473
2721120 9572120 10154030
46908329 628002188 213212143 454478369
385
6016710 7103870 10154030
291253185 589628413 963998748 981774050
384
5850890 2589770 10154030
608270746 613920438 438642860 303529492
221
2435270 3883420 10154030
271697349 725250246 544587393 847024341
337
9975120 4017700 10154030
75540240 774633140 916937039 251272754
54
3531460 3269280 10154030
260443068 289213577 943338172 72397490
453
6484240 9209070 10154030
187413549 679181035 333760991 968642765
494
5388790 5065580 10154030
741523595 806905732 53010617 652143814
368
114140 1194880 10154030
691939385 916604250 187176298 718106604
455
904210 3913790 10154030
327555044 333681212 396905244 807259067
160
1173250 2493200 10154030
150182290 362863836 525490768 757582265
395
6196520 8675430 10154030
568087399 404330909 901247504 216686625
287
6119660 2528190 10154030
454854380 461311835 419064794 571906531
64
9987020 9934630 10154030
405321414 423453830 731032769 214622209
493
4342640 6322350 10154030
523883044 29788529 139899395 372703943
86
163030 788800 10154030
301421714 948583920 516764713 447375656
182
7310790 9480250 10154030
591507179 855859300 673936762 597460151
129
2445300 7105990 10154030
910224586 310610188 696674366 472046859
442
3451380 4893840 10154030
691391168 506669764 992992742 853885771
191
9956490 2772470 10154030
639435914 272576116 141274674 50409127
112
69910 4105570 10154030
251326350 414052152 405416263 748502458
