500 452611886
270
116512473 70650188 180691735
400991464 120871312 112877459 568865874
58
96105262 3726797 126288115
23525035 916327242 680012948 400270884
70
104783547 51525362 126288115
381550179 765367732 404703325 837101126
8
64479957 13196112 126288115
185166669 113202321 449136970 502589688
486
49474999 43734649 180691735
707908659 250926191 624164712 824299796
380
155509284 2340884 180691735
407964633 281916807 683890151 101448042
330
92647954 13223014 180691735
395637147 663641199 764685034 833746537
206
80893585 97528500 126288115
876954287 297003268 200605325 452072440
418
109929975 31833905 126288115
119383026 635222209 32307185 989032445
359
12510855 76735505 180691735
142968287 533153443 620940305 971175962
160
103288935 104790720 126288115
846951283 476517972 825615250 305740585
289
91389110 5007475 126288115
695071758 674308562 397852757 748873296
264
50312840 64265450 126288115
415413747 110401757 522441346 488456494
447
12018605 31414485 126288115
428396348 167066758 664680741 775828041
236
103032885 44377965 126288115
115864105 620828929 706080654 499306651
427
120654975 158242875 180691735
793781099 148975893 221172291 567378787
95
71994475 137710930 180691735
426819715 97580281 186660725 606992724
226
71330220 85957020 126288115
779410486 449904064 711018575 531854828
230
58247980 75494935 126288115
445351676 592261680 745256656 776584467
8
96423660 96818730 126288115
569969722 539804433 77789924 780557275
202
144689195 38361750 180691735
402479744 650801735 854377906 239111691
93
101562545 162045555 180691735
330011396 139105859 633249045 441239040
59
11302245 44315690 126288115
863043255 894127717 891004984 284704945
207
33745500 25491510 126288115
221612051 728220955 309258965 944620556
462
88004245 120424710 180691735
101456135 655345421 386779942 138678478
2
80072305 52578480 126288115
51869174 587390221 753808580 472238811
17
44886345 147568540 180691735
926038849 631984659 976453785 606757132
317
783100 31237360 126288115
724206709 451199474 949029035 596611403
257
152506445 103549810 180691735
797211660 869167410 93383697 990814973
250
51502500 4163660 126288115
658641863 490230185 403361283 3691551
222
53905020 87137880 126288115
576957281 174597745 132649356 935561904
410
2754150 125367445 180691735
789595290 121285114 951507815 501631145
167
37454550 11116385 180691735
511634881 727554208 417222202 661437356
12
148338925 98260015 180691735
829416658 719591408 35369783 594770566
444
46618920 9609055 126288115
15485956 74517940 213098157 247839312
383
139568205 73814965 180691735
47746739 741196503 182753707 765539918
50
14987875 2652720 180691735
173302939 902726512 338529998 35750038
374
14282320 88556925 126288115
347531572 106475097 444202558 918426891
14
116524160 2523240 126288115
712799038 995566518 665949272 293466672
215
116559135 147829115 180691735
183263312 881210922 710712791 611077602
90
110386785 98745410 126288115
233584154 806080088 725287480 831966320
94
100751455 20725530 180691735
152154636 306079776 399410130 386938931
250
89648555 31715470 126288115
955425796 700330415 654168669 666544333
227
103702380 49007105 126288115
482458813 979266633 232824201 743499653
43
129515400 36445955 180691735
711748485 579833815 13555299 436411189
153
42564225 93089720 126288115
771967187 347784900 904110657 835931876
383
56327390 40276250 180691735
831127721 347153541 496788673 259072539
244
36458640 9587120 126288115
505800361 47736091 430972589 561045829
206
115010590 109687415 126288115
73838291 133474770 356634714 774576830
240
31942435 24157560 180691735
310669765 612339419 328573270 512409848
154
76837865 21395670 126288115
167873223 779161507 513746799 807058730
456
120568665 8922900 180691735
737806503 582032736 776754411 190359349
449
26316325 49551695 126288115
509580747 516066453 171390373 357609707
276
8740560 104632020 126288115
603746743 204376643 492951154 116971538
166
91315760 125727440 126288115
439561952 934837727 333777796 422836555
203
54261175 93655720 126288115
290721175 319773172 702646998 282263556
91
39738610 96707940 126288115
113093658 524282001 108251629 247322586
230
157507175 163083095 180691735
533526250 619082820 521906652 699417878
161
179643450 80707375 180691735
394468043 159022547 148315627 870996176
432
29119080 64848325 126288115
451502384 550339523 422334326 362119898
327
176871170 80343970 180691735
476162608 640450979 986234328 189964597
78
111453330 72923850 126288115
67864044 883530433 879554519 84635520
127
3375120 109452970 126288115
522366873 273798696 912398546 642453709
428
34332445 76393135 180691735
416608446 149093356 821965409 325129150
181
39085550 125599625 126288115
848603770 515579371 578010010 246921963
1
70551485 183760 126288115
171702671 667827120 845809583 969606878
191
28318085 41205235 126288115
431054573 687581432 867908716 810192665
30
42917065 22258885 126288115
989156285 347543549 752343875 401701742
361
105395680 991810 126288115
770785979 657852824 430036862 814913614
13
145476625 85099805 180691735
102794395 739255910 439244432 18702062
139
46283845 19009760 126288115
946672859 880412865 679655815 600968526
104
64798355 43681300 126288115
408004034 486567880 736291621 887235692
53
15882475 169911070 180691735
444119775 46175216 212635533 725271266
283
86390190 112802820 126288115
464177297 715604508 589284289 719923631
419
2297400 85891715 180691735
823652201 761266269 245744192 231340116
56
116231635 56358300 126288115
369764174 193097862 664300114 263349962
286
69651250 86683910 126288115
230540469 423278718 332552854 277571658
166
136984050 47320595 180691735
270600882 28685692 987549128 797710496
244
106427160 72819040 180691735
345785725 651853877 862602800 533213374
192
171377430 8945755 180691735
529009903 94825565 387074229 136145068
431
59128865 15740500 126288115
842278556 366909624 501409187 153484488
162
170411290 169353030 180691735
860998218 78472731 823740024 692806429
372
821870 156534945 180691735
194266464 181190368 83710059 559520185
259
179786740 137633965 180691735
648496144 938490470 185551723 670026018
131
20993590 46933025 126288115
328885347 314223472 251244918 956721691
487
92589110 103560600 126288115
412857851 629714343 299857041 925515922
135
36043245 88687200 180691735
831453175 944473739 305039064 214618302
308
125609865 26613180 126288115
312644697 889960750 683030945 651870814
228
51154530 13058115 180691735
499012118 712377613 196179654 341626842
128
89247620 156815190 180691735
979974082 998435980 41589221 855802556
147
8618330 87231315 126288115
290508195 709219745 447598379 264706042
79
119031475 5970875 126288115
355792149 238684762 458417112 181423102
248
53709860 58968340 126288115
931205167 854441159 771553878 283747310
346
118429385 71357125 126288115
170299952 142984684 638693171 12178205
96
9032375 122508390 126288115
617996415 188270610 958251420 570072480
217
162728090 100485700 180691735
465449840 426267853 47219225 327517079
257
26537835 48822670 126288115
586687875 455925167 905615895 855056485
180
58238915 35714910 180691735
374099899 70902735 817399693 651135395
244
50828020 2626690 126288115
192026398 969593079 827313712 963808296
48
64524690 110386835 126288115
55792116 520298097 445922545 915680845
137
19111370 117857020 126288115
42943373 429295618 924387234 913828798
81
10629675 98100975 180691735
655485075 626204813 802167180 882226160
317
48296540 5498450 126288115
252672559 452210407 870710194 523035287
181
55024170 118592555 126288115
93111815 125687792 630911241 796066237
77
24365940 85492385 126288115
39548012 204688621 71299576 82741501
273
111544335 120718990 180691735
181150889 718218707 77281418 512720825
399
54945155 118432475 126288115
439689732 27100987 250773886 989152306
392
122523290 125568495 126288115
77436641 334873322 263381629 988638332
423
88620805 108719750 126288115
300788988 866916512 120740595 36360583
15
62203010 63983870 126288115
546211030 589342278 363078347 529498012
340
167088110 7474600 180691735
885562875 292779998 876087349 212996407
127
7030680 14957490 126288115
304953388 743760070 650743817 60543840
351
114387640 122655380 126288115
757448681 822171324 223054817 398630469
440
100015150 14531575 126288115
362506818 560466565 390131773 422540562
140
89361985 41919060 126288115
710110975 863447737 718897823 286068079
382
120026280 74330565 126288115
647883091 698962310 623755736 332743777
66
105412615 119399015 126288115
978086592 862358171 968266506 952899343
408
92039465 94574235 180691735
418056354 290352686 523563378 602708900
16
75175830 54042120 126288115
320571725 43207064 729872922 809265871
279
11133055 49204240 126288115
291168709 937309935 351369728 826139691
420
63382470 115247710 126288115
5013446 920851605 778572430 927912073
400
108300125 18601385 126288115
518772477 44174013 777206901 332394394
404
121959705 75376665 180691735
527666337 98005498 811330685 300673556
157
113711425 107683600 126288115
548471728 562701971 222886551 255874201
52
122822175 179219635 180691735
532087374 700882786 735207903 440222237
407
166099850 103662545 180691735
278451269 880975075 860270274 502316920
246
20500240 36863505 126288115
748110485 804121102 121282687 87867407
343
41139790 25294310 126288115
676058411 202408725 27182676 621662162
494
78408085 40966490 126288115
167088279 923072853 195643320 785876406
388
133124320 35869155 180691735
510854278 529371431 811299873 913559384
151
100206170 112331055 126288115
489461734 600018957 720525889 62799027
413
64956885 102612290 126288115
230772713 555560125 397265558 42584717
147
19841505 101045475 126288115
218344356 202838682 827682851 475539716
47
71931720 136223745 180691735
852037412 335653214 984630501 256204743
400
112100200 50777735 126288115
158314135 305226093 390789521 188031126
264
18700945 16295690 126288115
81790245 895285701 432455627 660752853
456
35837790 60005845 126288115
217365067 577399232 653279156 281096966
272
53331775 105106505 180691735
494855278 766405874 734583242 59640769
443
3163370 36569155 180691735
874950690 225542707 146712843 197953994
371
69996400 33393850 126288115
456665100 455565203 558114015 477439336
187
95041030 59867185 180691735
438635860 532615885 238344902 643135488
382
4396245 86438415 126288115
105669685 955464589 511449391 634400492
247
56459910 114394105 126288115
928352963 80658447 458306427 129348396
115
19324515 87426780 180691735
956568387 238247396 707428163 910800865
97
150643465 95884985 180691735
493176044 843185390 384281753 619416334
100
43498210 131086830 180691735
462924243 111636620 95905544 591797209
354
44341280 50497610 126288115
446553250 338016301 864058687 338189068
300
43441580 21461195 180691735
898696481 541697341 205019935 54465979
488
17225745 13246690 126288115
980182535 744291838 381044872 471271912
211
159449675 92677795 180691735
640626900 798173245 373687425 602472968
499
51449525 4565780 126288115
823184993 613263797 447010767 157734264
366
71434000 1861230 126288115
143724493 580416782 249178362 829400851
426
109270890 125056355 126288115
12807794 14494356 422302128 275214046
20
25019260 40817630 180691735
54437187 845102237 289530291 260476875
460
58181865 174357540 180691735
999221810 70794805 359928738 26007905
211
47641100 100081270 126288115
593037054 656735807 501641281 51687249
459
123355880 116198805 126288115
313874103 351562676 870072815 789590163
125
124462350 84850 126288115
324986144 208783449 962824208 214798496
161
115768615 118979995 126288115
737884459 255326537 989039906 592758364
412
96532680 73723150 126288115
666487665 494683335 530700200 419610158
445
107683605 83940620 126288115
679741858 859767727 753739681 179722108
49
73363245 35185800 126288115
329195591 955457718 963237956 539416480
18
83745940 33970970 126288115
36389998 855873285 369108433 269968023
418
21455560 115309740 180691735
239920660 263985159 709494641 165238322
79
86651215 59876250 180691735
18104978 79475729 552977771 463798885
360
70469810 29022790 126288115
92370113 6782939 688741884 236046528
31
74130480 42432480 126288115
91958879 416476745 928066413 930091764
93
76838965 121508975 180691735
868009004 226441913 747263672 414016154
180
50261710 2901585 126288115
713043883 896387619 470392107 116330139
398
24108350 55795425 180691735
342956654 409099527 750185088 344428192
469
64166820 124168815 126288115
675793095 57186343 291876688 483929125
454
75745495 122845560 126288115
461262762 558018794 692087135 881441270
472
36200045 52089170 180691735
523032543 288206466 826878723 394285485
96
24660280 5678630 126288115
758889999 360679627 346006910 514475424
174
108063515 10733940 180691735
444117796 38195941 95477175 748512171
214
52526110 87833165 180691735
799480163 729060375 942115551 168355934
291
61880315 163418465 180691735
398744215 845130593 523006655 457741617
74
112333550 144367090 180691735
797416641 363615382 535336211 228116451
309
47127555 84140670 126288115
210256691 168206384 423144494 549556327
205
13397960 31729170 126288115
971604931 113850929 389399161 64066031
227
3940620 83913600 126288115
632064015 958925792 9940608 256373658
273
7987390 45310295 126288115
866117255 511139607 248427930 905679629
389
80517230 7139155 126288115
762235863 620349799 74057297 258871498
29
136370535 138900265 180691735
910549367 493916240 388941262 228440389
148
132541780 85871380 180691735
802261668 986272613 468781916 259231221
306
144989810 147376425 180691735
409066227 244390785 289766830 612027325
15
138316325 67354350 180691735
259628778 162055076 655342670 591313072
56
116690880 104036015 126288115
845702363 724395798 684666665 485753938
22
119725970 107861880 180691735
874203605 735263714 275673110 411516500
18
59509880 100453000 126288115
3985756 179634209 953709139 910225321
60
93300955 44337290 126288115
414833951 344069263 726261459 240008837
217
38272715 7749545 126288115
890500118 972087443 630532057 64670579
314
15123465 99609930 180691735
59364335 667923433 197089256 841717065
235
70254410 47170855 126288115
729863010 564672961 66254294 698782957
226
12873770 46802230 126288115
241791034 659996292 598084140 76149583
58
167444690 38828475 180691735
133722815 954313994 510532782 105526839
409
62465935 179538730 180691735
103289848 135532233 817886562 388739517
9
108144075 100361435 126288115
224704276 12763020 112142147 453589417
271
115431860 21678780 126288115
649130590 823111622 517237209 797941597
358
29016235 37894145 126288115
852083839 818892562 435830155 223596719
456
122874185 149314690 180691735
517943729 100996437 576310308 366462016
8
25369400 46537040 126288115
666623859 266111204 843070611 209554571
176
29525620 84261160 126288115
967643158 588567585 83738427 800055488
332
55915335 35409325 180691735
386183930 683872852 758995397 184002770
196
108849230 109002985 180691735
26291080 565108932 765961025 808350963
358
97494040 120860815 126288115
744696836 240667448 355883592 583787230
464
103057100 100387875 126288115
509252746 169296546 984366121 883752262
459
65243310 9684795 126288115
182826811 62155020 444283766 782942936
410
146960870 92298675 180691735
663435630 846010498 186894162 477295321
18
137058600 115127320 180691735
618478267 668005542 870231275 464326004
115
108791275 99331805 126288115
533533294 281349484 502177634 863782925
66
40782565 115664830 126288115
190925783 347803365 727564787 823337724
107
784790 106789350 126288115
447530177 981026402 885238898 736951128
437
35475970 37810635 126288115
789139009 182901694 883728941 244699526
302
12146695 88921415 126288115
738238172 36191331 107472765 239167746
421
43289550 65845535 126288115
166459414 835048273 355630559 531572163
485
100250080 98641445 180691735
453811048 615451513 119010215 171383058
95
28497510 61226590 126288115
749134856 553760881 903389956 382863439
58
50198805 24493415 126288115
806907835 196613990 515221598 479512438
461
169518195 176903545 180691735
718173755 242093032 108641303 902412247
34
13139350 14449610 180691735
551440857 235042595 974178203 89375995
253
95587370 40668315 126288115
50122921 800386890 300853863 494662141
262
97923000 65945005 180691735
799965458 956502851 479864869 254594508
165
98590145 38202550 126288115
153014032 439939244 708073563 760977270
85
16749100 49337310 126288115
222374081 146166037 411835869 61848193
389
70615360 10478455 126288115
903883317 147310558 197944000 58350594
61
65273180 36985690 180691735
351996073 843201345 866499553 550549343
125
84467600 34482175 126288115
271611175 651888769 917216819 235899816
68
34345895 74924545 126288115
853925385 750680477 521819629 621873565
183
29236305 91221095 180691735
83876465 740457819 98425629 49677576
130
75994450 107142195 126288115
174654673 955331099 849215375 928450833
385
146984740 106317015 180691735
277158353 87591823 93343456 409109566
240
70107800 132160595 180691735
421032633 991120876 466492871 752910594
310
87234120 27832160 126288115
590152297 809492208 207804346 7513992
439
110605290 122189035 126288115
37541964 990488419 279250983 92683000
30
168642880 62850935 180691735
842328014 467855593 798313030 833482674
83
27423035 75208795 126288115
251064368 715259775 875106014 753602269
29
161562835 63257530 180691735
895581105 732055189 159833529 454504045
497
15585990 86257215 126288115
702280616 22842722 419462451 166515789
48
58901990 109699380 180691735
625688754 824757053 830458432 345964052
172
76965960 1646980 126288115
510814873 313577841 35260114 725760813
156
65067280 112457725 126288115
362349860 116770652 49783426 620420423
256
127851360 177500505 180691735
137446653 534161549 360403824 330352955
103
25399875 67030955 126288115
123188046 728552982 659679322 180323442
14
109059930 115061450 180691735
531329633 346848281 514552404 308248521
42
46668800 8957125 126288115
271273275 603040373 671233543 331108951
174
89618400 120335545 126288115
362679036 407694318 368870906 642113652
29
60961210 9768290 126288115
844234793 666253678 911718193 323973263
288
28647780 75122115 126288115
708088153 740538615 643419842 10873318
224
31042900 34797735 180691735
626324399 508293824 616582509 597163625
300
139244245 59075485 180691735
376238060 453325435 502551108 282397214
87
92736410 88364530 126288115
708899105 164191509 471134477 51276260
408
20316660 100122960 180691735
833757433 719942899 562223765 100592626
474
84720860 76839735 180691735
473736181 982616454 262302436 390975255
219
107439430 102656930 126288115
512536789 196176151 921455077 509786933
486
162586445 39817855 180691735
521985271 551460789 303978087 795734612
332
175212380 61043080 180691735
948255240 362151668 741288360 585141001
478
57741530 11252240 126288115
214280904 623393441 375531513 532206760
380
155876805 161487200 180691735
731568384 930297139 350055802 971519490
67
31295975 30261200 126288115
806754925 536332333 142178384 699660702
386
40678575 79817955 180691735
103267334 112417640 229499207 520074535
398
77326905 62534050 126288115
959858411 762484006 975310403 998400460
463
166945450 68642070 180691735
426697009 216963020 328762961 434025907
109
119305540 9320100 126288115
500566618 260005550 269626424 19368116
121
42447075 124893575 126288115
554348760 217212266 352410294 684214989
433
15212085 148156260 180691735
66998583 105217201 550043141 944096640
60
12833085 27908680 126288115
473642213 533821253 926379158 985351809
374
32893070 103756500 126288115
179075006 75564015 339554355 801583309
97
111051135 119312470 126288115
740441822 95963430 255471736 679608180
259
112672890 57007330 126288115
311138379 800476653 795563585 736396658
175
34561450 129606995 180691735
103688827 767024946 942616783 977369821
170
152666640 85142820 180691735
887474124 67161293 675403531 231453425
352
125865075 117567065 126288115
747325140 350326254 309817875 171865799
197
65492635 68691755 126288115
450656332 453123952 580438103 222177083
376
26236385 67255860 180691735
486823634 699682222 897213058 508337617
73
119574345 116534725 126288115
165540204 558620044 2030599 103129554
475
96829250 158092830 180691735
48137907 235194490 738419938 155010898
288
19221960 117386335 126288115
576398375 778065641 543977148 948279530
10
60190235 110974570 180691735
965158301 165647713 100250751 955829418
82
73148890 93646535 126288115
581537531 193120459 831419215 733960750
144
103141390 25141500 126288115
52306914 110778427 219325403 552564793
320
46758425 55345500 126288115
741506656 574558821 910610733 981749520
143
110866705 66449095 126288115
368408292 1233875 456234599 221286151
51
62693785 109648775 126288115
769197262 559262444 616505257 34572190
457
49817260 27889800 126288115
338897246 209661063 251469051 921399240
189
12520655 96202960 180691735
232418294 498932709 475365874 178229914
205
6882110 62005285 126288115
619628971 993336006 242104193 837500045
215
40448595 71235000 126288115
793747210 865934353 786928717 461325057
478
50984430 144698820 180691735
735171553 325261496 314991949 454769768
389
60225155 4236300 126288115
569063652 573491419 577727355 539659418
200
89287385 125056440 126288115
638268828 441191557 969750571 392325577
359
106557045 34621725 126288115
99852898 814237014 621247224 247809643
297
90584210 21812855 126288115
49731025 560834966 712397892 401996563
324
2043135 76549365 126288115
172601783 592740466 554505933 71748873
394
123276040 16486185 126288115
639228130 211396205 784084642 869237452
225
2464580 6313555 126288115
986179992 299978302 542526696 31451814
345
32633020 82536300 180691735
73001624 627297226 888489448 331007695
323
96058655 71813700 180691735
64016866 581906460 307112390 384364734
341
32319110 88246305 126288115
348615974 126359181 127998856 552228556
340
106891155 105500255 180691735
288242286 327960931 941125968 900938063
326
4517740 35046335 126288115
10020646 734435569 372296268 394918497
319
96335925 56452280 126288115
440592125 186657340 266959905 822981859
452
172394110 9585555 180691735
970265251 240941679 821526713 415063149
462
52525855 823230 126288115
335940314 38575533 952651922 12847253
447
75874330 25800180 180691735
159847549 17220910 593165170 225469184
446
159369875 142523115 180691735
90853046 277729941 307569785 924643398
215
15528275 154691250 180691735
705351990 696169786 40080054 312899388
411
86358825 7803110 180691735
296443558 537074630 910325348 398352755
1
174767005 12370750 180691735
59692370 944398527 95250796 260591663
215
90942540 82933365 126288115
219704386 925342652 791048115 662919791
356
60857465 32801555 126288115
681788899 885987610 836731983 240144640
348
45097950 36383210 126288115
407161767 855535858 620342260 244500415
278
45998690 30854775 126288115
849535412 214149287 58515789 983023238
132
124818810 67133455 126288115
261599166 292848741 392232850 781276388
467
61039295 14090495 126288115
525262391 168602380 941530719 734954121
19
72551615 87190615 126288115
347238585 201915968 184722253 126219513
293
47579955 5705370 126288115
477666896 408980421 756158543 569648741
371
153530125 96432560 180691735
652588320 111979160 798747398 524462478
488
54637090 91131180 126288115
442009976 215457082 944273133 633377292
110
77069480 63962600 126288115
325248439 542201966 239480817 741167671
26
50866690 71336895 180691735
410327750 714318246 828307954 4265677
416
101408005 36090340 126288115
256538805 757666751 652327423 799517303
23
96585685 67931685 126288115
813156896 882214564 142009979 47813419
399
65877540 94111090 126288115
490198029 430819172 382333494 492770671
210
121951165 59372005 180691735
717394397 700379635 642108006 393688495
272
83841745 70802590 126288115
547063334 842498991 328342038 207930118
60
56241790 52603250 126288115
776178623 533769076 247078824 608719871
303
26045075 133168665 180691735
446261841 659829257 400142790 431180926
424
98042390 46170845 126288115
620165634 789971087 782948760 391358081
87
90613500 64990075 126288115
706462481 528422091 618035624 376000237
449
159099850 145372920 180691735
175867655 296139833 7658313 472396831
479
76351065 42136990 180691735
44739349 368470556 886280313 145653592
200
100179730 10618125 180691735
312819174 211311066 73829911 638408656
268
65080480 77598625 126288115
736252425 339661867 514403782 657918388
126
88553310 46886515 126288115
358866776 825240802 213969201 856195762
359
175798595 141778700 180691735
185561002 182920063 657225600 546781499
455
92226770 110447805 126288115
115771173 674210431 903647234 14195894
339
72206125 84006220 126288115
530161321 302592436 382994819 902777000
9
49284230 72895330 126288115
628132001 606820021 897893839 615046069
432
164132115 144173435 180691735
484968817 710532874 378290656 171879606
226
57920025 122343335 126288115
545423294 132345009 54291422 147632636
304
14023240 134013320 180691735
695766964 638467938 377103435 703769053
461
45260155 27360755 126288115
210784150 255580484 435491525 532756053
26
63609995 42237835 126288115
959930811 578937889 194068751 79385871
289
2587865 7488075 180691735
70901402 41852922 254252677 305690262
129
43285855 107907995 126288115
802750283 101279460 616781500 114668953
480
14732320 125585450 126288115
825304128 919612204 738307719 567292833
97
10308095 15967420 180691735
418885275 549274070 203915026 579317255
473
73773595 94447970 126288115
668266617 270254524 894424434 531736508
382
35853670 124336600 126288115
483202795 943332199 915987165 101235365
299
121518815 61956820 126288115
920206735 937493398 508965835 625518445
223
31153165 67759695 126288115
808553666 672919548 206997952 186136360
209
127517915 141619310 180691735
591839440 204029699 711718650 739345768
275
71761445 90041980 180691735
980357230 588834860 223207117 740644948
250
108232460 3469235 180691735
169063214 655683684 740666901 125920763
77
20154645 176472695 180691735
475388066 379185130 310572222 832412096
197
114757525 91121960 126288115
824500917 268639983 202481680 663911009
178
159369455 155545040 180691735
201760338 892497277 887895104 913994465
492
174457290 2606905 180691735
241465149 837742486 865548566 388170589
474
73204600 149646350 180691735
36653009 793274800 747335668 548373605
118
81385850 113420825 180691735
900910846 698928802 357573648 738147220
414
41325060 90346280 126288115
282567986 757226810 120310378 890756728
178
39545415 35902440 180691735
364977899 801469016 770659653 904319671
33
109752270 98815565 126288115
490726509 199178597 429476394 986046099
412
48406575 22530410 180691735
552298980 664091812 685742704 768811948
249
85558290 67880745 126288115
407964525 613614514 560568042 536602221
499
131939255 99986915 180691735
834497601 819280055 778607947 31204998
468
53469795 7021195 126288115
379875214 840806719 991459454 984163677
50
51263435 114320010 126288115
388413684 486955094 187893451 532836653
453
143167220 58236360 180691735
452274952 453242968 856860132 777706488
341
77779450 3119445 180691735
875836060 78793131 455061632 24996358
61
104984135 18727205 126288115
997614311 490788378 153557742 52181033
368
125111040 68812635 126288115
311341324 990569203 937275246 819875247
362
58568620 49137555 126288115
476967605 613552387 538090391 457623468
117
75671680 48362020 180691735
479106514 707383550 812936949 386800657
149
26857315 13297245 126288115
571723339 995123370 199110262 85949141
373
171536960 162372035 180691735
818117020 513720410 926666014 555621873
279
88467865 3958230 126288115
620006613 250691959 828298153 919077534
409
10036495 173810700 180691735
259362585 290953669 617262206 215659496
485
562800 73703140 180691735
4750481 246377875 425019924 46494565
153
43712755 30745190 126288115
941508505 356959362 108142672 459225607
378
13395025 78948555 180691735
882395577 554572143 554920793 555921470
128
37683185 51142655 126288115
170297761 621685238 421400574 5468211
118
122110030 173123755 180691735
558102416 857106042 311177464 491247527
44
101204625 8423495 126288115
377868806 987046418 798945163 73407291
114
40046920 29304215 126288115
670244408 568988973 449887799 195269204
472
158910395 39910885 180691735
313179650 986262460 192839923 207430532
418
115533790 56569910 126288115
219995393 708445760 118970955 334671744
467
93708700 44148595 126288115
677143237 420737065 242084431 866282932
396
9042145 54807105 126288115
379794644 218382927 400616592 416883028
38
82097330 176642060 180691735
204856687 225166334 30899058 849499715
52
78203220 57076600 126288115
948348467 556559384 96203242 755021067
456
164472980 283535 180691735
737160933 924087552 290218682 945727032
471
47993400 139479375 180691735
553827962 131390538 824516077 89431616
254
169659665 93190300 180691735
78639834 799433189 369990583 894343886
152
35270580 5790020 126288115
485587609 844221070 940420883 673871964
174
109778060 60006650 126288115
411246148 746762024 715107070 466046582
126
28333480 158011735 180691735
24010105 651834050 53165114 564041026
340
66069200 74773505 126288115
116855105 662432042 447114120 817239536
101
46587710 76758105 126288115
447437069 437567561 587668638 908628791
52
71254440 61195630 126288115
225897260 411030204 133881701 785882305
158
19638655 101723525 126288115
53999705 231242826 403304610 872478147
289
22891465 88728630 126288115
373036272 744471511 726466903 22930000
127
34598655 126903805 180691735
976764532 216897593 385593055 988542901
327
22229270 24673740 180691735
388864534 766395541 234210855 215306129
127
44645320 2511025 126288115
490035983 633533472 991351089 623468461
273
139559875 17426815 180691735
542272453 575000867 958739021 442377025
346
26419155 132006945 180691735
291337694 445543383 600728181 426482748
11
79568825 105325850 180691735
152590696 371868715 667084420 94812955
371
126399420 131138000 180691735
960816516 439281430 742314591 705190770
364
82475595 72445745 126288115
298800162 692162626 824574448 148092210
172
63368370 59164340 126288115
15435945 598399855 326397178 374700894
241
21979515 24593190 126288115
205771182 219727150 296683548 314686247
482
27553385 91838105 126288115
748427989 298152744 439116765 186288869
103
80578010 53001905 126288115
837747758 708862682 608068107 546844792
289
82011615 119416710 180691735
101037721 893314094 942358262 58472274
304
13925785 83478130 126288115
163128086 899987035 70811914 453987623
400
37778055 64258635 180691735
738889035 912419469 845896630 610714735
471
971790 91693935 126288115
41869233 670763930 335804440 643240885
72
89351525 113319835 126288115
144250532 853150354 204454390 306551682
17
49366625 37144670 126288115
175348655 568327696 571911816 479175881
207
7016780 6438285 126288115
43118349 370676839 544155690 269510640
321
92624145 120860305 126288115
17331995 95689498 714583436 939559590
76
117296435 39348525 126288115
31991178 670405551 814703935 616743242
88
54933590 123904940 126288115
10954403 539987470 192885445 776368851
442
55863280 65601235 126288115
333320661 419576317 279583825 863599980
396
453670 29645805 180691735
100951856 294513892 400612700 433129807
45
111255810 55670990 126288115
196472443 198202271 186156873 34099993
169
92529395 133518665 180691735
603905818 256037928 613714191 975845055
227
22743700 36635830 180691735
556333207 567200142 480463970 845762391
178
8569855 16815635 126288115
990581666 32126366 981157590 114442633
380
43393610 110281540 126288115
93855096 104612309 814974571 298890103
452
15023820 122730125 180691735
375225358 445913439 674535755 60618696
328
109789250 69164700 126288115
430224932 834072035 730691297 156810227
85
5048635 34727555 126288115
131496910 333855269 275515423 170275683
337
31764320 62265945 180691735
460103365 324993520 536807522 229764186
19
109756325 23605820 180691735
321564229 385458142 961469492 614848539
366
87189830 12608155 180691735
617723942 821137354 903446382 937920916
420
26513190 67146330 126288115
384780781 595507718 525537807 488734705
352
100196040 109746210 180691735
650094800 119224025 463596433 786934768
143
4627900 118525510 126288115
696772669 833563462 685029984 520423498
393
94938340 157345930 180691735
384814025 499218685 107545280 334187736
263
96716760 60611925 126288115
894328019 951450604 862473143 131078275
46
1040710 35689060 126288115
126446330 225612151 372969599 273068151
289
158497500 73296650 180691735
76932804 985595496 784655800 285552935
154
70835445 117672230 126288115
82805290 367869444 288048467 417603466
321
44185540 156732870 180691735
464246993 64034982 572927064 203816034
176
101166660 176569435 180691735
558906283 971256548 635457060 790960540
349
145307225 118643840 180691735
352617807 396633991 634568135 223472837
105
51312200 10945785 126288115
897043809 150698648 105489769 988224484
409
96150150 100685345 126288115
745840441 220042096 206234338 213648501
413
35933100 72348465 180691735
245644798 267439411 499094762 173076695
369
18495780 31319240 126288115
701318544 229248925 478234156 892484931
140
17002090 132370490 180691735
369331986 916372028 629022193 329618132
446
69471185 88346650 180691735
176964925 420410789 644387478 241248332
222
35393820 62310465 180691735
40939205 15632045 965621278 855688292
476
75969005 49096320 180691735
504259969 251327830 872705825 71644678
454
99454025 41604910 126288115
638936855 43599573 64493825 707276305
442
40156270 93369500 180691735
459958291 380197850 436955120 33489010
78
96283460 5499900 180691735
742303367 854450231 468457791 690134319
12
49438990 15104665 126288115
921323283 784699002 892632723 750231096
238
89917500 40305065 126288115
140443794 421177722 344779524 271725227
326
76323565 2862640 126288115
136797029 290473729 978345771 594449623
414
13349345 92524075 126288115
81378074 348507024 891059836 736749999
158
94840585 172116735 180691735
657819322 995722118 705796861 797575815
322
44202300 105539770 126288115
293715253 910467114 477872302 272820932
419
5590420 21665020 126288115
760051733 524813567 387048378 845579990
294
100550405 65995375 126288115
653524599 557443900 473441856 362261265
97
50397760 246995 180691735
507670770 26226060 517280622 795071684
456
17200650 37428760 126288115
261589293 65617004 253435605 794291325
288
41104105 118087025 180691735
23669471 124547539 185595443 313449955
150
13249230 60328425 126288115
196700390 579939817 812372607 110111262
128
72310545 103621430 126288115
848381365 24224184 234499434 952725830
77
114974855 58624440 126288115
876016741 178674571 855959338 487751995
261
123328125 60449265 126288115
190746882 656425023 370617069 403762247
137
42015725 98275000 126288115
228963629 995535045 880042301 162387832
136
31666880 23757650 180691735
936242770 75695891 940332098 382337679
218
55379185 53175015 126288115
748948786 742152199 82686857 966339760
485
62504985 124533205 126288115
84844345 320973806 276448000 142011230
155
50494495 40014385 126288115
789763405 175525457 537122154 91908217
298
9324685 9987645 126288115
195621447 208922411 834268604 292567835
28
108921845 42784850 126288115
557963194 566858545 249855681 155812538
382
47584035 86182370 126288115
829335034 743441393 18885241 999199449
140
36679895 127272810 180691735
784076857 866910938 306577812 854120767
240
65876215 107806175 126288115
319796812 246702774 389570674 439665170
454
10461245 126186305 126288115
372210408 618883387 161425270 699989192
215
3279915 12626145 126288115
497309320 485695903 635051218 178040867
114
160622735 37375660 180691735
522016622 11470625 992350547 474947746
62
108988320 3660320 126288115
642757822 267427544 693497457 793676273
312
22782645 19125650 126288115
463566873 505875272 234808960 227547741
24
114968210 38227795 126288115
598023310 901659382 592515434 918748678
453
41523810 13985330 126288115
283213125 942966655 465569324 468128297
430
124025230 160193950 180691735
263836741 860086810 966629717 971998088
343
156541560 92002120 180691735
655347216 302908933 164567985 452455063
317
11249540 41703420 126288115
474753191 967577337 506187064 381187364
141
46331155 97754565 126288115
969700446 387504227 966543668 694065561
473
122046155 154432320 180691735
185659987 487191760 423093236 282554013
31
122302530 99102535 180691735
514748599 277307107 966906760 577740853
423
113884960 33235895 180691735
666421458 670023651 171185440 428830242
110
120092055 71450865 126288115
620661488 837965915 137705097 928772330
