500 36592264
132
97932136 208025004 978165076
922545367 787155316 649320419 764201082
261
287935852 511703147 720900315
61833349 297473300 713531523 329638993
471
371025464 149250012 978165076
498062282 56015998 576030121 592399402
398
855645520 93515536 978165076
15897386 238995944 961848671 824043403
96
19837674 644294322 720900315
59722683 193646965 212494014 807098151
152
243885069 604456767 720900315
482097837 18142794 611277922 136902348
28
85876208 927598120 978165076
292385364 363395285 743168672 110156014
319
748644472 312061020 978165076
658201271 247445132 621634371 549402265
73
111146000 875649912 978165076
732255410 982572862 898544435 512082525
171
475495640 326320884 978165076
158967452 914821925 928303178 674487315
216
353653920 14907124 978165076
522294490 747197430 189118485 505892798
316
948825212 713276904 978165076
799197889 400612395 551871668 255164256
205
432781556 131059972 978165076
629656675 584112118 991713302 932711318
374
602129616 837953004 978165076
385417404 404768968 64218198 645939033
235
32637544 747659168 978165076
536536030 791846397 538454597 432839655
165
397264748 389838660 978165076
404955425 166658953 745429225 896433370
161
931536232 320389404 978165076
759302383 233869087 494799172 858902057
454
365802344 457754728 978165076
621235954 538093497 880874273 100022759
403
50551508 618470652 978165076
598391570 725449130 67339319 601053407
275
132375916 819468092 978165076
146520668 16087901 403996264 137806992
85
442534856 811714992 978165076
689298889 558682678 937097406 847516357
379
373950792 779907816 978165076
92335061 824336726 645558953 32878821
458
436754872 630820580 978165076
231270303 571663612 875228451 946866948
133
455592915 675620505 720900315
611707880 147981775 22417814 995267091
151
584530384 393048036 978165076
686098007 598724563 138856420 886984001
399
751680104 947796956 978165076
663771781 737673938 79091945 313548003
198
836518612 422326216 978165076
276102735 718998032 513918065 560820964
91
117084060 74824380 720900315
452242755 866395833 643657042 280243616
33
346548690 541613925 720900315
716759862 987465543 383405816 178972602
302
950401828 442693872 978165076
851192537 812629601 485437880 535991627
288
653270476 660368532 978165076
145849415 704635434 452870097 359558310
358
431457345 79927470 720900315
661901755 237867802 572735811 913621322
46
351490230 513465435 720900315
50103975 653829849 465556830 524749298
407
680043780 319238640 720900315
97055128 745496099 73251151 116468762
433
816937764 787546796 978165076
73499370 38261591 406366824 940067244
410
67822200 185319990 720900315
612166080 864486377 639398919 136974499
441
757678808 454438392 978165076
101477276 463958095 250720248 400447619
417
807850456 537015436 978165076
854033377 495290808 917758472 642229420
192
380061948 776544432 978165076
331755885 844721376 950709081 804860106
75
105848550 508164210 720900315
426281823 779156578 146105161 314938332
391
538951320 587210490 720900315
756999008 441535853 727212132 454423724
64
689590035 75175290 720900315
120592682 333567296 248047684 205740608
385
64368900 335220120 720900315
588502879 75129304 508242461 736763759
144
345734460 130549760 978165076
120232218 251504404 347910041 87107030
75
814261164 870691720 978165076
525228537 109887580 281503883 577035171
87
620907024 916971660 978165076
302628950 423459218 665942976 134798794
479
446736140 673180148 978165076
99330991 257166646 336204246 410773327
154
676862190 246244680 720900315
861705866 859517879 213204456 876284086
443
545042224 206670512 978165076
264816957 45574026 520278457 189363639
236
258115544 592872980 978165076
816784690 989296691 866980541 834499239
343
593935852 75137972 978165076
13797829 886878298 264356233 860990944
358
742257320 607284588 978165076
813187959 107706105 18428446 437416464
156
458301375 452990835 720900315
433455132 320435870 822076902 547633905
12
619040384 257559968 978165076
887779197 177736666 595340089 808707071
178
69260805 260232300 720900315
528186180 989577747 432189632 177445158
314
151273620 276469110 720900315
377720783 363758677 362180450 84484799
38
8264396 174752076 978165076
329651783 606273811 97288912 143916236
86
465895710 655369740 720900315
314708471 963185502 480618340 101542778
63
617741685 277618365 720900315
385228508 759409343 374509136 445865887
60
7655220 206414100 720900315
662886680 604271898 991817871 64173070
302
933372912 346853824 978165076
704931977 145474937 988740715 585699445
183
336754184 781208992 978165076
823495179 924752500 10226483 501678411
308
738795164 139872692 978165076
714764624 271180097 454557313 184452474
441
639411528 57756692 978165076
962397219 518089509 513593530 265591137
25
435176505 689612535 720900315
190471862 203709892 733931186 412738816
161
351737904 60597264 978165076
154361442 84209035 613555725 654129010
222
346496276 259742364 978165076
35804340 578977973 683284889 497964218
450
524953968 53720044 978165076
446955591 646263343 343467963 854683056
493
936438468 694409856 978165076
622218730 385809031 491389913 941856944
12
680199072 312168948 978165076
815060713 401069218 883370114 246059932
18
59387445 125795610 720900315
702515193 56790851 684072606 616091645
485
474612975 665910360 720900315
466068988 16626796 65330359 644010955
101
378792675 612786195 720900315
326716027 673924478 909056609 29022474
72
664810636 407892800 978165076
233667722 943849884 93824461 924512538
219
549809484 579238296 978165076
973925745 252924746 304846922 510008402
83
423086496 495841416 978165076
60257917 193983838 596642082 416685461
46
105846524 349201552 978165076
753965840 896863721 259848149 880540669
28
318865410 657268965 720900315
770832007 395000954 213602324 997833504
419
828341528 373967020 978165076
479678090 160546194 827857860 838636185
9
10515708 137707192 978165076
533890287 432242792 621851483 661387660
324
29097990 359619120 720900315
519631993 718685494 109696853 300226495
329
728850752 300457024 978165076
173709361 130141007 34417291 744814513
35
516788608 134898036 978165076
931835316 973832412 476509912 191447410
433
311692976 372347388 978165076
420336954 336656490 701664098 612736398
81
305461800 713539305 720900315
523846075 280663722 428111922 707195513
204
256485684 467612320 978165076
745513920 288585015 832102162 805113769
166
557471124 925296764 978165076
557836180 334147381 257023410 350139724
384
181723192 338798936 978165076
51113117 662458334 545499571 136399397
470
497380044 974080744 978165076
274693662 456407735 690778236 554854804
478
189590625 11787570 720900315
725067581 51188513 121203060 152605197
253
389826948 107189264 978165076
420484133 259082640 554774262 639672105
27
229470975 362918295 720900315
222549890 586778468 149181753 786717867
220
667081755 261275850 720900315
582536342 301740184 483501637 162014539
84
638396640 114086532 978165076
415478414 766092565 810687124 515862190
179
383216372 882066024 978165076
416066845 600312382 910357630 610601092
460
432469576 717632664 978165076
815248976 904678244 491158461 308663599
20
784063196 464199484 978165076
148450410 630175350 493684215 749104325
133
553094235 74159370 720900315
181701011 528375797 672344968 485313654
327
13690544 683915092 978165076
134637251 508686651 198700380 509475600
387
217990836 456504720 978165076
265266057 719249492 481684193 865462097
387
901752012 403584384 978165076
643599760 650674986 436074422 744178911
449
513305325 86581575 720900315
697637516 510470074 167088845 741392072
462
359357404 73724476 978165076
806728971 387831591 522676098 181553363
217
110174932 783107472 978165076
62625180 652005865 473460736 676314453
207
174805792 946013824 978165076
723122529 941964776 495088398 856051435
223
49049370 158595570 720900315
980738933 321078013 314461342 34516758
348
432158132 397558476 978165076
422426997 398427888 683507088 943390396
47
195770250 653770080 720900315
121861587 178490820 661251275 745753143
497
544867425 159104025 720900315
538928104 631209182 846350659 703725285
122
725792032 882937160 978165076
544457652 821800012 289570807 606295054
165
723164148 236479656 978165076
373828215 36155467 873076522 340545716
302
586176300 445008240 720900315
585211820 489060534 763547050 207822864
56
419207600 374328696 978165076
168491265 763090070 102410180 284232981
306
361987500 16400608 978165076
105715305 197025507 478415101 506744504
111
232884400 805851844 978165076
581742038 777510222 53497587 163514360
157
169797096 891278640 978165076
601022984 383131834 663032525 104590239
21
141681465 661400370 720900315
461027466 783363504 131335565 487349003
31
331117640 129565604 978165076
566321813 62924755 159104119 249882250
69
799728076 57362844 978165076
750568139 685674703 821980004 326048441
287
428682296 515965296 978165076
502035005 729148483 215005021 339864663
205
456679035 145358685 720900315
423789531 51024702 569035537 598598278
78
662949924 553611072 978165076
400512278 347171683 113194110 179751928
75
730813244 860397216 978165076
778858990 42649406 232515760 499345
174
23951790 40217535 720900315
793661891 558686059 183371718 315493335
400
149585220 493379730 720900315
201116294 138288081 55059739 459509608
80
651695805 247923945 720900315
760631904 549851694 302248138 283869262
35
787305988 311486728 978165076
953195714 644687944 114489214 823837882
81
205785888 360802568 978165076
668774459 110327267 653345717 222052185
262
154468384 309808324 978165076
492756061 277588957 628318318 593006787
242
377995184 681246244 978165076
220326463 251411225 345429581 814234931
357
593928855 478673235 720900315
370975217 479698808 892249426 127080648
204
185455215 484557570 720900315
171257085 228414124 990411292 374648459
343
513188460 202705785 720900315
198231957 926807940 240434127 195383141
288
325318756 425679240 978165076
440918286 839931490 37964946 939740193
69
133510410 384386985 720900315
278972564 159827109 425995527 146986882
133
107514624 590181284 978165076
950745797 811187755 110844342 389458156
279
267345090 113507010 720900315
164818815 731645191 331789659 501053883
226
744776900 730088688 978165076
544868158 536615578 294470936 783535630
283
458172064 678211884 978165076
150702363 156526686 753360490 290826868
41
279177444 674332904 978165076
942256735 915151476 604274643 777905486
1
592713630 388902780 720900315
762779060 403399395 492089297 562487478
148
443566396 601778912 978165076
573132821 998512477 416165855 960507321
203
10365840 122505885 720900315
744346908 988880515 449515789 509864182
290
356513948 170922108 978165076
913356166 128637986 155073387 254830692
474
559253688 435006740 978165076
554411665 545197109 226524747 342412167
48
609367416 248988684 978165076
21915808 217448823 676563194 950842943
358
529904745 436706550 720900315
640720495 714809753 269609510 779067886
263
686541940 449941912 978165076
898996725 349337680 405340697 136906416
211
98527212 385674632 978165076
892804910 801182419 313152939 392616842
256
730139200 344214220 978165076
91348614 804447109 247789815 30740541
298
82192292 944659548 978165076
906450052 106047914 430376589 390454049
373
287984430 44888985 720900315
807359408 795851628 69936678 350078241
358
2638440 542044530 720900315
829478583 241601626 73028259 172744153
10
170939776 325110324 978165076
832438170 502348074 926658765 811627359
136
322502265 645186915 720900315
148516724 711931823 597586029 674378380
371
246808980 345435885 720900315
285687374 224101862 962578196 392912645
291
300238344 380319996 978165076
199516337 771715743 454339837 972812575
331
721709940 620069016 978165076
998584317 154033983 903041249 383553523
137
935845596 509252464 978165076
197500624 683359946 383035392 41365912
37
809199692 415985360 978165076
603619079 500047187 976279643 110853941
268
885075184 645914304 978165076
389015630 721894834 986740399 123249963
25
635169584 615086976 978165076
189965681 866935045 30861043 247809387
11
166434884 560789432 978165076
977105993 974778066 777862587 875320547
382
620948720 425351444 978165076
261917638 784432965 574082433 436056940
34
877075640 857659152 978165076
309931532 761507418 326609694 997223140
470
600557085 96644610 720900315
888097586 963183350 40866338 878941774
51
30715695 564242760 720900315
889710805 610693772 718022512 489432910
53
727029520 583678452 978165076
238951673 277239754 974754509 799049537
357
182630280 279643448 978165076
432401676 563243715 486816369 183839267
46
661235092 352807224 978165076
774475054 164625651 966031226 144902072
429
239468684 377684048 978165076
966990829 894591376 286951850 47443609
48
12492732 464396156 978165076
40163978 376444763 820930139 443367476
271
708982260 791059136 978165076
987019613 346689260 229899306 292195427
123
174264328 516263552 978165076
319107296 972519517 625547804 66513326
484
388112340 11885132 978165076
635356779 494233732 759571265 34949767
315
155606400 645155595 720900315
405775201 774639606 591265809 280115499
222
430776360 208285532 978165076
407524258 571778888 278509980 379990856
221
417326490 245098440 720900315
441985056 175467986 446448140 431715667
133
761286260 112485604 978165076
704109448 382973668 334978114 628976604
131
676339244 339280620 978165076
442827939 581781431 840590727 107389533
68
781172756 66581424 978165076
871644126 233334556 370124481 443482035
441
731496080 811852720 978165076
976928294 143954404 907614768 110966211
255
703903140 425545380 720900315
154112871 525151988 37598892 552485653
439
446603136 36150576 978165076
109559655 257344673 458018864 165904367
390
662735136 21623644 978165076
138520473 57769908 802428604 290513932
169
881470520 779248596 978165076
35579007 25643043 367951876 905345547
11
146847484 880062568 978165076
860132054 531722629 853806918 76774483
494
292697550 328299210 720900315
74687577 730517779 335682829 242869010
456
631455804 130107516 978165076
944375561 126473804 91974373 609659722
19
857703420 964332180 978165076
374217939 132886800 247705889 553734545
269
668604060 76495410 720900315
708801699 236593184 711017922 540361212
231
454312755 46696275 720900315
838314375 9331243 822687990 186446297
286
119673456 135724820 978165076
716843586 646726188 118475388 66990117
359
120223068 458916640 978165076
311882146 566551332 916387585 401378251
423
171112950 267360345 720900315
790091929 251357990 53358339 661148721
238
542607688 871127740 978165076
754906215 235539059 214658277 825396366
435
172330508 917879508 978165076
367478060 983130123 523727998 989391410
168
512501556 865455752 978165076
213274813 56458776 599180697 544017340
22
544421472 605676624 978165076
398062877 466355601 6727753 966024646
114
159255360 637467075 720900315
748532403 169140642 249348112 467835375
177
70799760 613668510 720900315
357791602 488852416 157458822 597609667
63
44437176 12601036 978165076
723167353 705902170 400044182 286599724
489
889503132 822888472 978165076
844084725 157841028 30223302 810686395
353
864687236 358269856 978165076
419479492 146931590 650694240 950042703
347
324601396 762888 978165076
945541944 726453197 512671867 860246678
219
381672900 229841055 720900315
550996104 503599090 191773396 448589748
45
622035000 409092030 720900315
744301904 575600184 964638150 947560080
418
872843020 968921772 978165076
517986249 144299250 564302155 277403014
64
761727176 221374160 978165076
588602358 451888499 207582473 854576398
57
626876910 235034685 720900315
546159877 959369461 931367827 920302305
394
494458804 866703992 978165076
214340675 359882150 6250118 908070953
290
907747708 377058640 978165076
654466713 821306536 131580104 765273479
384
198744700 389048772 978165076
660199771 871554715 584715970 760350745
117
919315236 42913024 978165076
589459417 646633229 139755224 642866403
31
38855610 104333310 720900315
409170251 507731489 419268690 439354564
284
603322636 171050488 978165076
345505250 636013919 559603015 874156221
133
891976624 669737992 978165076
975834326 277197719 158010155 458177864
413
271438412 781338096 978165076
664133145 273513552 406170456 752820466
73
349783028 526075564 978165076
282545771 711077028 848245989 824073637
159
449309745 286474590 720900315
387737454 123237001 341084600 395464563
99
4477004 147963452 978165076
384398529 129990743 66071327 972104512
28
618753072 791413784 978165076
44900615 262607345 770078785 175769840
487
384777820 339188528 978165076
516076767 189865835 273540269 900183163
304
278423010 12260520 720900315
376176753 331762258 71059536 114313337
233
341597284 969223192 978165076
521634864 113835162 376542108 760244839
22
747865524 66118584 978165076
208170177 227842312 660100935 978380363
392
35659848 323006908 978165076
140319089 82368860 2315250 679706184
39
678226185 5121990 720900315
702887904 479070365 403024047 296346247
376
84206340 155875860 720900315
1511627 877170997 613408734 565848524
296
305446876 131523728 978165076
107365273 632669266 627098294 141069202
114
924535780 732615912 978165076
528345918 139870173 246985955 454009511
267
220465980 910700504 978165076
709535712 224571612 740943353 808373596
116
727625304 625686544 978165076
175772378 240355070 371066735 159959758
90
681749370 215271270 720900315
296388416 302161970 106690285 696692909
469
678624975 645711615 720900315
25589091 403568213 944874116 742638398
240
52527020 884402820 978165076
567958239 549411310 938569141 838906465
112
82341924 954363592 978165076
865714857 422444046 165811613 963937611
268
657153672 271080936 978165076
617907188 118807197 547076636 883363858
9
136325056 157657724 978165076
208546691 822391079 542278475 489815140
138
351636600 562173556 978165076
485643070 773527867 407297917 980101542
100
135386300 648289488 978165076
9258396 905995055 76888149 106125313
277
76065052 168289772 978165076
891675339 476643646 9608232 998473970
336
874081040 665436492 978165076
883837216 949494177 938555985 363593615
253
654477030 431868645 720900315
856900051 105220149 605242881 273476645
61
525617008 892310804 978165076
751133558 12103415 768928790 984354789
316
269595270 29717820 720900315
617973374 339249839 269984698 720109488
134
415228856 83571600 978165076
617396241 527805031 832002266 179234890
118
726406716 299857880 978165076
494961318 753787778 88570831 726465781
458
678443584 406400176 978165076
859699145 644367739 501015589 534301679
321
176067180 267431895 720900315
362781660 297090417 529063438 756004442
50
138625110 42259680 720900315
290814823 96452305 300645433 654708025
82
345321450 159684120 720900315
677726434 140607211 422390355 641957341
210
345451230 395309655 720900315
785368445 964155461 381138600 158788499
280
126967140 93434490 720900315
299810928 291203072 861762284 3120552
258
243823076 460613636 978165076
83535141 140875170 361890999 130054024
452
397013120 345326128 978165076
140715881 254866397 781901533 72075525
259
120904364 283602172 978165076
454743330 122723966 215255968 614823289
407
4838085 278317980 720900315
207496289 664809255 903949116 637774014
94
241528140 499302225 720900315
865717052 233245818 581537638 427865131
305
469381185 438056730 720900315
790731218 29704744 368509401 856726686
199
33144975 124292925 720900315
258969239 68855382 725637311 920770945
485
389877992 338101596 978165076
62461605 592047784 147759764 442899484
233
398498520 138773516 978165076
763421137 79408918 151720432 726775363
83
48114780 767187148 978165076
499672890 966064663 522693342 730413139
294
670094236 822164616 978165076
713402807 179949132 10011974 921819106
202
231377076 588880124 978165076
95135915 928265851 982084221 263749227
357
40606496 362142928 978165076
964952197 731189207 122639423 29735557
76
439194728 916962704 978165076
631801286 267120898 438483757 219106887
259
94107465 401963580 720900315
488730615 81678360 375090755 752884794
385
314299188 397863620 978165076
375038751 977862482 647282577 622381395
217
671013000 538178175 720900315
841437261 609857698 547753959 32886590
370
179953155 679780710 720900315
706762386 319246692 142438479 481440824
325
882221620 316040872 978165076
624924423 685658160 826478541 711113498
394
63451864 337439816 978165076
487770340 586296826 35748954 272632365
282
282824220 513118340 978165076
897224367 954232532 701033258 430421337
417
7299628 491857604 978165076
346377277 864580998 592263144 242556118
166
140507388 385155792 978165076
926147847 149995860 326904370 58366458
286
623288904 680142624 978165076
405505582 682110504 995635234 512389711
496
225016596 442967560 978165076
51851070 728898844 457691458 256888122
161
224377188 309870764 978165076
160447596 791853256 102857922 384296289
389
937549648 817692820 978165076
277839598 118633392 258461540 946872821
318
478767105 678794175 720900315
860690165 832246815 146270962 47129220
194
535860500 40968088 978165076
370999404 878571146 506744337 401744398
89
587847092 691280268 978165076
854482436 213403414 195422432 46060323
184
334837215 80406315 720900315
30351613 199004521 724499120 968608822
363
60348420 129056805 720900315
358182471 920568716 825355907 953259300
474
297950940 320140215 720900315
90008847 775089618 653975669 698656298
233
633933608 434516684 978165076
960134436 588664524 51737746 763508374
474
376833825 186310710 720900315
587479745 738202824 378355539 932309635
148
87739380 30646755 720900315
957615442 883445936 246768714 100855963
115
780729768 658280 978165076
751284678 640807656 230465246 876183431
289
684594270 77668290 720900315
288775994 720132204 749103164 988157056
142
527550750 414323775 720900315
682610884 517936760 889618769 179787942
193
835120888 911213968 978165076
429814568 513477719 585965941 920075677
336
514774456 867745060 978165076
497174042 712096532 266279482 548230055
432
225076545 439281315 720900315
463072917 266647750 721661323 820843674
356
465087896 326237436 978165076
397130439 530946863 607445006 124226237
456
850502828 954186492 978165076
11752466 162126318 518394182 337804405
123
241580612 948377472 978165076
477825547 413704212 689478111 798384296
64
930221712 867254444 978165076
649144550 354223324 110519702 581240884
248
876509928 24801280 978165076
564512596 724673267 175277211 348848053
405
244023052 630160832 978165076
164398295 281617735 441906921 485926324
88
121174110 586583865 720900315
490155389 345644657 364768388 841982317
290
409431600 585101970 720900315
903183553 991090055 541945746 274691695
167
165233544 390282200 978165076
485971456 349782509 752447007 413060141
145
754509784 889313320 978165076
824094498 34545886 547074338 792526
77
269659684 782587372 978165076
572681211 600872945 417231778 563333016
304
147883204 142793336 978165076
67365185 676554281 317123709 727283044
418
432402435 338266125 720900315
172214641 756766102 926897848 220385684
440
967727796 842592576 978165076
505877184 356953209 151680459 375667188
39
39866960 622713756 978165076
44592689 965076619 255107720 767154380
256
902314588 327108040 978165076
78633274 529735848 113998636 976593761
74
504765156 174447000 978165076
994953005 941683063 639591800 801383529
423
189123536 433175092 978165076
868008544 734236720 216707254 481298959
466
592889310 429641010 720900315
882015632 215073475 731954912 760609775
96
929939080 125076476 978165076
5918389 735014559 156533939 864087753
323
471101736 157980788 978165076
72254778 249481121 214460567 839159422
224
114804312 922986428 978165076
32978097 607301106 955997068 345623353
186
37346456 577682532 978165076
64261438 250660702 288058438 456018040
406
113388165 37055430 720900315
298440540 86706131 206194829 656638667
330
482527528 375491368 978165076
362367916 120050800 817891968 904539584
13
282642615 607139640 720900315
343295508 360209036 945720360 431937681
102
100061948 781251856 978165076
516190885 76139772 26163334 550289260
271
438384940 755672092 978165076
75313076 71239880 327903612 310692190
173
509449024 188309128 978165076
483971727 387100344 27984433 497112381
464
629803888 296842364 978165076
823163347 857216324 303816731 409386725
303
179566604 968353260 978165076
179083477 811611242 395776102 145634004
170
293552336 868644560 978165076
506229376 373052414 2624811 864768465
460
132712636 685244504 978165076
767012888 896663883 491579459 333890386
249
690321464 585081056 978165076
181345330 392010241 524572861 520803331
267
826690228 575619772 978165076
406130934 762112629 852077182 845526818
486
89937148 385274036 978165076
517157269 611167238 328684049 826307023
363
526555848 915428920 978165076
350541622 203338900 983105210 169333016
4
256673872 107608200 978165076
443533876 637345125 160032899 162183953
500
94507868 249958800 978165076
307106739 708610753 782180048 979900351
75
765932804 875023856 978165076
400170353 99732776 892331929 311226665
281
281583848 593449500 978165076
966678185 884079150 652019594 458229847
123
115257408 471255288 978165076
723798045 386640913 85011358 524012128
280
632817556 754973324 978165076
86661311 410497708 673383471 170244459
394
117717796 52182396 978165076
710178744 504546522 130575475 289239020
98
514769780 613085788 978165076
225145649 591079322 954464260 638718608
339
147352632 732309032 978165076
647653724 540276556 486097974 625986236
123
443886795 177632055 720900315
291497068 206484253 841714156 681376941
469
575353350 499239045 720900315
443903917 140460516 976834872 589023677
347
99395865 401255955 720900315
561070177 438473305 355180079 863018685
227
531927312 778642060 978165076
313083971 193517275 473799749 517619760
122
951131020 353265528 978165076
385623570 785407755 587898545 419387163
389
183549150 175879620 720900315
696522020 498473713 488218922 343352621
381
547075080 128639250 720900315
902897370 338968797 852363635 303129934
265
257790988 429954000 978165076
293127448 26724695 767045794 891782443
464
623798910 549896175 720900315
82618297 861777059 732040905 899070534
49
37686600 71117640 720900315
353438015 451895008 179854529 689318587
267
354252240 609342435 720900315
511288794 283575634 461083326 919063971
382
545668732 228701676 978165076
348168224 616363711 506835066 708191444
441
37279984 13918604 978165076
983389095 898450866 270010142 90207108
12
867618892 923984068 978165076
292724589 674375016 508491768 857873597
75
382073985 339022980 720900315
610296685 520963236 219894981 11376922
63
45604860 602390600 978165076
23079500 599586303 888841708 202686072
447
146158908 242656764 978165076
220196253 668079836 919704232 89673480
424
286888500 455930100 720900315
993737907 643813746 160972597 171686227
402
238478660 169483104 978165076
720047626 408167083 612472147 924841891
192
650163276 478227876 978165076
22098308 999092212 999105332 816329537
164
659459205 77407560 720900315
24708218 8264827 770621658 66933751
256
278728408 917114996 978165076
306167148 9683070 595463162 447390741
401
872413612 402734668 978165076
582046143 845265461 564742636 382885836
213
463325212 406610624 978165076
920025426 273806382 689669697 104538195
266
884445520 329974372 978165076
322723263 993706127 348483427 201881684
267
156337832 191082108 978165076
22892126 901103679 508340223 297218284
126
354959948 516814144 978165076
477501585 958870480 872568734 880837844
287
587002220 659475824 978165076
99527647 363580197 136073462 571003294
253
275101960 813237488 978165076
458182681 170626241 661051982 952215486
127
263721752 675228316 978165076
82981727 260141035 401218582 120045613
481
795804996 112027692 978165076
969732461 181298155 24724854 911558816
190
34787060 727366948 978165076
771794177 806633150 107834075 340638713
239
710560228 185014844 978165076
996744976 565284989 108703436 626704892
417
273847185 121745745 720900315
253443592 286475771 467831735 863791109
157
8407125 263587275 720900315
295801786 804655787 858133439 480316891
80
545769840 143114076 978165076
77081722 844187140 879539393 136930094
326
685382985 22166955 720900315
519410617 849447508 702315998 175518390
439
613473120 438044175 720900315
302708665 554990640 244323937 476896299
17
76764408 746951072 978165076
240535240 380790792 50142143 494911178
314
25086240 97711695 720900315
915905625 89056086 188744211 396516897
264
320057444 364404096 978165076
197594923 218119559 914031699 997508704
343
551039272 429744980 978165076
702766955 804620371 969935657 792319657
8
345261735 584345250 720900315
610232259 598626051 844476919 514462772
203
195629616 977499796 978165076
18854297 51050481 904855446 639420705
69
313792836 849742992 978165076
889217029 406473423 546239192 79161229
427
44849812 187055372 978165076
702224709 669164357 459960561 640959633
391
887860400 301126840 978165076
394339737 370260045 501282517 813324080
12
178432920 720178290 720900315
344892234 661987589 380674431 815487855
237
470081790 112169835 720900315
699567701 273491865 46871525 748572024
323
423467940 710821524 978165076
597964608 793372325 105036465 773275989
414
141220044 359254448 978165076
792090892 763023212 362699153 322995492
347
636837292 972102684 978165076
852129212 492749801 55330235 30772201
349
852678372 869231860 978165076
346045846 895656712 559405463 611126663
298
749424592 750880144 978165076
721706115 75336390 715249653 97548080
294
662109756 557063360 978165076
331839934 642056801 96445817 772073895
218
79796790 203799375 720900315
777581956 449840356 616119977 185219275
167
62510252 735778428 978165076
168664029 484021957 372264152 327950427
165
138534284 115692836 978165076
651713059 463390108 146284271 123700022
425
873789224 760487616 978165076
983628462 653585273 504909349 321928556
181
358563436 316029448 978165076
623611391 408489017 624347617 615692677
150
751368268 707578032 978165076
252763674 961225229 888621931 61030524
248
738188388 870649612 978165076
234136854 138089381 617838383 103356960
57
628207720 443742796 978165076
638276670 913113270 437993917 50910925
341
17601840 511308810 720900315
106496787 749853208 688469150 836990644
311
135882768 458358796 978165076
957807158 740528926 185301289 266820986
197
123564510 543046860 720900315
569432997 86464390 331977481 823680413
278
967937292 67193168 978165076
690107212 397304812 389281788 809737571
81
56282100 751362248 978165076
248647527 792692463 499141100 363128600
248
965132280 824830468 978165076
909373686 861133626 63389480 550406061
254
413930860 322746200 978165076
408486239 971704307 829346488 554988816
241
200957580 43308540 720900315
690084657 489089673 855330209 828319995
348
354961890 478099125 720900315
630231969 325231951 869036726 513237162
243
272913660 286399125 720900315
887054698 579894080 920956640 798423917
11
867024032 86561636 978165076
496403245 787450106 496046365 959596701
49
730511180 298031804 978165076
981663054 943684841 396174264 523666838
454
456341400 194163840 720900315
439997643 911787227 624840068 17356209
91
500696504 296905700 978165076
475074561 600343159 913241808 24454424
446
206342276 934340456 978165076
978983168 286583114 660199260 539121416
384
819497112 265368180 978165076
672763304 155183809 688653901 576113476
44
342446895 610661700 720900315
505052854 79800864 19164732 407658607
390
803023984 142089304 978165076
294969207 568535398 604274025 918302593
276
848566768 125845496 978165076
678161459 488109557 303465442 38766101
245
123588810 504632430 720900315
427343817 276476175 580702167 556216459
123
529570468 767733344 978165076
445682297 684717701 332671335 946038129
321
861381668 292333496 978165076
555891851 305339090 879977317 186296099
432
216899284 76415724 978165076
732565204 707113425 766780988 28303835
396
49470390 414020880 720900315
484290615 173251902 806334535 470610079
242
412260912 810231716 978165076
968784525 826265768 969394828 850187836
116
194359500 334908540 720900315
264753624 823760657 378692545 84135159
463
864936660 321556424 978165076
68188738 180199999 593154620 389337704
293
129229245 126586305 720900315
232473625 105134287 234631164 544311757
50
570944332 660814924 978165076
801986382 659403617 964663122 989752705
294
153164172 482243440 978165076
845978854 595603242 647862789 663928455
361
507420648 694642844 978165076
415679289 845721641 101371529 900289984
130
649092870 606872115 720900315
580908538 603768287 740569743 380868883
314
550080160 869405068 978165076
325644177 919272645 461968360 246626294
7
424350836 925351000 978165076
893273793 314741953 573727618 546489867
447
887006960 593443424 978165076
606846505 693202660 225163578 669989230
138
363317948 346710084 978165076
326097456 316648165 238614544 932531351
106
134156176 7405860 978165076
291495721 346629601 143535846 352704238
104
87471855 172132290 720900315
533840153 692263755 353591277 372090259
242
385256844 887053552 978165076
420787231 891682974 252466898 92910761
324
930110272 691560688 978165076
529690938 464776716 859394872 781059677
419
886608744 601729828 978165076
842198629 361736727 114127407 293490477
291
59188388 517771576 978165076
48330869 511952047 839323913 36002782
100
775792108 626288068 978165076
582536397 470142315 796644221 680102882
268
180921420 484532145 720900315
620324421 262864966 944432332 657135074
184
422225955 383195070 720900315
932186606 22860462 754975806 988731507
354
678303192 523987884 978165076
880329930 779202271 428185672 661011534
285
664166340 12939795 720900315
325071264 805701719 592155697 758105135
3
96273772 394904804 978165076
97629564 224222638 910811533 649803556
391
587760705 484226235 720900315
243343601 157878785 135053188 924351103
94
525764736 548668344 978165076
183451435 442325151 863236446 774105737
142
824327560 515511192 978165076
574146192 19914869 867291574 177198640
260
33110028 754904780 978165076
631203328 96184998 368518173 99951102
418
133224728 551255824 978165076
482724733 490155703 488395866 637164201
141
765808652 509002872 978165076
353653978 518327019 61224656 125824215
47
869788864 113902740 978165076
762721122 730500978 253244360 118174306
285
43179345 577423305 720900315
152998432 731398213 725877210 693623167
18
570878952 478135560 978165076
61279677 794424066 354889068 85218508
435
15869112 387495892 978165076
877680780 531675844 294152866 823473785
282
769183492 918278648 978165076
481843281 774432458 302379448 46462003
291
131998950 370073025 720900315
905643637 703920286 956912172 379970125
134
158031944 796509028 978165076
544650132 324514952 389904571 242147971
264
668212748 359637096 978165076
786402902 419639319 842459826 559003832
377
824116384 184912980 978165076
629412494 217847473 366897555 631572700
361
290105010 717132735 720900315
141310776 304600508 646494590 337145474
363
974153516 871785852 978165076
144528872 386390303 279431786 916275715
361
973052892 521955084 978165076
183274174 148793229 585803413 968118754
261
117607112 599302368 978165076
643741764 511073199 43456385 541346009
117
609660156 583939692 978165076
148415136 662544808 346696755 566484690
59
177486120 976549420 978165076
95827534 776593575 193119228 180981180
396
130767075 215471385 720900315
10535946 218000582 387208799 928811987
189
459027990 232599015 720900315
29574066 115616252 468413309 542850316
346
433561005 45500940 720900315
956690713 603562555 749488160 20846305
29
971383812 944675760 978165076
392598343 225733155 116247689 14904652
62
284836860 426586552 978165076
118706108 174090239 657516696 295014575
17
777539588 269062500 978165076
567470975 781943160 971120222 340679591
151
486465308 231228200 978165076
970665693 370922585 898645325 811316683
449
733098968 621933648 978165076
945076735 831629549 521456828 614920983
458
61343296 38422916 978165076
726950374 263939807 467257097 551427342
134
793035012 645037204 978165076
999955383 952797497 565683871 599791778
229
139165628 749145432 978165076
999793226 396161972 488936265 305947541
141
440534052 613905656 978165076
32558410 387006383 577542966 472474746
265
490527744 421560048 978165076
802488682 255009986 774397463 530415583
283
104992048 312105248 978165076
188274845 975387619 959330696 327058185
439
154242360 381622050 720900315
469511532 125745968 181002306 737468082
390
12207160 720901216 978165076
30052678 906246726 243801617 471070011
251
500435488 742630476 978165076
723610111 265756968 641743675 134301787
346
202149444 890729700 978165076
278644493 617899825 898564945 79470151
147
764010212 206449572 978165076
37289228 545976596 978223174 356778461
159
310120785 607668210 720900315
898153599 319385582 181371914 454664397
40
3485272 707113764 978165076
604346792 418861126 583988260 165660178
227
501543196 238803096 978165076
158766950 288283530 178422441 57617261
10
272042190 474748470 720900315
673952035 426638491 89560822 300432811
43
433291544 278040336 978165076
393074079 557227214 780394865 936968982
178
896730268 144904284 978165076
752260390 71641002 495822536 382244705
43
38859772 729855364 978165076
954077976 987785524 178436874 530702560
