500 593461957
86
451000507 432095982 729325810
711368949 95016218 921724966 655872580
167
130454617 677787039 696377609
187749461 688647664 479430532 561723944
65
533310986 595436572 729325810
834147226 425002112 570271419 265386070
410
425084724 87747576 729325810
847927947 67607842 72644891 527046635
356
684837264 632908196 729325810
303454601 313911688 991496126 873869979
456
470990780 107963598 729325810
795559888 490102888 65536758 508198765
61
347520576 389191272 729325810
451219128 369638782 335023053 909802459
239
7864194 455659630 729325810
516414188 579478384 32344640 315058360
448
529242860 695407546 696377609
188344311 925611192 594719954 255595499
240
482173184 642301220 729325810
84887981 696665673 487803776 259816566
298
299193580 451400230 729325810
552262475 124472178 982155100 200747153
4
385553450 373149310 729325810
901939656 117904297 268322973 222815608
90
416869680 478335930 729325810
246049915 551280973 68312088 83540792
468
398440493 454441774 696377609
404266982 137617923 584321037 884588546
441
684460570 237282250 729325810
320536894 188912817 915305269 35524
450
725349530 138178310 729325810
878481196 714059107 308750745 870870750
367
513317050 514145420 729325810
517606215 33296755 849831808 575376913
297
515899030 700908420 729325810
719471778 842006818 145452733 991506306
253
528415230 440216000 729325810
560222037 749732072 144871835 568511594
325
662108056 204145349 696377609
206294867 195877244 305829631 356223840
20
128723140 87421750 729325810
455052133 85231968 180510083 866298941
160
212881080 108293410 729325810
160280665 126465176 164384856 724617378
498
635235840 68630040 729325810
905051659 74569058 63207402 23635828
232
713226430 562535100 729325810
599959835 939058788 731927294 485583670
180
652999850 226811180 729325810
790669193 339895862 453718691 974879257
189
229652040 470663350 729325810
457767137 778947673 970303972 768922333
440
1234760 326005890 729325810
925180752 184477888 626573707 281289604
487
690726540 187502670 729325810
980207182 783150159 191320227 824481098
82
12054050 131954020 729325810
92043083 96856130 632263217 769700752
2
462104150 315795340 729325810
985195037 989511330 643536559 213033134
55
500358200 387177730 729325810
859747398 638615562 792771151 811387326
446
682941920 162105960 729325810
847695104 101668397 58485213 171013893
92
686789830 599134440 729325810
100352108 867323544 243970691 891136175
441
159162570 464680340 729325810
13497233 533813653 786850954 241461336
377
667868060 344866030 729325810
962368574 526659963 848277461 20984073
280
158063712 482203581 696377609
623960572 191804412 348572846 1701406
461
688763180 522426190 729325810
306080183 347501337 573272527 346619076
184
68103345 139824838 696377609
113830342 93598693 168575520 556448753
154
462502765 314928491 696377609
67085754 642510863 205400380 380563898
38
507377390 373633300 729325810
193216975 995999160 607447426 619392788
415
113116440 715445010 729325810
662799654 87586362 374382425 317161970
249
118780150 11097100 729325810
487678399 682139483 371216554 757994631
254
413676610 661367480 729325810
478457899 173563731 976649716 409298816
426
569291940 29998790 729325810
638930995 853642737 389234708 805239831
417
513609890 725623630 729325810
301116447 348952378 73810174 655667853
410
190839800 50973170 729325810
794983860 767504548 325089248 242189235
346
12635930 370971640 729325810
133285199 729642676 10718002 771032688
420
634547540 34841820 729325810
371365987 811117099 563435269 391889024
206
634982230 527220690 729325810
784674055 319008252 856794507 228709714
389
721422300 236527440 729325810
323118560 989001997 752368908 564854282
276
281741080 681747910 729325810
468750751 647747917 71047104 688905926
5
21341140 114187990 729325810
480688112 253063979 195801314 214938224
319
215754340 559796460 729325810
976975463 865190096 391130852 668729759
200
357002700 727919550 729325810
385506168 927122115 985137590 770463118
443
337911530 295379850 729325810
598084283 514904518 614034004 37674809
125
478437160 676354520 729325810
225458072 68707380 154176270 605279827
23
634978630 102684018 696377609
704799866 964985064 939448068 390235913
294
48377160 610219630 729325810
112599284 812528292 664426034 182908454
397
20459820 48551980 729325810
699852637 6394580 870179075 700164790
467
149902230 435898160 729325810
515392199 13376993 15768761 479130098
206
293239720 427762650 729325810
332514356 794649368 865555706 433441371
176
609572310 290432540 729325810
507274943 69202475 282671443 772785655
428
236339800 444874320 729325810
191084359 293085665 229538021 422098917
79
238526490 180293740 729325810
270672343 40994467 764686175 779664682
306
678686630 296498070 729325810
212416475 552557557 149111912 834579167
290
298524780 290140200 729325810
679716074 347888438 286872783 591606240
275
401532270 375316060 729325810
552066974 515937694 772816425 662181171
186
683053880 601922410 729325810
971023440 622668811 395360437 847035318
145
691304250 415970370 729325810
775046108 228096651 643309667 534836141
29
301132790 556074580 729325810
400275666 581600956 616418317 739156648
6
381519350 214127200 729325810
565364115 653972716 956403049 853885728
332
448019820 301027410 729325810
288992337 374265496 761932368 639682603
253
301245860 721055440 729325810
977821552 293164963 892328186 177907344
275
45646150 200621380 729325810
167891943 766931651 915927126 162048820
13
207359051 440181481 696377609
160015240 411676264 26690288 795537649
231
91046166 635042954 696377609
43662588 626446247 31012031 106237415
324
255421020 473585920 729325810
16030343 828309639 316783549 474545712
430
207529710 199218600 729325810
426950889 622184412 819968379 783861975
141
599632690 546962690 729325810
313476444 495712142 552514698 683977882
113
154143860 331271180 729325810
261771325 800434583 317252932 294511075
321
252377580 424055480 729325810
143067239 840974018 450242797 881143416
65
558042900 674708270 729325810
783674972 297777230 179521522 615983862
181
507793190 61607320 729325810
763868146 382848735 543489707 172503711
438
649753340 688392262 696377609
251495078 613774627 675008265 432754567
92
502170250 256970510 729325810
263640794 916082486 548780882 899784669
223
210016270 129430100 729325810
500845811 125493000 433298341 788390024
65
584021801 400902994 696377609
475102207 868719562 8277175 690147142
55
394074993 292276888 696377609
474198263 271009584 598745263 776720123
93
309312886 211021397 696377609
492267040 113462102 980105860 21913198
262
520199820 222346150 729325810
333845634 917747776 118483424 142680152
233
344411980 207823660 729325810
187834602 459787636 549243874 736198051
354
180764520 482263710 729325810
161304153 598353804 249751847 302435583
48
289342420 241239690 729325810
157648502 112879159 160357186 933815842
16
471561360 99390270 729325810
910799336 97968335 352853164 127872462
102
385794739 104236156 696377609
355309653 152501458 697254450 640614428
27
498519470 131068940 729325810
37833385 961421687 386624091 726745822
145
461103882 17599358 696377609
31821278 185993107 90168989 724480989
287
184074712 75025673 696377609
103441181 374918568 930441732 231378295
15
249950167 72515100 696377609
483851563 970070352 52294048 14897150
86
215539830 72393880 729325810
831219169 664061657 871355212 333157096
415
41809030 461547390 729325810
20309614 160227439 187790917 231997345
466
375460990 172713100 729325810
920947867 167742700 320619714 474626588
303
285634010 323858070 729325810
899711792 810909145 528262074 663570646
49
425813310 327371460 729325810
807130088 953612992 769225710 759290460
189
70073200 600418780 729325810
719779873 506432 604461889 985942879
273
298305470 144255390 729325810
547906031 133364087 373150125 227942100
21
81618020 452526560 729325810
314788499 906762338 586697522 607469935
40
484549890 121867140 729325810
688821438 985856765 926381363 996539059
362
378739843 609949066 696377609
202151507 626934901 255412342 808082085
401
82895440 236986360 729325810
344631363 457809751 807827388 837865824
161
65612890 9627780 729325810
751748887 525776008 707898066 513788327
79
257171650 619931130 729325810
385119048 986468789 503259606 388428627
404
69743430 509731130 729325810
546578882 885053436 355281195 197540174
231
440183730 220375520 729325810
175560870 687904239 738523190 241666598
258
360979550 691139690 729325810
33306459 78274472 214372119 786910489
113
95007150 87016510 729325810
720375789 959822806 600583648 606157971
152
169368280 96851843 696377609
213855913 80404765 402615063 431247290
217
369916540 221295976 696377609
121242191 428801586 349662947 58549754
429
529925070 120354480 729325810
542128797 334382602 463511000 936037148
373
206392510 326651820 729325810
89617498 78898576 687104944 606249857
468
435669930 482577700 729325810
24411303 146953975 720230657 452894191
438
96087240 156959110 729325810
799403962 458680089 200753004 705893889
176
532185136 329912625 696377609
681343162 208989532 595562856 96196675
144
230741580 440560840 729325810
976739905 135829002 712883906 233247316
487
355954240 505767000 729325810
329813363 221116936 870558483 322076081
315
267221860 49717590 729325810
680004932 835696989 320634181 732507755
171
363813400 114389710 729325810
631643864 829909742 889259883 153931171
386
59683630 607211290 729325810
606595745 862552742 707659278 329785858
2
27277860 430561450 729325810
986292762 738173436 367548774 845785399
442
319091246 524831891 696377609
740114778 876150657 235700190 893863783
66
303246948 324646636 696377609
542646885 543029351 611964722 59175687
389
104417180 145588160 729325810
508686723 235219500 462976145 412528472
473
93397940 373358890 729325810
202919708 291396548 474016589 880617064
56
257239150 617077520 729325810
65486551 553979063 61195297 175168775
334
362003230 55472190 729325810
577044971 431043940 24765417 581880516
40
516278260 155959460 729325810
862425884 387281286 794276067 695578258
25
31280780 92695970 729325810
294494589 881307847 933917715 922035890
192
335357650 535274600 729325810
33829996 81879012 802813790 187595694
332
579874430 619528770 729325810
969696785 723620610 995114469 723416731
302
452596080 198275150 729325810
364058835 161325035 882682437 969684154
351
641281690 327895010 729325810
691767025 298130671 471753017 511640971
344
607456460 212782550 729325810
486011203 120819447 17639481 615716317
6
368411560 125697530 729325810
330729595 5136595 115726959 9657661
350
355141147 338719632 696377609
164602254 61531973 364250892 541440269
53
45566482 396830234 696377609
237058831 526033374 697219099 625863082
166
678117583 77800578 696377609
916949969 605578313 733646704 60303067
196
548649790 434201580 729325810
173990443 942584091 44659816 887517326
248
170008044 639024424 696377609
325985757 909847565 672882590 355810904
266
307984790 320268320 729325810
962317591 783017598 494570386 903742739
94
531798830 648653780 729325810
104910279 648289135 294041060 361558448
359
293785310 27727360 729325810
12325856 846462324 695213434 186216609
238
188696120 281244990 729325810
405029105 15719834 338887706 40475439
414
218510090 183473380 729325810
854074186 187279641 375279582 646228161
154
238627160 495683060 729325810
290711130 580142303 708766874 817837449
1
185319640 57390030 729325810
693079288 955338167 617609365 151910888
5
28924880 708217280 729325810
248571643 64552729 76577091 948948786
242
71090210 1436790 729325810
687983322 64919140 744999312 416647544
210
671151390 651674157 696377609
777309283 984780842 480802892 737634129
170
551877300 611208980 729325810
298799708 619094795 689378824 713896020
435
44181170 239781740 729325810
103280156 28958863 925028356 96734151
396
470617060 38781100 729325810
746801258 975083520 128894883 270472302
439
163423980 201618140 729325810
56691925 763223228 443000478 806098055
252
664365756 10587667 696377609
791744563 543817868 948104105 801615102
168
559805647 247788266 696377609
794902157 51853249 693125883 201914127
132
511244000 120239510 729325810
740366656 117849408 277703357 997091256
253
468980216 221493304 696377609
352113889 9895172 556788996 535517116
394
598188020 265647820 729325810
969311141 343711853 480780989 131524583
332
486452190 661701490 729325810
634124498 417725291 509763346 663454819
480
197175500 491500540 729325810
961788782 377768099 296356196 642019522
208
332024580 315676560 729325810
517278305 460482815 340023574 189031631
30
277577130 691097280 729325810
242363308 391687702 511651996 719337957
263
276837760 666811090 729325810
910243205 165202976 351286556 514367257
442
378524485 317272408 696377609
366049481 535131546 568954211 295746915
24
410213850 217926062 696377609
984917277 58536202 681216749 779381092
450
42293390 656657730 729325810
246089252 89408733 486926251 551968470
262
407233810 712206480 729325810
993002910 199070231 399083072 449117682
219
7601630 725430630 729325810
276241110 471225495 264030843 401057059
205
446307730 118521500 729325810
638728933 957141808 681253374 736110377
74
350061870 427783140 729325810
463593981 554025081 997859581 261175037
238
413901540 704020410 729325810
610186341 598652243 872591360 768322011
431
683454887 312012820 696377609
22755118 20996547 768034873 634003047
450
362025700 23189370 729325810
533585872 184173789 263343898 319580020
214
176301835 369541871 696377609
584908716 333990356 852449253 712426477
160
307633150 177931000 729325810
244313879 943171247 425299139 75267092
295
84752690 141020020 729325810
725003237 572500991 321439396 682274374
476
254625040 397254830 729325810
671080965 320107004 601197879 544096666
131
522189540 172907950 729325810
673443384 980921188 21369997 268699001
210
268954500 587541460 729325810
808431761 795427279 23844985 716282719
380
463155110 259071910 729325810
231976443 661990662 597806085 590369610
92
547024320 670305490 729325810
27158411 67717478 363878586 375675378
179
191208204 397620228 696377609
122000242 548164786 997396486 213850501
389
191814570 587292100 729325810
242013254 98949476 243784717 870247651
151
337878410 589284250 729325810
990516748 642732836 645826417 260370196
133
581538870 439906040 729325810
327263802 982867191 513238270 248615275
444
454223591 80007877 696377609
159630480 722029677 296431893 340532678
258
710079190 261566610 729325810
354450963 817041002 742870525 321090558
408
37831159 680892536 696377609
885640619 921405715 412841054 518750102
241
652512070 221900450 729325810
915410551 5560855 787514611 462025245
89
312189250 84855710 729325810
637909140 306698655 979364789 588412530
254
171559300 634821780 729325810
721780782 69708541 639127581 503600917
228
270140230 260369260 729325810
488776087 191201868 534566264 314188534
307
332319097 335539061 696377609
945994939 676125654 486135307 838482131
472
247897690 67785920 729325810
320972050 451619735 691010493 429889329
89
150654820 152432620 729325810
437097107 809853031 903756533 157701445
177
172719422 265303912 696377609
784542140 988523579 540960232 62315636
456
70921040 539129890 729325810
311131616 734196608 515707226 352670887
329
157330200 188442530 729325810
603895136 252091186 522464236 69661080
442
574082010 421203480 729325810
346277417 72844690 254294826 941958422
353
457856740 611849160 729325810
695417514 460234698 369542454 34344340
269
335064090 483530040 729325810
665290052 130117058 987679889 912499585
404
71927540 223411230 729325810
195432257 276428562 219369368 855288518
24
717543000 72833950 729325810
474890444 469940553 93498231 161634890
476
466868140 555101170 729325810
50642852 293152266 475569431 351686621
452
374934000 206346440 729325810
645521677 813189930 307968886 125026204
166
50365810 348512330 729325810
398577022 213123244 904136730 715121769
468
654968745 71152021 696377609
149804240 874242828 703338077 886887431
204
467306050 114402920 729325810
521325208 383157904 414084689 172754403
302
436059870 56777240 729325810
126939074 935942964 686531210 296778716
364
515220620 470433570 729325810
70491450 701843712 751546315 96330240
56
702157190 325917250 729325810
617287912 264693599 385275804 715583656
442
437942820 151208370 729325810
371983632 867347688 449669778 132288744
468
465034796 517817219 696377609
381123597 990008580 484105756 334062252
98
277293262 674165036 696377609
582328942 827582047 568055481 442671545
157
280814380 144673670 729325810
20912482 584288528 427789514 77547240
326
721547460 391245660 729325810
764622361 261171098 786991535 109832477
203
10459973 527687290 696377609
81560509 301473431 862528018 919164328
162
81817430 30482250 729325810
143481009 520112454 762110266 715393249
279
594501530 60375160 729325810
570407371 482489525 960471881 5190252
56
555388030 72557350 729325810
51344037 378265678 193243988 376266544
44
115555020 278674250 729325810
962904479 859718251 729037695 701590670
207
337858780 586004560 729325810
834480348 346539499 877602890 140228246
199
119383960 357005940 729325810
224357131 934485551 862385265 364481095
93
9294700 222141180 729325810
42431804 493635239 153329296 674549348
110
308241420 53736000 729325810
107758816 967400106 480095634 681944600
410
163064424 311854900 696377609
469623894 417430478 549309587 130652473
261
388481250 565761770 729325810
228890426 783782712 115999338 903239134
354
528664118 333819570 696377609
698414821 627268591 648467555 408461043
398
541891312 189974662 696377609
686184899 950383121 200227641 597220567
249
257546990 7097050 729325810
895841671 877343965 755489903 522589834
335
342668270 397339760 729325810
160947785 311850626 663929762 452548835
388
179200340 276588122 696377609
876537434 515955185 963394538 827331321
430
446051460 543080430 729325810
310199364 228696633 149409350 937793475
30
727550770 712064960 729325810
934129435 947778579 130391404 962869823
455
521260540 269808630 729325810
238673716 439422542 256722513 494603708
204
201932500 49547090 729325810
330864506 833938979 123194855 434781556
404
207170519 108722936 696377609
104146579 472903103 498985278 87070378
162
725886020 340862790 729325810
655978522 217318687 997392273 495468624
113
366671280 288258590 729325810
792464503 390098305 302571564 610192370
204
458978860 87259880 729325810
116906841 360467955 420646778 451179418
79
695912710 339355480 729325810
570789759 719346049 51926811 189586553
47
214331590 662632720 729325810
110426965 970933705 740026560 375357222
28
431810900 317652340 729325810
385184100 524693513 369170697 880466316
36
146726840 618695360 729325810
31620974 413937230 723965939 755543910
383
59746970 185692770 729325810
178425873 984440029 717433673 747857696
327
718592080 366191430 729325810
765350603 860593165 228315034 788579543
372
173971970 646112110 729325810
286704104 109528931 850793980 435215926
74
565702150 700164450 729325810
484829123 493783835 318161812 341694099
273
571618350 678504600 729325810
507544996 275349091 160626736 289218525
427
623375713 371659427 696377609
876444274 60332926 86451718 160911947
100
586285470 450927540 729325810
510624955 487716276 697484878 257066221
438
572221150 63899260 729325810
738703325 985146030 733607787 72364246
264
242620350 416438750 729325810
594525910 906843524 950753691 144268832
363
336606960 178599590 729325810
340886995 693205308 712705572 687215003
481
518097360 208027720 729325810
271647302 603560834 838527185 305114278
315
584922050 537532870 729325810
100752597 699545317 189556924 873866987
251
40883180 150691220 729325810
507524639 705984274 248319405 195010920
252
287346610 471535210 729325810
983367888 53667285 173633218 744841512
48
674237348 204443307 696377609
855136119 885763886 107337626 314175135
75
534113140 321111190 729325810
646295001 333473688 365716863 989789706
393
330424460 46584730 729325810
870607104 174236959 536747846 313635768
36
448431420 53191290 729325810
129179283 338927022 581193210 702712640
58
728653790 90364960 729325810
311639505 401304090 99674153 779246524
417
24258510 501421650 729325810
569953647 318883049 305726878 473620765
284
142649670 680887160 729325810
362948509 859565621 686787082 528355851
214
77819314 193420520 696377609
362489346 609766119 985262106 685067906
198
643485800 714985600 729325810
159165536 913127357 289905961 376476904
452
388527730 658197580 729325810
827511759 670691216 311860762 939639516
431
627344920 392353170 729325810
992653125 291537250 920471236 490877483
71
147297630 639300210 729325810
631049779 574434303 639703225 775288694
292
581517630 722782030 729325810
199307551 885163903 986513722 138812581
365
247878710 245791020 729325810
752021280 411257983 680506402 852923592
97
510432800 505524380 729325810
555337978 23510041 383738551 858557775
212
720648300 573984470 729325810
694020160 876577937 358837431 389663481
475
673100840 348720880 729325810
240768650 553446170 778836321 141306871
256
61550890 581626610 729325810
932126088 525984975 183050952 856934757
199
398775370 534108220 729325810
800139891 545445619 540729653 203611382
175
145819560 213241630 729325810
242994515 77361754 431917913 558222169
175
393958240 419836660 729325810
674901045 691158841 385335745 496477366
229
504563820 22509950 729325810
766402836 565961724 226562717 714234284
120
31548040 274921720 729325810
752790672 802265720 528009202 503290614
178
669120513 402623140 696377609
890813007 247521103 602831167 851176603
485
462331420 390657210 729325810
822200237 963766471 632166915 664891500
429
492913560 28977170 729325810
904937100 605524881 251705826 430668719
485
27539270 354382860 729325810
621191716 306774812 228221577 546540503
400
553286668 367438826 696377609
925698988 606585505 83374450 742109318
221
315255854 83568529 696377609
293467388 725703948 774252733 822209542
397
680570560 563479980 729325810
269485127 567831331 997842978 630710681
82
434399300 345139640 729325810
160021545 414190374 646809948 113079872
434
725741110 7173190 729325810
688276919 463134519 431828958 273589729
479
555042934 50824791 696377609
455359525 249807561 755862235 67994966
407
101172240 410520250 729325810
273443380 915426954 60945728 777968169
413
688201210 513922080 729325810
125788731 990430915 370300368 763105274
182
644423960 172641000 729325810
75822045 375874388 513770240 63499494
177
574391200 501216230 729325810
925833026 669126282 270820124 506457400
285
444660720 94936210 729325810
548668465 786234224 963430484 299732759
93
359798120 147542240 729325810
483921760 663410297 437094702 669672228
7
133224950 430801480 729325810
161509696 887203729 72425298 625541016
365
221938380 121539398 696377609
860843617 290684709 351429417 246260122
308
256578370 370720120 729325810
182610993 564209940 347822295 850358409
396
331303220 449622750 729325810
823814841 572828563 653623773 35759134
197
540534560 402233130 729325810
544547488 389057272 435351312 850776793
283
260998700 122321730 729325810
809506960 884478284 184767777 495698216
492
223196690 494354240 729325810
993898013 359714511 797407679 374507435
201
247436639 56391712 696377609
209052386 310895590 885381465 301679628
63
173328610 616106600 729325810
278318499 435582114 38704630 949243157
291
517505990 166008120 729325810
48962305 363742418 2287220 311218050
360
232990990 76520670 729325810
244865597 346172781 411931240 283814904
287
709030900 445215750 729325810
832041349 426501571 189786470 158539530
66
119380570 574012710 729325810
4441818 26227454 901316081 408194249
293
355705020 491646540 729325810
843580316 930814931 33465575 238583982
386
391959939 114504487 696377609
941270281 783251627 280855525 693514490
357
597993360 27368640 729325810
426854120 361890251 363465605 994361406
172
697490470 683443420 729325810
343919472 303048945 150079455 402297834
412
482905850 612427400 729325810
315806720 74261197 7270527 235842294
135
567828970 587166600 729325810
693964759 509130202 472476156 810759754
367
201809540 23243530 729325810
312436592 119613552 4933499 869470674
156
288240816 638286860 696377609
724423922 256556043 959272887 968184075
377
23129320 260395950 729325810
357167350 140633733 927399327 916639801
130
4510930 355095250 729325810
368659558 530705928 471798005 217578475
176
410786020 420876760 729325810
378662747 303010678 80161861 965150084
383
337449620 629024130 729325810
868286650 105271287 545742128 160194246
172
603997820 556024740 729325810
207273638 595961480 162890604 799040856
454
467636453 30855244 696377609
125221959 349590277 954518528 472061730
368
541590630 111345540 729325810
434207758 435628248 246578322 632758151
189
241306229 598217642 696377609
793484430 389911622 209920987 901955516
395
728382610 39346920 729325810
189488201 598566657 660569082 977374797
79
36918100 351527570 729325810
219453287 497760059 148280356 710773003
133
696305444 669769993 696377609
368342864 40832596 381928783 55969153
121
658028240 65341540 729325810
204968793 683471532 584442988 847714674
114
585079090 49467100 729325810
272123826 975703466 30364788 953438514
376
520995320 327422950 729325810
365189037 84546276 115102605 297421268
288
708811040 608167620 729325810
38809965 791535966 881255374 803959969
373
315517910 371201790 729325810
716190001 314486534 838944984 659287275
208
185189220 9909550 729325810
368938038 409381834 615344817 465066143
70
533536320 124812660 729325810
548063384 495096211 766948739 603004020
173
633852232 536651364 696377609
169065346 426981122 253491953 86102788
257
631303890 391683970 729325810
310164535 675244332 744357134 261743282
388
553747054 365400232 696377609
307312187 362542468 101445360 125003011
403
108582880 258895330 729325810
536602584 406424010 875697341 419746118
114
40281261 347815647 696377609
6272649 936077619 139632535 501388826
142
556596362 104603899 696377609
282816770 397239547 518268536 351048951
40
388392850 63821120 729325810
618724324 858310955 827560248 368526777
174
404794830 98556060 729325810
133868960 37588476 371899251 999344740
372
522656241 424249120 696377609
643918115 806613692 849092793 559546155
12
648717820 288984860 729325810
520221120 928256975 245680915 874401843
204
311626420 688299070 729325810
301725604 703170803 473003702 935795063
288
615052490 187157590 729325810
362745874 81838838 895445100 786307656
444
633903670 61811560 729325810
998238656 809400679 999842776 818541208
253
595107724 5993807 696377609
622716287 811673463 281601620 136605384
114
513712610 451052120 729325810
959597835 458927892 691792450 560832950
73
186817960 684166700 729325810
379618121 157360332 464856313 764280995
415
530211070 31089640 729325810
805037124 352584142 80526956 157573265
380
45230850 9706630 729325810
744869251 750597311 413390991 811689567
238
211946440 609520350 729325810
813153707 737708388 241547042 23558543
97
332592260 369093990 729325810
579553083 839356850 6218754 116547697
400
546171065 288996194 696377609
628005764 74201292 986950570 327904245
272
612922160 323360650 729325810
295182080 542970982 495944817 485448437
340
690468221 303752757 696377609
477090360 260181996 13632458 216399050
233
3593110 74750730 729325810
529332782 812205921 736343226 830026092
342
98742564 611343635 696377609
338088359 726478778 490406013 628680956
343
619189650 453065260 729325810
118066825 944615788 181854570 498848371
207
416968950 626933320 729325810
717448088 530513584 23580556 617968340
28
508174640 245029260 729325810
432544642 767083385 208837101 828973913
36
38383280 528521240 729325810
866981075 739291878 863670118 229069610
233
475589500 79111870 729325810
433423184 838610509 415691846 724866720
298
221444750 170246110 729325810
316277785 564231471 357384889 143179497
143
628887250 210739750 729325810
133450399 981876114 998627802 171885753
231
256957020 536075910 729325810
496841146 525758031 868493465 204777462
238
721099940 304900200 729325810
609869099 356058715 423381620 501390728
294
518333617 445481325 696377609
784770797 573419568 662527653 656527935
409
511246597 678880778 696377609
423574350 206496105 524961247 169062908
366
137296480 714638510 729325810
450520368 318266267 552060468 225540901
196
281908710 244535400 729325810
88607158 2254579 227190511 764039362
428
577652050 214934470 729325810
319803103 377876426 185109254 742150729
100
170218520 473377400 729325810
583730368 161376933 271865653 768403370
182
491058820 222681860 729325810
687174958 516141816 38634019 161523401
15
343246550 615536180 729325810
617786458 30480618 426590838 919840668
458
650799830 528842310 729325810
347022842 589017865 443387001 86372645
240
252554580 246645640 729325810
290742314 869635891 890958238 889961565
309
291274930 265860200 729325810
527819347 567881586 123360236 667703135
451
465299610 160338810 729325810
38212333 817604710 205194568 398726601
292
328032570 710666670 729325810
461958475 300747268 742507732 138592177
459
23208510 324798270 729325810
452050684 357185640 969110216 392110700
434
349930480 120485020 729325810
32652217 264646189 559375878 257282023
26
89604287 63835496 696377609
826160715 501135452 15842686 957997196
30
182850930 531443180 729325810
688692283 790932285 245742930 526567234
32
119461320 350108650 729325810
918380188 860889972 566387923 829084841
493
55626720 32308250 729325810
556564177 445087256 666547870 463021758
492
638494131 166420096 696377609
637213762 265531783 210727055 420419706
338
251831930 277839700 729325810
306055197 699199910 785547390 648526655
79
364067410 337180200 729325810
118110914 624119839 876516775 899072524
496
299963520 565719380 729325810
589128642 117882560 591823226 98253925
345
397583380 637585140 729325810
728482012 632251410 385360763 548983255
390
685432710 317473130 729325810
197214587 256126106 238309041 134146646
483
303041220 551531240 729325810
666334114 811786204 694665519 290880966
406
514772430 866190 729325810
144853631 706590394 257226413 948397110
198
474952740 12414770 729325810
808882247 731292584 538088113 277448062
91
162161630 705815740 729325810
644519651 72664031 31716743 264593088
372
682917930 535400110 729325810
883574007 847581035 763507497 580077806
420
365659880 206393650 729325810
512812085 66741752 409138043 547327350
446
297670100 580039770 729325810
397936090 976194583 934023013 19497581
132
411052110 622193700 729325810
665276820 128461762 687250345 519147554
221
361516980 566791580 729325810
271194033 666050482 833483229 655444111
426
451560060 389155220 729325810
534583498 693765347 574633140 417976662
312
36827071 610411198 696377609
721683589 154456814 997817096 634956710
487
349716800 463093640 729325810
813453403 183413162 780664309 575857069
287
667352490 309821690 729325810
1591862 538356833 603554352 272486362
121
605192620 145216640 729325810
884151329 840403820 646273238 326054505
293
339395180 277824440 729325810
24347034 258599268 346002525 436588180
115
206078560 615577400 729325810
840287706 227730267 578880133 686869303
161
590588600 400157240 729325810
267836869 906562266 721697466 411488515
275
192916800 483133160 729325810
460918732 84336875 919654916 273271386
420
88377910 18407480 729325810
403439495 609095953 118665833 151701969
490
288249570 184779700 729325810
736969863 517060552 764902130 36494223
205
573472660 195058690 729325810
200894991 329805803 359918713 349467695
253
568445780 214296390 729325810
579220075 408659105 560873862 206848636
436
486037440 472688450 729325810
684183258 153936393 948678180 459436276
319
74614013 535745681 696377609
597060988 774809040 711946437 173517233
324
550974400 224927190 729325810
225677337 144045747 377090553 744599471
406
489251850 587814660 729325810
32913601 837245821 242421679 535501298
392
77922070 420743000 729325810
150081023 220498755 677409166 733398393
490
575606500 590841824 696377609
584902298 285796730 879377539 668316126
222
144796960 1824420 729325810
734810334 883850199 367970837 213740058
373
22623160 384784430 729325810
457280 972651727 298927109 23265151
45
93513313 521784356 696377609
447556815 794532031 450425265 409481729
33
449706020 671615160 729325810
980644660 8400514 333338950 314045657
249
535464526 176040092 696377609
924181720 806706170 582502843 822154104
393
630639070 145670180 729325810
223579741 861915294 10018935 632382822
265
723877430 474981140 729325810
384518473 563112932 938564486 578939419
214
212141090 283062610 729325810
363117559 583164891 397751946 451111125
399
385481310 316187830 729325810
420679298 139510958 402946107 574300432
358
568936732 262093619 696377609
703733422 259533750 996624180 647706159
473
555289840 59881430 729325810
994190644 439639739 923198232 570083
219
278239750 474041890 729325810
687741272 178281954 579138244 521113151
472
124223762 51776890 696377609
56479479 511122741 83930877 660665407
81
450437396 528007147 696377609
549390669 875413532 371413048 666362511
149
46558110 325270810 729325810
284208047 62206959 660245772 485130192
252
240760262 407478768 696377609
597793393 456622923 797943650 641858426
337
638477110 348998420 729325810
295316092 207228826 47423913 496745546
234
139760360 142637200 729325810
578249851 118964954 159994594 203908755
430
266803364 473044288 696377609
975763347 932926062 86801064 464025428
295
49029343 469068446 696377609
25499621 825694597 229545417 310213958
230
68158610 400144730 729325810
513845541 970567210 878941033 990832629
53
235791090 205504780 729325810
784951803 230435809 559783152 890386478
499
425774375 602333915 696377609
967494455 73398732 600004188 547991885
488
572811000 199684830 729325810
380530093 796220667 194968811 224858441
141
70148622 202615112 696377609
299145101 764095290 546304209 855145083
371
649977960 86917440 729325810
879429265 145782222 837234768 655297688
179
64043800 308101600 729325810
749265421 799309672 742785249 969387786
250
460757030 664756140 729325810
751923941 571338329 798504523 417198103
186
31920340 415043720 729325810
60522479 262345464 830806926 760328868
77
666523630 498418740 729325810
995499465 645889528 459621903 821792527
78
76617570 25588840 729325810
123709704 417210834 209295257 973172961
148
79871520 269918650 729325810
934627392 500985546 634128136 707967751
130
502525950 727987640 729325810
711516654 943354504 645057911 20782814
489
6149015 386786021 696377609
853470421 987114825 240589471 392651378
498
255981350 105757750 729325810
852039564 477768049 960257691 218587270
113
627460675 287802902 696377609
222560515 741674859 876119585 58637306
161
395386250 646502850 729325810
249519128 740341979 201438833 79712613
137
478797550 268692680 729325810
363700574 240155065 512030613 40928913
36
123989110 14074210 729325810
42084772 970870502 188700348 501952475
61
434180430 15541470 729325810
342627366 392429306 745644105 339891526
282
443953060 394961140 729325810
781608298 262064838 873778812 729441238
229
155614980 649534850 729325810
84597016 715367168 204838503 448883545
154
723940050 711478260 729325810
878950923 805223610 276394729 839470994
296
338667000 242743100 729325810
66154764 238416626 699691466 9894119
163
289669740 89343150 729325810
332948782 928138291 474352739 208250455
451
510902800 61043850 729325810
657098275 465340663 457525723 270325378
347
372531340 89620910 729325810
887594640 906128109 33790908 582993494
301
32929810 481956020 729325810
887349564 660084670 628628305 707291264
364
418025170 571034410 729325810
927430632 530688201 606645071 848312620
91
220352680 55462540 729325810
603397719 28977981 396603188 157845500
135
205071360 238367920 729325810
706010121 414580828 30100136 641015460
419
361923400 56789470 729325810
544396323 644811044 749454051 392777222
201
643321870 187350880 729325810
574976730 318566344 122932377 691032935
75
390305740 39557010 729325810
656267206 36495398 722173346 903103623
307
3702480 11797110 729325810
121402187 223105869 462409161 752595224
231
590982530 439262310 729325810
115348448 548559432 56091393 290334957
45
582673930 119503620 729325810
10921807 434770417 442815836 36043867
187
36597860 396834710 729325810
93667832 58100155 411840416 79745772
168
255238330 457756710 729325810
63768732 339236601 420794924 393072747
175
589643200 207463310 729325810
649062563 916144499 371391422 451378694
290
352716760 536974340 729325810
248967914 650156128 246788475 676157187
473
78940130 96198320 729325810
538862360 933796873 480882487 578228296
48
351654940 491029420 729325810
660307327 715724167 226335328 311229986
359
695746880 313051350 729325810
57870393 750884600 19058958 626985376
372
418087200 420462770 729325810
186379653 781550652 770156272 590434442
56
533062060 212725260 729325810
343803836 814135109 532379644 743081068
262
44428270 379153670 729325810
241367725 723569650 168557158 538278663
236
389164050 458238010 729325810
276192471 204327709 828081858 385874961
